0 0.027 17.4837 2491.34 15.6698 1.8139 0.0282725 374666 550478 3863.13 0.353726 3736.71 824040 0.0283553 12.4748 1.23964e+14 0 0 133.892 11013.8 0.605965 49.8462
1 0.0282725 17.4781 2486.01 15.6642 1.81392 0.0296049 410786 1.15277e+06 8097.63 0.406121 3736.56 824017 0.00419999 12.4749 1.23933e+14 0 0 146.76 12048 0.605759 49.7288
2 0.0296049 17.4723 2479.99 15.6584 1.81393 0.0310001 450386 1.81158e+06 12739.1 0.466275 3736.4 823994 0.00482196 12.4751 1.23902e+14 0 0 160.861 13177.9 0.605542 49.6065
3 0.0310001 17.4662 2473.71 15.6522 1.81394 0.0324611 493802 2.53212e+06 17826.6 0.535339 3736.23 823969 0.00553602 12.4753 1.23868e+14 0 0 176.315 14412.1 0.605315 49.479
4 0.0324611 17.4597 2467.17 15.6458 1.81395 0.033991 541402 3.32008e+06 23402.9 0.614631 3736.06 823944 0.00635581 12.4755 1.23833e+14 0 0 193.249 15760.1 0.605077 49.3461
5 0.033991 17.453 2460.36 15.6391 1.81397 0.0355929 593587 4.18168e+06 29514.8 0.705665 3735.87 823917 0.00729697 12.4757 1.23796e+14 0 0 211.806 17232.1 0.604828 49.2076
6 0.0355929 17.446 2453.26 15.632 1.81398 0.0372704 650800 5.12368e+06 36213.7 0.810182 3735.68 823888 0.00837747 12.4759 1.23758e+14 0 0 232.141 18839.3 0.604568 49.0634
7 0.0372704 17.4386 2445.87 15.6246 1.814 0.0390269 713525 6.15345e+06 43555.7 0.930177 3735.48 823859 0.00961793 12.4761 1.23718e+14 0 0 254.422 20593.6 0.604295 48.9132
8 0.0390269 17.4309 2438.17 15.6169 1.81402 0.0408662 782292 7.27901e+06 51602.6 1.06794 3735.27 823828 0.011042 12.4764 1.23676e+14 0 0 278.837 22508.3 0.604009 48.7568
9 0.0408662 17.4229 2430.16 15.6088 1.81403 0.0427921 857683 8.50911e+06 60421.8 1.22611 3735.05 823796 0.012677 12.4766 1.23632e+14 0 0 305.587 24597.4 0.60371 48.5941
10 0.0427921 17.4144 2421.82 15.6004 1.81405 0.0448088 940335 9.85326e+06 70087.1 1.40769 3734.82 823762 0.0145539 12.4769 1.23585e+14 0 0 334.896 26876.5 0.603398 48.4247
11 0.0448088 17.4056 2413.14 15.5915 1.81407 0.0469206 1.03095e+06 1.13218e+07 80679.5 1.61617 3734.58 823726 0.0167087 12.4771 1.23537e+14 0 0 367.007 29362.3 0.60307 48.2484
12 0.0469206 17.3964 2404.12 15.5823 1.81409 0.0491319 1.13029e+06 1.2926e+07 92287.7 1.85552 3734.33 823689 0.0191824 12.4774 1.23487e+14 0 0 402.187 32072.8 0.602728 48.0651
13 0.0491319 17.3867 2394.73 15.5726 1.81411 0.0514474 1.23919e+06 1.46781e+07 105009 2.1303 3734.06 823650 0.0220222 12.4777 1.23434e+14 0 0 440.727 35027.6 0.602369 47.8745
14 0.0514474 17.3766 2384.97 15.5624 1.81414 0.0538721 1.35858e+06 1.65915e+07 118949 2.44578 3733.78 823610 0.0252824 12.478 1.23378e+14 0 0 482.946 38248.1 0.601994 47.6763
15 0.0538721 17.366 2374.83 15.5518 1.81416 0.056411 1.48946e+06 1.86805e+07 134225 2.80796 3733.49 823567 0.0290251 12.4784 1.2332e+14 0 0 529.194 41757 0.601601 47.4704
16 0.056411 17.3549 2364.3 15.5407 1.81418 0.0590696 1.63294e+06 2.09609e+07 150964 3.22378 3733.19 823522 0.0333217 12.4787 1.2326e+14 0 0 579.854 45579.3 0.60119 47.2565
17 0.0590696 17.3433 2353.36 15.5291 1.81421 0.0618534 1.79023e+06 2.34497e+07 169306 3.70115 3732.87 823476 0.038254 12.479 1.23196e+14 0 0 635.342 49741.8 0.60076 47.0343
18 0.0618534 17.3312 2342 15.517 1.81424 0.0647685 1.96266e+06 2.61655e+07 189403 4.2492 3732.54 823427 0.0439163 12.4794 1.2313e+14 0 0 696.117 54273.3 0.60031 46.8037
19 0.0647685 17.3185 2330.21 15.5042 1.81426 0.0678209 2.15169e+06 2.91283e+07 211423 4.87839 3732.19 823375 0.0504164 12.4798 1.2306e+14 0 0 762.679 59205.1 0.59984 46.5643
20 0.0678209 17.3052 2317.98 15.4909 1.81429 0.0710172 2.3589e+06 3.23599e+07 235549 5.60072 3731.83 823322 0.0578782 12.4802 1.22987e+14 0 0 835.574 64570.9 0.599347 46.3159
21 0.0710172 17.2913 2305.29 15.477 1.81433 0.0743642 2.58604e+06 3.58838e+07 261981 6.42998 3731.45 823266 0.066444 12.4806 1.22911e+14 0 0 915.401 70406.9 0.598832 46.0584
22 0.0743642 17.2768 2292.14 15.4624 1.81436 0.0778689 2.83504e+06 3.97258e+07 290939 7.382 3731.05 823207 0.0762771 12.4811 1.22832e+14 0 0 1002.81 76752 0.598293 45.7913
23 0.0778689 17.2616 2278.51 15.4472 1.81439 0.0815387 3.10799e+06 4.39133e+07 322663 8.47495 3730.63 823145 0.0875647 12.4815 1.22748e+14 0 0 1098.53 83648.4 0.597729 45.5146
24 0.0815387 17.2457 2264.39 15.4312 1.81443 0.0853815 3.40718e+06 4.84764e+07 357415 9.72966 3730.19 823081 0.100522 12.482 1.22661e+14 0 0 1203.32 91141.1 0.597138 45.228
25 0.0853815 17.229 2249.77 15.4146 1.81447 0.0894054 3.73514e+06 5.34474e+07 395484 11.1701 3729.73 823013 0.115396 12.4825 1.22569e+14 0 0 1318.05 99278.5 0.596521 44.9313
26 0.0894054 17.2116 2234.64 15.3971 1.81451 0.0936189 4.09464e+06 5.88613e+07 437183 12.8237 3729.25 822943 0.132469 12.4831 1.22474e+14 0 0 1443.65 108113 0.595875 44.6241
27 0.0936189 17.1934 2218.98 15.3789 1.81455 0.0980311 4.48868e+06 6.4756e+07 482857 14.7221 3728.75 822869 0.152068 12.4836 1.22374e+14 0 0 1581.14 117699 0.5952 44.3064
28 0.0980311 17.1744 2202.79 15.3598 1.81459 0.102651 4.9206e+06 7.11723e+07 532882 16.9014 3728.22 822792 0.174564 12.4842 1.22269e+14 0 0 1731.62 128098 0.594494 43.9779
29 0.102651 17.1545 2186.06 15.3398 1.81464 0.107489 5.39402e+06 7.81541e+07 587670 19.4032 3727.67 822711 0.200387 12.4848 1.2216e+14 0 0 1896.33 139372 0.593755 43.6384
30 0.107489 17.1336 2168.77 15.3189 1.81468 0.112555 5.91291e+06 8.5749e+07 647671 22.2752 3727.1 822626 0.230028 12.4855 1.22045e+14 0 0 2076.58 151590 0.592982 43.2876
31 0.112555 17.1119 2150.93 15.2971 1.81473 0.117859 6.48165e+06 9.4008e+07 713377 25.5722 3726.49 822537 0.26405 12.4862 1.21925e+14 0 0 2273.82 164824 0.592174 42.9255
32 0.117859 17.0891 2132.5 15.2743 1.81479 0.123414 7.10501e+06 1.02986e+08 785326 29.357 3725.86 822444 0.303102 12.4869 1.218e+14 0 0 2489.63 179153 0.591329 42.5518
33 0.123414 17.0653 2113.5 15.2504 1.81484 0.12923 7.78821e+06 1.12743e+08 864106 33.7017 3725.2 822347 0.347925 12.4876 1.21668e+14 0 0 2725.75 194658 0.590445 42.1663
34 0.12923 17.0403 2093.91 15.2254 1.8149 0.135321 8.53699e+06 1.23342e+08 950362 38.6892 3724.51 822245 0.399373 12.4884 1.21531e+14 0 0 2984.04 211427 0.589519 41.769
35 0.135321 17.0142 2073.73 15.1992 1.81497 0.141698 9.35762e+06 1.34852e+08 1.04479e+06 44.4146 3723.78 822138 0.458422 12.4892 1.21386e+14 0 0 3266.53 229554 0.588545 41.3597
36 0.141698 16.9868 2052.95 15.1717 1.81505 0.148376 1.0257e+07 1.47345e+08 1.14817e+06 50.9868 3723.03 822027 0.526196 12.49 1.21235e+14 0 0 3575.48 249136 0.587526 40.9383
37 0.148376 16.9582 2031.56 15.1431 1.81512 0.155369 1.12426e+07 1.60902e+08 1.26133e+06 58.5311 3722.23 821910 0.603983 12.4909 1.21077e+14 0 0 3913.33 270278 0.586462 40.5046
38 0.155369 16.9283 2009.56 15.1131 1.8152 0.162691 1.23228e+07 1.75605e+08 1.38518e+06 67.1912 3721.4 821788 0.693258 12.4919 1.20912e+14 0 0 4282.73 293092 0.585349 40.0587
39 0.162691 16.897 1986.96 15.0818 1.81528 0.170358 1.35064e+07 1.91545e+08 1.52074e+06 77.1319 3720.53 821660 0.795719 12.4928 1.20739e+14 0 0 4686.59 317692 0.584185 39.6004
40 0.170358 16.8644 1963.73 15.049 1.81537 0.178387 1.48035e+07 2.08819e+08 1.66909e+06 88.5427 3719.62 821526 0.91331 12.4938 1.20558e+14 0 0 5128.06 344201 0.58297 39.1297
41 0.178387 16.8303 1939.89 15.0148 1.81547 0.186794 1.62249e+07 2.27529e+08 1.83142e+06 101.641 3718.67 821385 1.04826 12.4949 1.20368e+14 0 0 5610.55 372750 0.5817 38.6466
42 0.186794 16.7946 1915.44 14.9791 1.81556 0.195598 1.77824e+07 2.47786e+08 2.00903e+06 116.675 3717.67 821239 1.20314 12.496 1.20171e+14 0 0 6137.81 403472 0.580373 38.151
43 0.195598 16.7574 1890.37 14.9418 1.81567 0.204816 1.9489e+07 2.69707e+08 2.20335e+06 133.932 3716.63 821085 1.38087 12.4972 1.19964e+14 0 0 6713.9 436509 0.578986 37.6432
44 0.204816 16.7185 1864.7 14.9028 1.81577 0.214469 2.1359e+07 2.93416e+08 2.41592e+06 153.74 3715.54 820924 1.58483 12.4984 1.19748e+14 0 0 7343.23 472009 0.577538 37.123
45 0.214469 16.6779 1838.41 14.862 1.81589 0.224576 2.34078e+07 3.19046e+08 2.64843e+06 176.475 3714.4 820756 1.81888 12.4997 1.19522e+14 0 0 8030.6 510126 0.576025 36.5907
46 0.224576 16.6355 1811.53 14.8195 1.81601 0.23516 2.56525e+07 3.46738e+08 2.90273e+06 202.571 3713.2 820580 2.08746 12.501 1.19285e+14 0 0 8781.22 551020 0.574445 36.0463
47 0.23516 16.591 1784.06 14.7749 1.81615 0.246243 2.81118e+07 3.76641e+08 3.18082e+06 232.522 3711.95 820396 2.39565 12.5024 1.19037e+14 0 0 9600.56 594858 0.572783 35.49
48 0.246243 16.5445 1756 14.7282 1.81629 0.257848 3.08061e+07 4.08913e+08 3.48488e+06 266.899 3710.64 820203 2.74928 12.5039 1.18777e+14 0 0 10494.9 641810 0.571045 34.9221
49 0.257848 16.496 1727.38 14.6795 1.81645 0.27 3.37577e+07 4.43723e+08 3.8173e+06 306.354 3709.27 820001 3.15504 12.5055 1.18506e+14 0 0 11470.8 692054 0.569231 34.3426
50 0.27 16.4453 1698.19 14.6287 1.81661 0.282725 3.6991e+07 4.81245e+08 4.18066e+06 351.637 3707.84 819790 3.6206 12.5071 1.18222e+14 0 0 12535.7 745770 0.567338 33.7519
51 0.282725 16.3924 1668.46 14.5757 1.81678 0.296049 4.05329e+07 5.21667e+08 4.57781e+06 403.608 3706.34 819569 4.15477 12.5088 1.17926e+14 0 0 13697.3 803146 0.565363 33.1504
52 0.296049 16.3373 1638.2 14.5203 1.81696 0.310001 4.44124e+07 5.65186e+08 5.01181e+06 463.254 3704.77 819337 4.76762 12.5105 1.17616e+14 0 0 14964 864371 0.563301 32.5382
53 0.310001 16.2798 1607.43 14.4626 1.81715 0.324611 4.86618e+07 6.12006e+08 5.486e+06 531.705 3703.13 819095 5.47072 12.5124 1.17293e+14 0 0 16345 929637 0.56115 31.9159
54 0.324611 16.2198 1576.17 14.4024 1.81735 0.33991 5.33159e+07 6.62346e+08 6.00403e+06 610.262 3701.41 818842 6.27735 12.5143 1.16955e+14 0 0 17850.3 999137 0.558907 31.2837
55 0.33991 16.1569 1544.44 14.3393 1.81758 0.355929 5.8413e+07 7.16431e+08 6.56983e+06 700.413 3699.62 818577 7.2027 12.5163 1.166e+14 0 0 19489.9 1.07307e+06 0.556548 30.6423
56 0.355929 16.0913 1512.26 14.2735 1.81783 0.372704 6.3995e+07 7.74498e+08 7.1877e+06 803.868 3697.74 818300 8.2642 12.5184 1.16229e+14 0 0 21275.8 1.15163e+06 0.554088 29.992
57 0.372704 16.0229 1479.67 14.2048 1.81808 0.390269 7.01078e+07 8.36796e+08 7.8623e+06 922.587 3695.77 818010 9.48185 12.5207 1.15842e+14 0 0 23220.5 1.23501e+06 0.551524 29.3334
58 0.390269 15.9517 1446.69 14.1333 1.81835 0.408662 7.68013e+07 9.03582e+08 8.5987e+06 1058.82 3693.72 817707 10.8785 12.523 1.15438e+14 0 0 25337.4 1.3234e+06 0.548851 28.6671
59 0.408662 15.8773 1413.34 14.0587 1.81864 0.427921 8.41303e+07 9.75122e+08 9.40238e+06 1215.14 3691.57 817389 12.4806 12.5254 1.15015e+14 0 0 27640.6 1.41699e+06 0.54606 27.9937
60 0.427921 15.7996 1379.67 13.9806 1.81897 0.448088 9.21546e+07 1.0517e+09 1.02793e+07 1394.52 3689.32 817057 14.318 12.528 1.14572e+14 0 0 30145 1.51596e+06 0.543135 27.3137
61 0.448088 15.7187 1345.7 13.8994 1.81931 0.469206 1.0094e+08 1.13359e+09 1.12359e+07 1600.34 3686.96 816710 16.4252 12.5306 1.1411e+14 0 0 32867.9 1.62049e+06 0.54009 26.628
62 0.469206 15.6344 1311.47 13.8148 1.81967 0.491319 1.10557e+08 1.2211e+09 1.22791e+07 1836.49 3684.5 816347 18.8419 12.5334 1.13628e+14 0 0 35827.4 1.73073e+06 0.536919 25.9372
63 0.491319 15.5465 1277.01 13.7265 1.82006 0.514474 1.21084e+08 1.31454e+09 1.34166e+07 2107.44 3681.93 815967 21.6133 12.5363 1.13124e+14 0 0 39041.5 1.84685e+06 0.533605 25.2421
64 0.514474 15.4548 1242.37 13.6343 1.82049 0.538721 1.32606e+08 1.4142e+09 1.46564e+07 2418.31 3679.24 815569 24.7912 12.5394 1.12597e+14 0 0 42530.5 1.96898e+06 0.530144 24.5434
65 0.538721 15.3595 1207.57 13.5385 1.82095 0.56411 1.45217e+08 1.52043e+09 1.60075e+07 2774.96 3676.43 815154 28.4351 12.5426 1.12047e+14 0 0 46317.1 2.09725e+06 0.526544 23.842
66 0.56411 15.2602 1172.68 13.4387 1.82144 0.590696 1.59018e+08 1.63353e+09 1.74794e+07 3184.12 3673.49 814719 32.6131 12.5459 1.11472e+14 0 0 50423.7 2.23175e+06 0.522791 23.1387
67 0.590696 15.1566 1137.72 13.3346 1.82197 0.618534 1.7412e+08 1.75385e+09 1.90823e+07 3653.51 3670.42 814265 37.4031 12.5494 1.10872e+14 0 0 54873.7 2.37258e+06 0.518869 22.4344
68 0.618534 15.049 1102.74 13.2264 1.82254 0.647685 1.90644e+08 1.88173e+09 2.08274e+07 4191.96 3667.21 813790 42.8944 12.5531 1.10246e+14 0 0 59695.5 2.51979e+06 0.514796 21.7299
69 0.647685 14.9369 1067.78 13.1138 1.82316 0.678209 2.08722e+08 2.01749e+09 2.27266e+07 4809.63 3663.85 813293 49.1892 12.5569 1.09591e+14 0 0 64914.4 2.67343e+06 0.510545 21.0262
70 0.678209 14.8204 1032.89 12.9965 1.82383 0.710172 2.28499e+08 2.16149e+09 2.47927e+07 5518.12 3660.34 812773 56.4046 12.5609 1.08908e+14 0 0 70560.3 2.83349e+06 0.50612 20.3242
71 0.710172 14.6993 998.122 12.8747 1.82455 0.743642 2.50132e+08 2.31407e+09 2.70397e+07 6330.77 3656.67 812230 64.6747 12.5651 1.08197e+14 0 0 76664.6 2.99994e+06 0.50152 19.6249
72 0.743642 14.5732 963.513 12.7479 1.82533 0.778689 2.73792e+08 2.47557e+09 2.94824e+07 7262.83 3652.84 811663 74.1527 12.5695 1.07453e+14 0 0 83257 3.17274e+06 0.496723 18.929
73 0.778689 14.4427 929.112 12.6165 1.82616 0.815387 2.99666e+08 2.64632e+09 3.21367e+07 8331.81 3648.84 811069 85.0143 12.5741 1.06679e+14 0 0 90376.1 3.35179e+06 0.491753 18.2377
74 0.815387 14.3069 894.967 12.4798 1.82706 0.853815 3.27958e+08 2.82667e+09 3.50197e+07 9557.76 3644.65 810449 97.4603 12.5789 1.05871e+14 0 0 98052.1 3.53695e+06 0.486575 17.5518
75 0.853815 14.1661 861.121 12.3381 1.82803 0.894054 3.58891e+08 3.01694e+09 3.81498e+07 10963.6 3640.28 809801 111.721 12.584 1.0503e+14 0 0 106326 3.72805e+06 0.481207 16.8723
76 0.894054 14.0201 827.623 12.1911 1.82907 0.936189 3.92706e+08 3.21745e+09 4.15465e+07 12575.8 3635.72 809124 128.058 12.5892 1.04154e+14 0 0 115233 3.92487e+06 0.475632 16.2002
77 0.936189 13.8689 794.517 12.0387 1.83019 0.980311 4.29666e+08 3.42851e+09 4.52308e+07 14424.4 3630.95 808417 146.773 12.5947 1.03241e+14 0 0 124815 4.12716e+06 0.469851 15.5362
78 0.980311 13.7122 761.848 11.8808 1.83139 1.02651 4.70059e+08 3.65042e+09 4.92248e+07 16543.9 3625.97 807677 168.21 12.6005 1.02291e+14 0 0 135111 4.33461e+06 0.463858 14.8814
79 1.02651 13.5501 729.659 11.7174 1.83267 1.07489 5.14197e+08 3.88346e+09 5.35524e+07 18974 3620.77 806905 192.762 12.6065 1.01303e+14 0 0 146165 4.54685e+06 0.457654 14.2365
80 1.07489 13.3822 697.993 11.5482 1.83406 1.12555 5.62418e+08 4.12789e+09 5.82388e+07 21759.8 3615.34 806098 220.878 12.6128 1.00275e+14 0 0 158016 4.7635e+06 0.451226 13.6025
81 1.12555 13.209 666.889 11.3735 1.83552 1.17859 6.15094e+08 4.38396e+09 6.33108e+07 24953.5 3609.68 805256 253.072 12.6194 9.92073e+13 0 0 170714 4.9841e+06 0.444592 12.9802
82 1.17859 13.0299 636.386 11.1928 1.83711 1.23414 6.72624e+08 4.6519e+09 6.87967e+07 28614.2 3603.76 804376 289.931 12.6263 9.80964e+13 0 0 184292 5.20815e+06 0.437724 12.3702
83 1.23414 12.8452 606.522 11.0064 1.83878 1.2923 7.35446e+08 4.93189e+09 7.47266e+07 32810.1 3597.59 803457 332.125 12.6335 9.69439e+13 0 0 198805 5.4351e+06 0.430646 11.7734
84 1.2923 12.6547 577.331 10.8142 1.84056 1.35321 8.04034e+08 5.22413e+09 8.11322e+07 37619.1 3591.15 802498 380.421 12.6411 9.57475e+13 0 0 214291 5.66437e+06 0.423348 11.1904
85 1.35321 12.4585 548.847 10.6161 1.84243 1.41698 8.78901e+08 5.52875e+09 8.80468e+07 43130.1 3584.43 801497 435.692 12.649 9.45065e+13 0 0 230796 5.89531e+06 0.415835 10.6218
86 1.41698 12.2566 521.097 10.4122 1.8444 1.48376 9.60608e+08 5.84587e+09 9.55057e+07 49445.3 3577.42 800452 498.938 12.6572 9.32203e+13 0 0 248361 6.12724e+06 0.40811 10.0683
87 1.48376 12.0491 494.114 10.2027 1.84642 1.55369 1.04976e+09 6.17558e+09 1.03546e+08 56681.3 3570.11 799361 571.297 12.6659 9.18896e+13 0 0 267042 6.35941e+06 0.400197 9.53039
88 1.55369 11.8365 467.924 9.98803 1.84845 1.62691 1.14701e+09 6.51794e+09 1.12206e+08 64971.6 3562.49 798223 654.07 12.6749 9.05156e+13 0 0 286897 6.59107e+06 0.39212 9.00844
89 1.62691 11.6191 442.547 9.76871 1.8504 1.70358 1.25308e+09 6.87297e+09 1.21527e+08 74468.9 3554.54 797036 748.741 12.6843 8.91013e+13 0 0 307995 6.82139e+06 0.383917 8.50289
90 1.70358 11.3977 418.005 9.54552 1.85214 1.78387 1.36874e+09 7.24067e+09 1.31553e+08 85347.8 3546.26 795797 856.999 12.6942 8.76511e+13 0 0 330434 7.04951e+06 0.375646 8.01405
91 1.78387 11.1733 394.327 9.31994 1.85336 1.86794 1.49481e+09 7.621e+09 1.4233e+08 97808.1 3537.63 794505 980.775 12.7045 8.61747e+13 0 0 354383 7.2745e+06 0.367423 7.54218
92 1.86794 10.948 371.537 9.09443 1.85357 1.95598 1.63221e+09 8.01392e+09 1.53908e+08 112078 3528.64 793158 1172.1 12.1747 8.46891e+13 0 0 380126 7.49537e+06 0.359435 7.08739
93 1.95598 10.7268 349.685 8.87538 1.85141 2.04816 1.78191e+09 8.41941e+09 1.66347e+08 128419 3519.27 791754 1341.46 12.1812 8.32414e+13 0 0 408381 7.71091e+06 0.352175 6.64966
94 2.04816 10.5319 328.967 8.69095 1.84093 2.14469 1.94497e+09 8.83769e+09 1.79738e+08 147128 3509.51 790290 1535.08 12.188 8.20414e+13 0 0 442272 7.91887e+06 0.347843 6.22812
95 2.14469 963.026 0.29385 0 963.026 2.24576 2.12253e+09 8.8381e+09 1.52233e+09 168547 3499.35 788764 1756.39 12.195 0 0 0 1904.86 0 0.00136633 0
96 2.24576 900.652 0 0 900.652 2.3516 2.31582e+09 8.8381e+09 2.89911e+09 193065 3488.78 787174 2009.29 12.2024 0 0 0 2185.03 0 0.00142939 0
97 2.3516 841.058 0 0 841.058 2.46243 2.52616e+09 8.8381e+09 4.30883e+09 221127 3477.78 785518 2298.25 12.2101 0 0 0 2507.19 0 0.00149583 0
98 2.46243 784.222 0 0 784.222 2.57848 2.755e+09 8.8381e+09 5.7501e+09 253241 3466.33 783793 2628.32 12.2182 0 0 0 2878.22 0 0.00156609 0
99 2.57848 730.114 0 0 730.114 2.7 3.00386e+09 8.8381e+09 7.22138e+09 289985 3454.42 781997 3005.29 12.2266 0 0 0 3304.08 0 0.00163962 0
100 2.7 678.696 0 0 678.696 2.82725 3.27442e+09 8.8381e+09 8.72101e+09 332022 3442.04 780128 3435.7 12.2353 0 0 0 3794.09 0 0.00171712 0
101 2.82725 629.922 0 0 629.922 2.96049 3.56844e+09 8.8381e+09 1.02471e+10 380106 3429.17 778182 3927 12.2446 0 0 0 4361.65 0 0.0018003 0
102 2.96049 583.74 0 0 583.74 3.10001 3.88785e+09 8.8381e+09 1.17978e+10 435099 3415.8 776158 4487.72 12.2541 0 0 0 5012.79 0 0.00188701 0
103 3.10001 540.092 0 0 540.092 3.24611 4.23471e+09 8.8381e+09 1.3371e+10 497983 3401.9 774052 5127.46 12.2641 0 0 0 5768.89 0 0.00198055 0
104 3.24611 498.913 0 0 498.913 3.3991 4.61121e+09 8.8381e+09 1.49644e+10 569877 3387.48 771862 5857.17 12.2745 0 0 0 6632.78 0 0.00207677 0
105 3.3991 460.133 0 0 460.133 3.55929 5.01972e+09 8.8381e+09 1.65758e+10 652057 3372.5 769585 6689.25 12.2854 0 0 0 7630.03 0 0.00217881 0
106 3.55929 423.681 0 0 423.681 3.72704 5.46277e+09 8.8381e+09 1.82026e+10 745978 3356.96 767219 7637.83 12.2968 0 0 0 8785.61 0 0.00228805 0
107 3.72704 389.479 0 0 389.479 3.90269 5.94307e+09 8.8381e+09 1.98424e+10 853296 3340.84 764761 8718.89 12.3086 0 0 0 10115.2 0 0.00240251 0
108 3.90269 357.446 0 0 357.446 4.08662 6.46349e+09 8.8381e+09 2.14925e+10 975896 3324.13 762208 9950.58 12.321 0 0 0 11646.2 0 0.00252278 0
109 4.08662 327.5 0 0 327.5 4.27921 7.02712e+09 8.8381e+09 2.31503e+10 1.11593e+06 3306.8 759557 11353.3 12.3339 0 0 0 13373.6 0 0.00264205 0
110 4.27921 299.556 0 0 299.556 4.48088 7.63724e+09 8.8381e+09 2.48129e+10 1.27583e+06 3288.85 756806 12950.6 12.3473 0 0 0 15310 0 0.00275847 0
111 4.48088 273.528 0 0 273.528 4.69206 8.29734e+09 8.8381e+09 2.64775e+10 1.45839e+06 3270.26 753951 14768.4 12.3613 0 0 0 17507.1 0 0.00287678 0
112 4.69206 249.331 0 0 249.331 4.91319 9.01114e+09 8.8381e+09 2.81412e+10 1.66676e+06 3251.02 750991 16836.7 12.3759 0 0 0 19981 0 0.0029944 0
113 4.91319 226.876 0 0 226.876 5.14474 9.78258e+09 8.8381e+09 2.98011e+10 1.90453e+06 3231.11 747921 19189.1 12.3911 0 0 0 22802.9 0 0.00311662 0
114 5.14474 206.077 0 0 206.077 5.38721 1.06158e+10 8.8381e+09 3.14544e+10 2.1758e+06 3210.52 744741 21863.8 12.4069 0 0 0 25968.4 0 0.00323697 0
115 5.38721 186.847 0 0 186.847 5.6411 1.15153e+10 8.8381e+09 3.3098e+10 2.48518e+06 3189.23 741445 24903.4 12.4234 0 0 0 29526.8 0 0.00335667 0
116 5.6411 169.103 0 0 169.103 5.90696 1.24857e+10 8.8381e+09 3.4729e+10 2.83796e+06 3167.24 738034 28356.6 12.4407 0 0 0 33514.2 0 0.00347473 0
117 5.90696 152.758 0 0 152.758 6.18534 1.3532e+10 8.8381e+09 3.63445e+10 3.24009e+06 3144.54 734502 32277.8 12.4586 0 0 0 37934.8 0 0.003587 0
118 6.18534 137.733 0 0 137.733 6.47685 1.46594e+10 8.8381e+09 3.79416e+10 3.69836e+06 3121.11 730849 36728.7 12.4772 0 0 0 42878 0 0.00369767 0
119 6.47685 123.946 0 0 123.946 6.78209 1.58732e+10 8.8381e+09 3.95176e+10 4.22046e+06 3096.94 727071 41778.6 12.4967 0 0 0 48388.9 0 0.00380574 0
120 6.78209 111.319 0 0 111.319 7.10172 1.71794e+10 8.8381e+09 4.10695e+10 4.81508e+06 3072.02 723166 47505.5 12.5169 0 0 0 54579.1 0 0.00391489 0
121 7.10172 99.778 0 0 99.778 7.43642 1.85839e+10 8.8381e+09 4.25948e+10 5.49209e+06 3046.35 719132 53997.3 12.5379 0 0 0 61445.7 0 0.00401962 0
122 7.43642 89.2491 0 0 89.2491 7.78689 2.00931e+10 8.8381e+09 4.40907e+10 6.26266e+06 3019.93 714967 61352.4 12.5597 0 0 0 69006.1 0 0.004117 0
123 7.78689 79.6627 0 0 79.6627 8.15387 2.17135e+10 8.8381e+09 4.55548e+10 7.13942e+06 2992.73 710669 69681.4 12.5825 0 0 0 77288.1 0 0.00420539 0
124 8.15387 70.9518 0 0 70.9518 8.53815 2.3452e+10 8.8381e+09 4.69846e+10 8.13668e+06 2964.77 706235 86281.1 11.5582 0 0 0 86397 0 0.00428738 0
125 8.53815 63.0523 0 0 63.0523 8.94054 2.53159e+10 8.8381e+09 4.83777e+10 9.27059e+06 2936.04 701665 98040.5 11.5657 0 0 0 96478.3 0 0.0043664 0
126 8.94054 55.9032 0 0 55.9032 9.36189 2.73125e+10 8.8381e+09 4.97321e+10 1.05594e+07 2906.53 696956 111359 11.5735 0 0 0 107621 0 0.00444214 0
127 9.36189 49.4468 0 0 49.4468 9.80311 2.94496e+10 8.8381e+09 5.10457e+10 1.20237e+07 2876.25 692107 126437 11.5816 0 0 0 119928 0 0.00451454 0
128 9.80311 43.6282 0 0 43.6282 10.2651 3.17352e+10 8.8381e+09 5.23165e+10 1.36869e+07 2845.2 687117 143498 11.59 0 0 0 133405 0 0.00458 0
129 10.2651 38.3958 0 0 38.3958 10.7489 3.41775e+10 8.8381e+09 5.35427e+10 1.55751e+07 2813.39 681985 162793 11.5987 0 0 0 148269 0 0.0046424 0
130 10.7489 33.701 0 0 33.701 11.2555 3.6785e+10 8.8381e+09 5.47229e+10 1.77179e+07 2780.81 676710 184604 11.6077 0 0 0 164470 0 0.00469658 0
131 11.2555 29.4983 0 0 29.4983 11.7859 3.95664e+10 8.8381e+09 5.58556e+10 2.01487e+07 2747.48 671291 209245 11.617 0 0 0 182211 0 0.00474535 0
132 11.7859 25.7448 0 0 25.7448 12.3414 4.25308e+10 8.8381e+09 5.69395e+10 2.2905e+07 2713.4 665729 237068 11.6267 0 0 0 201549 0 0.00478713 0
133 12.3414 22.4009 0 0 22.4009 12.923 4.56871e+10 8.8381e+09 5.79736e+10 2.60291e+07 2678.59 660023 268466 11.6367 0 0 0 222691 0 0.00482387 0
134 12.923 19.4295 0 0 19.4295 13.5321 4.90449e+10 8.8381e+09 5.89571e+10 2.95684e+07 2643.06 654173 303881 11.6471 0 0 0 245404 0 0.00484813 0
135 13.5321 16.796 0 0 16.796 14.1698 5.26134e+10 8.8381e+09 5.98893e+10 3.35764e+07 2606.82 648180 343802 11.6578 0 0 0 269902 0 0.00486294 0
136 14.1698 14.4687 0 0 14.4687 14.8376 5.64024e+10 8.8381e+09 6.07698e+10 3.8113e+07 2569.89 642045 388778 11.6689 0 0 0 296069 0 0.00486504 0
137 14.8376 12.4179 0 0 12.4179 15.5369 6.04216e+10 8.8381e+09 6.15985e+10 4.32455e+07 2532.3 635768 439414 11.6804 0 0 0 323995 0 0.00485547 0
138 15.5369 10.6165 0 0 10.6165 16.2691 6.46807e+10 8.8381e+09 6.23752e+10 4.90495e+07 2494.06 629352 552934 10.4966 0 0 0 353556 0 0.00483227 0
139 16.2691 9.0393 0 0 9.0393 17.0358 6.91896e+10 8.8381e+09 6.31004e+10 5.56094e+07 2455.2 622796 624307 10.5076 0 0 0 384694 0 0.00479523 0
140 17.0358 7.66323 0 0 7.66323 17.8387 7.39581e+10 8.8381e+09 6.37745e+10 6.30202e+07 2415.74 616105 704519 10.5189 0 0 0 417451 0 0.00474569 0
141 17.8387 6.46711 0 0 6.46711 18.6794 7.89961e+10 8.8381e+09 6.43983e+10 7.1388e+07 2375.7 609280 794603 10.5307 0 0 0 451784 0 0.00468408 0
142 18.6794 5.43151 0 0 5.43151 19.5598 8.43134e+10 8.8381e+09 6.49727e+10 8.08313e+07 2335.13 602323 895716 10.5428 0 0 0 487545 0 0.00461007 0
143 19.5598 4.53866 0 0 4.53866 20.4816 8.99195e+10 8.8381e+09 6.5499e+10 9.1483e+07 2294.05 595237 1.00913e+06 10.5553 0 0 0 524524 0 0.00452334 0
144 20.4816 3.77233 0 0 3.77233 21.4469 9.58242e+10 8.8381e+09 6.59786e+10 1.03491e+08 2252.49 588026 1.13626e+06 10.5682 0 0 0 562842 0 0.00442669 0
145 21.4469 3.11773 0 0 3.11773 22.4576 1.02037e+11 8.8381e+09 6.64133e+10 1.17021e+08 2210.48 580693 1.27867e+06 10.5814 0 0 0 602622 0 0.00432253 0
146 22.4576 2.56142 0 0 2.56142 23.516 1.08566e+11 8.8381e+09 6.68048e+10 1.32258e+08 2168.08 573242 1.43809e+06 10.5951 0 0 0 643783 0 0.00421146 0
147 23.516 2.0912 0 0 2.0912 24.6243 1.15422e+11 8.8381e+09 6.71553e+10 1.49407e+08 2125.3 565677 1.61642e+06 10.6092 0 0 0 686537 0 0.00409598 0
148 24.6243 1.69604 0 0 1.69604 25.7848 1.22612e+11 8.8381e+09 6.7467e+10 1.68697e+08 2082.2 558003 1.89584e+06 10.175 0 0 0 730887 0 0.00397689 0
149 25.7848 1.366 0 0 1.366 27 1.30145e+11 8.8381e+09 6.77423e+10 1.90384e+08 2038.81 550224 2.12837e+06 10.1893 0 0 0 776257 0 0.00385211 0
150 27 1.09213 0 0 1.09213 28.2725 1.3803e+11 8.8381e+09 6.79836e+10 2.1475e+08 1995.17 542345 2.38795e+06 10.204 0 0 0 822840 0 0.00372399 0
151 28.2725 0.866455 0 0 0.866455 29.6049 1.46273e+11 8.8381e+09 6.81935e+10 2.42112e+08 1951.33 534371 2.67752e+06 10.2191 0 0 0 870321 0 0.0035923 0
152 29.6049 0.681846 0 0 0.681846 31.0001 1.54882e+11 8.8381e+09 6.83747e+10 2.7282e+08 1907.33 526308 3.00033e+06 10.2347 0 0 0 918265 0 0.0034567 0
153 31.0001 0.532004 0 0 0.532004 32.4611 1.63863e+11 8.8381e+09 6.85296e+10 3.07261e+08 1863.22 518161 3.35991e+06 10.2507 0 0 0 967120 0 0.00332027 0
154 32.4611 0.411379 0 0 0.411379 33.991 1.73223e+11 8.8381e+09 6.8661e+10 3.45867e+08 1819.04 509937 3.7602e+06 10.2671 0 0 0 1.01557e+06 0 0.00317981 0
155 33.991 0.315116 0 0 0.315116 35.5929 1.82968e+11 8.8381e+09 6.87714e+10 3.89116e+08 1774.83 501641 4.20546e+06 10.2839 0 0 0 1.06371e+06 0 0.00303749 0
156 35.5929 0.238997 0 0 0.238997 37.2704 1.93103e+11 8.8381e+09 6.88631e+10 4.37535e+08 1730.64 493279 4.70037e+06 10.3012 0 0 0 1.11247e+06 0 0.00289723 0
157 37.2704 0.179389 0 0 0.179389 39.0269 2.03632e+11 8.8381e+09 6.89387e+10 4.91711e+08 1686.51 484859 5.2501e+06 10.319 0 0 0 1.16053e+06 0 0.00275644 0
158 39.0269 0.133184 0 0 0.133184 40.8662 2.14561e+11 8.8381e+09 6.90001e+10 5.5229e+08 1642.5 476386 5.86025e+06 10.3372 0 0 0 1.20756e+06 0 0.00261579 0
159 40.8662 0.0977526 0 0 0.0977526 42.7921 2.25891e+11 8.8381e+09 6.90496e+10 6.19987e+08 1598.64 467867 6.53701e+06 10.3559 0 0 0 1.25331e+06 0 0.00247602 0
160 42.7921 0.0708891 0 0 0.0708891 44.8088 2.37627e+11 8.8381e+09 6.9089e+10 6.9559e+08 1554.98 459309 7.28702e+06 10.375 0 0 0 1.29718e+06 0 0.00233719 0
161 44.8088 0.0507633 0 0 0.0507633 46.9206 2.49771e+11 8.8381e+09 6.91199e+10 7.7997e+08 1511.56 450718 8.11767e+06 10.3946 0 0 0 1.33862e+06 0 0.00219964 0
162 46.9206 0.0358732 0 0 0.0358732 49.1319 2.62325e+11 8.8381e+09 6.91438e+10 8.74086e+08 1468.42 442102 8.84407e+06 10.6418 0 0 0 1.37711e+06 0 0.00206377 0
163 49.1319 0.0250013 0 0 0.0250013 51.4474 2.75289e+11 8.8381e+09 6.91621e+10 9.78996e+08 1425.61 433467 9.83886e+06 10.6628 0 0 0 1.41491e+06 0 0.00193385 0
164 51.4474 0.0171725 0 0 0.0171725 53.8721 2.88665e+11 8.8381e+09 6.91759e+10 1.09586e+09 1383.17 424820 1.09381e+07 10.6843 0 0 0 1.44599e+06 0 0.00180243 0
165 53.8721 0.0116165 0 0 0.0116165 56.411 3.02452e+11 8.8381e+09 6.91861e+10 1.22597e+09 1341.13 416168 1.21519e+07 10.7063 0 0 0 1.47602e+06 0 0.00167798 0
166 56.411 0.00773334 0 0 0.00773334 59.0696 3.1665e+11 8.8381e+09 6.91936e+10 1.37071e+09 1299.53 407517 1.34911e+07 10.7289 0 0 0 1.50147e+06 0 0.00155672 0
167 59.0696 0.00506262 0 0 0.00506262 61.8534 3.31258e+11 8.8381e+09 6.91989e+10 1.53164e+09 1258.41 398874 1.49676e+07 10.7519 0 0 0 1.52146e+06 0 0.00143864 0
168 61.8534 0.00325648 0 0 0.00325648 64.7685 3.46275e+11 8.8381e+09 6.92027e+10 1.71045e+09 1217.8 390247 1.67272e+07 10.6898 0 0 0 1.53497e+06 0 0.00132371 0
169 64.7685 0.00205644 0 0 0.00205644 67.8209 3.61697e+11 8.8381e+09 6.92053e+10 1.909e+09 1177.74 381641 1.86983e+07 10.6185 0 0 0 1.54141e+06 0 0.0012123 0
170 67.8209 0.00127379 0 0 0.00127379 71.0172 3.77523e+11 8.8381e+09 6.92071e+10 2.12932e+09 1138.25 373062 2.08907e+07 10.5463 0 0 0 1.54688e+06 0 0.00110956 0
171 71.0172 0.000773196 0 0 0.000773196 74.3642 3.93748e+11 8.8381e+09 6.92083e+10 2.37364e+09 1099.37 364518 2.33281e+07 10.4733 0 0 0 1.53935e+06 0 0.00100701 0
172 74.3642 0.000459482 0 0 0.000459482 77.8689 4.10371e+11 8.8381e+09 6.9209e+10 2.6444e+09 1061.13 356014 2.60361e+07 10.3994 0 0 0 1.52953e+06 0 0.00091254 0
173 77.8689 0.000267052 0 0 0.000267052 81.5387 4.27385e+11 8.8381e+09 6.92095e+10 2.94426e+09 1023.54 347555 3.23516e+07 9.2688 0 0 0 1.51136e+06 0 0.000822359 0
174 81.5387 0.000151639 0 0 0.000151639 85.3815 4.44788e+11 8.8381e+09 6.92098e+10 3.27613e+09 986.627 339149 3.60691e+07 9.20097 0 0 0 1.48551e+06 0 0.000737174 0
175 85.3815 8.40289e-05 0 0 8.40289e-05 89.4054 4.62573e+11 8.8381e+09 6.921e+10 3.64318e+09 950.419 330800 4.01924e+07 9.13244 0 0 0 1.45049e+06 0 0.000656459 0
176 89.4054 4.53886e-05 0 0 4.53886e-05 93.6189 4.80736e+11 8.8381e+09 6.92101e+10 4.04888e+09 914.933 322514 4.47634e+07 9.0632 0 0 0 1.40632e+06 0 0.000580468 0
177 93.6189 2.38691e-05 0 0 2.38691e-05 98.0311 4.99271e+11 8.8381e+09 6.92102e+10 4.497e+09 880.185 314295 5.936e+07 7.5491 0 0 0 1.36349e+06 0 0.000513271 0
178 98.0311 1.22052e-05 0 0 1.22052e-05 102.651 5.18171e+11 8.8381e+09 6.92102e+10 4.99163e+09 846.189 306149 6.67376e+07 7.4116 0 0 0 1.30325e+06 0 0.000447426 0
179 102.651 6.06035e-06 0 0 6.06035e-06 107.489 5.37432e+11 8.8381e+09 6.92102e+10 5.53724e+09 812.96 298081 7.50055e+07 7.27431 0 0 0 1.24758e+06 0 0.000390628 0
180 107.489 2.91801e-06 0 0 2.91801e-06 112.555 5.57045e+11 8.8381e+09 6.92102e+10 6.13868e+09 780.509 290095 8.42669e+07 7.13734 0 0 0 1.18799e+06 0 0.00033924 0
181 112.555 1.36045e-06 0 0 1.36045e-06 117.859 5.77005e+11 8.8381e+09 6.92102e+10 6.80122e+09 748.844 282195 9.46377e+07 7.00072 0 0 0 1.12386e+06 0 0.000292688 0
182 117.859 6.13231e-07 0 0 6.13231e-07 123.414 5.97305e+11 8.8381e+09 6.92103e+10 7.53055e+09 717.973 274385 1.30407e+08 5.59274 0 0 0 1.06198e+06 0 0.000252237 0
183 123.414 2.66821e-07 0 0 2.66821e-07 129.23 6.17936e+11 8.8381e+09 6.92103e+10 8.33285e+09 687.902 266669 1.48028e+08 5.42 0 0 0 997218 0 0.000216015 0
184 129.23 1.11878e-07 0 0 1.11878e-07 135.321 6.38893e+11 8.8381e+09 6.92103e+10 9.21484e+09 658.634 259051 1.68e+08 5.2499 0 0 0 932140 0 0.000184151 0
185 135.321 4.51281e-08 0 0 4.51281e-08 141.698 6.60167e+11 8.8381e+09 6.92103e+10 1.01837e+10 630.172 251533 1.90631e+08 5.08254 0 0 0 876484 0 0.00015792 0
186 141.698 1.74796e-08 0 0 1.74796e-08 148.376 6.81752e+11 8.8381e+09 6.92103e+10 1.12473e+10 602.515 244118 2.35763e+08 4.51137 0 0 0 809241 0 0.000132975 0
187 148.376 6.48894e-09 0 0 6.48894e-09 155.369 7.03639e+11 8.8381e+09 6.92103e+10 1.24141e+10 575.663 236810 2.6742e+08 4.36305 0 0 0 751795 0 0.000112666 0
188 155.369 2.30413e-09 0 0 2.30413e-09 162.691 7.25821e+11 8.8381e+09 6.92103e+10 1.36931e+10 549.614 229611 3.03271e+08 4.21737 0 0 0 689736 0 9.42706e-05 0
189 162.691 7.80958e-10 0 0 7.80958e-10 170.358 7.4829e+11 8.8381e+09 6.92103e+10 1.50941e+10 524.362 222524 3.35307e+08 4.17835 0 0 0 625670 0 7.799e-05 0
190 170.358 2.52108e-10 0 0 2.52108e-10 178.387 7.71039e+11 8.8381e+09 6.92103e+10 1.66277e+10 499.904 215549 3.72915e+08 4.11237 0 0 0 556454 0 6.32591e-05 0
191 178.387 7.73386e-11 0 0 7.73386e-11 186.794 7.9406e+11 8.8381e+09 6.92103e+10 1.83051e+10 476.232 208690 4.14539e+08 4.0464 0 0 0 491234 0 5.09309e-05 0
192 186.794 2.24915e-11 0 0 2.24915e-11 195.598 8.17345e+11 8.8381e+09 6.92103e+10 2.01384e+10 453.338 201947 4.60575e+08 3.9805 0 0 0 427662 0 4.04384e-05 0
193 195.598 6.18543e-12 0 0 6.18543e-12 204.816 8.40886e+11 8.8381e+09 6.92103e+10 2.21406e+10 431.215 195322 4.59159e+08 4.3606 0 0 0 372123 0 3.20908e-05 0
194 204.816 1.60441e-12 0 0 1.60441e-12 214.469 8.64677e+11 8.8381e+09 6.92103e+10 2.43256e+10 409.851 188816 5.09627e+08 4.28735 0 0 0 306110 0 2.40753e-05 0
195 214.469 3.91442e-13 0 0 3.91442e-13 224.576 8.88709e+11 8.8381e+09 6.92103e+10 2.67081e+10 389.237 182431 5.65341e+08 4.21424 0 0 0 239123 0 1.7152e-05 0
196 224.576 8.95745e-14 0 0 8.95745e-14 235.16 9.12975e+11 8.8381e+09 6.92103e+10 2.93038e+10 369.361 176166 5.63772e+08 4.60429 0 0 0 169655 0 1.10984e-05 0
197 235.16 1.91675e-14 0 0 1.91675e-14 246.243 9.37468e+11 8.8381e+09 6.92103e+10 3.21296e+10 350.21 170023 6.29175e+08 4.4913 0 0 0 103897 0 6.19864e-06 0
198 246.243 3.82337e-15 0 0 3.82337e-15 257.848 9.6218e+11 8.8381e+09 6.92103e+10 3.52033e+10 331.772 164002 7.0185e+08 4.37936 0 0 0 35048.2 0 1.90704e-06 0
199 257.848 7.08602e-16 0 0 7.08602e-16 270 9.87105e+11 8.8381e+09 6.92103e+10 3.52033e+10 0 0 0 0 0 0 0 0 0 0 0
