0 0.027 118.924 6536.03 118.924 1.21998e-10 0.0282725 479820 1.44418e+06 26277 4362.64 4.54298e+07 70730.4 2.95817e+07 2.25274e-07 2.35397e+15 0 0 1.83556e+14 1.12211e+14 8.30736e+11 5.07843e+11
1 0.0282725 118.916 6535.7 118.916 1.2199e-10 0.0296049 526090 3.02761e+06 55087.3 4979.23 4.39723e+07 72805.7 3.99271e+06 2.40366e-07 2.35344e+15 0 0 2.0125e+14 1.23007e+14 8.3067e+11 5.07719e+11
2 0.0296049 118.908 6526.57 118.908 1.21994e-10 0.0310001 576821 4.76138e+06 86674.9 5664.43 4.25601e+07 74940.1 4.23732e+06 2.50666e-07 2.35289e+15 0 0 2.20648e+14 1.3484e+14 8.30602e+11 5.07589e+11
3 0.0310001 118.899 6517.05 118.899 1.21999e-10 0.0324611 632443 6.65965e+06 121307 6425.85 4.11915e+07 77135 4.49673e+06 2.61415e-07 2.35231e+15 0 0 2.41914e+14 1.4781e+14 8.3053e+11 5.07453e+11
4 0.0324611 118.89 6507.14 118.89 1.22002e-10 0.033991 693426 8.73789e+06 159278 7271.93 3.98654e+07 79392 4.77183e+06 2.72634e-07 2.3517e+15 0 0 2.6523e+14 1.62025e+14 8.30455e+11 5.07311e+11
5 0.033991 118.88 6496.82 118.88 1.22006e-10 0.0355929 760289 1.1013e+07 200909 8212.05 3.85805e+07 81713 5.06356e+06 2.84332e-07 2.35106e+15 0 0 2.90791e+14 1.77604e+14 8.30376e+11 5.07162e+11
6 0.0355929 118.87 6486.07 118.87 1.22009e-10 0.0372704 833596 1.35035e+07 246553 9256.61 3.73354e+07 84099.4 5.37291e+06 3.03734e-07 2.3504e+15 0 0 3.18815e+14 1.94679e+14 8.30294e+11 5.07006e+11
7 0.0372704 118.86 6474.88 118.86 1.22011e-10 0.0390269 913970 1.62296e+07 296596 10417.2 3.6129e+07 86553.2 5.70091e+06 3.24462e-07 2.3497e+15 0 0 3.49537e+14 2.13393e+14 8.30207e+11 5.06843e+11
8 0.0390269 118.849 6463.24 118.849 1.22013e-10 0.0408662 1.00209e+06 1.92133e+07 351462 11706.6 3.496e+07 89076 6.04868e+06 3.46609e-07 2.34897e+15 0 0 3.83218e+14 2.33902e+14 8.30117e+11 5.06672e+11
9 0.0408662 118.838 6451.12 118.838 1.22015e-10 0.0427921 1.0987e+06 2.24788e+07 411615 13139 3.38275e+07 91669.7 6.41739e+06 3.74905e-07 2.3482e+15 0 0 4.20142e+14 2.56378e+14 8.30022e+11 5.06494e+11
10 0.0427921 118.826 6438.51 118.826 1.22015e-10 0.0448088 1.20463e+06 2.60523e+07 477566 14730.4 3.27301e+07 94336.1 6.80827e+06 4.05495e-07 2.3474e+15 0 0 4.60622e+14 2.81009e+14 8.29923e+11 5.06306e+11
11 0.0448088 118.813 6425.4 118.813 1.22016e-10 0.0469206 1.32076e+06 2.99625e+07 549871 16498.1 3.1667e+07 97077.1 7.22263e+06 4.38579e-07 2.34657e+15 0 0 5.04998e+14 3.08001e+14 8.29819e+11 5.0611e+11
12 0.0469206 118.8 6411.76 118.8 1.22015e-10 0.0491319 1.44809e+06 3.42409e+07 629143 18461.8 3.06369e+07 99894.8 7.66186e+06 4.74362e-07 2.34569e+15 0 0 5.53647e+14 3.37579e+14 8.2971e+11 5.05905e+11
13 0.0491319 118.786 6397.59 118.786 1.22014e-10 0.0514474 1.58768e+06 3.89218e+07 716054 20642.9 2.9639e+07 102791 8.12741e+06 5.06528e-07 2.34477e+15 0 0 6.06979e+14 3.69991e+14 8.29596e+11 5.05691e+11
14 0.0514474 118.772 6382.85 118.772 1.22026e-10 0.0538721 1.74073e+06 4.40424e+07 811338 23065.5 2.86722e+07 105768 8.62085e+06 5.41613e-07 2.34381e+15 0 0 6.65443e+14 4.05507e+14 8.29477e+11 5.05466e+11
15 0.0538721 118.756 6367.55 118.756 1.22024e-10 0.056411 1.90852e+06 4.96435e+07 915801 25756.1 2.77356e+07 108827 9.14379e+06 5.79132e-07 2.34281e+15 0 0 7.29534e+14 4.44423e+14 8.29352e+11 5.05231e+11
16 0.056411 118.741 6351.65 118.741 1.2202e-10 0.0590696 2.09247e+06 5.57698e+07 1.03033e+06 28744.3 2.68283e+07 111972 9.69798e+06 6.19259e-07 2.34176e+15 0 0 7.99792e+14 4.87063e+14 8.29221e+11 5.04985e+11
17 0.0590696 118.724 6335.13 118.724 1.2203e-10 0.0618534 2.29415e+06 6.24696e+07 1.15589e+06 32062.8 2.59493e+07 115203 1.02852e+07 6.5211e-07 2.34066e+15 0 0 8.76809e+14 5.33781e+14 8.29084e+11 5.04727e+11
18 0.0618534 118.707 6317.99 118.707 1.22038e-10 0.0647685 2.51526e+06 6.97959e+07 1.29354e+06 35747.9 2.50978e+07 118523 1.09075e+07 6.85833e-07 2.3395e+15 0 0 9.61236e+14 5.84967e+14 8.2894e+11 5.04458e+11
19 0.0647685 118.688 6300.2 118.688 1.22033e-10 0.0678209 2.75766e+06 7.78064e+07 1.44445e+06 39839.9 2.4273e+07 121935 1.15668e+07 7.21322e-07 2.3383e+15 0 0 1.05378e+15 6.41045e+14 8.2879e+11 5.04176e+11
20 0.0678209 118.669 6281.73 118.669 1.22039e-10 0.0710172 3.02342e+06 8.6564e+07 1.60989e+06 44383.6 2.34741e+07 125441 1.22653e+07 7.58671e-07 2.33704e+15 0 0 1.15523e+15 7.0248e+14 8.28632e+11 5.0388e+11
21 0.0710172 118.649 6262.58 118.649 1.22045e-10 0.0743642 3.31476e+06 9.61373e+07 1.79126e+06 49428.4 2.27001e+07 129042 1.30052e+07 7.75129e-07 2.33572e+15 0 0 1.26643e+15 7.69782e+14 8.28467e+11 5.03571e+11
22 0.0743642 118.628 6242.72 118.628 1.2205e-10 0.0778689 3.63417e+06 1.06601e+08 1.9901e+06 55029.3 2.19505e+07 132742 1.3789e+07 8.10532e-07 2.33433e+15 0 0 1.38833e+15 8.43507e+14 8.28294e+11 5.03248e+11
23 0.0778689 118.606 6222.13 118.606 1.22054e-10 0.0815387 3.98433e+06 1.18036e+08 2.20807e+06 61247.3 2.12245e+07 136543 1.46193e+07 8.47586e-07 2.33289e+15 0 0 1.52194e+15 9.24265e+14 8.28113e+11 5.0291e+11
24 0.0815387 118.583 6200.79 118.583 1.22056e-10 0.0853815 4.3682e+06 1.30532e+08 2.44704e+06 68150 2.05212e+07 140448 1.54986e+07 8.8637e-07 2.33137e+15 0 0 1.66839e+15 1.01272e+15 8.27924e+11 5.02556e+11
25 0.0853815 118.559 6178.68 118.559 1.22058e-10 0.0894054 4.78904e+06 1.44184e+08 2.709e+06 75812.3 1.98401e+07 144458 1.64298e+07 9.36404e-07 2.32979e+15 0 0 1.82891e+15 1.10961e+15 8.27725e+11 5.02185e+11
26 0.0894054 118.534 6155.78 118.534 1.22058e-10 0.0936189 5.25039e+06 1.59098e+08 2.99618e+06 84317.3 1.91805e+07 148577 1.7416e+07 9.90651e-07 2.32813e+15 0 0 2.00486e+15 1.21572e+15 8.27517e+11 5.01797e+11
27 0.0936189 118.507 6132.06 118.507 1.2207e-10 0.0980311 5.75614e+06 1.75387e+08 3.31099e+06 93757.1 1.85416e+07 152807 1.84602e+07 1.04807e-06 2.3264e+15 0 0 2.1977e+15 1.33194e+15 8.27299e+11 5.01392e+11
28 0.0980311 118.48 6107.52 118.48 1.22068e-10 0.102651 6.31057e+06 1.93177e+08 3.65609e+06 104234 1.79229e+07 157151 1.95657e+07 1.10885e-06 2.32458e+15 0 0 2.40907e+15 1.4592e+15 8.2707e+11 5.00967e+11
29 0.102651 118.451 6082.12 118.451 1.22078e-10 0.107489 6.91836e+06 2.12602e+08 4.0344e+06 115860 1.73237e+07 161612 2.07362e+07 1.17209e-06 2.32268e+15 0 0 2.64073e+15 1.59857e+15 8.26831e+11 5.00523e+11
30 0.107489 118.42 6055.85 118.42 1.22086e-10 0.112555 7.58463e+06 2.33809e+08 4.4491e+06 128763 1.67435e+07 166192 2.19753e+07 1.24013e-06 2.3207e+15 0 0 2.89462e+15 1.75117e+15 8.2658e+11 5.00059e+11
31 0.112555 118.388 6028.68 118.388 1.22092e-10 0.117859 8.31501e+06 2.56958e+08 4.90369e+06 143079 1.61816e+07 170894 2.32868e+07 1.31215e-06 2.31862e+15 0 0 3.17288e+15 1.91825e+15 8.26317e+11 4.99573e+11
32 0.117859 118.355 6000.59 118.355 1.22097e-10 0.123414 9.11565e+06 2.82222e+08 5.40199e+06 158964 1.56375e+07 175721 2.46749e+07 1.3884e-06 2.31644e+15 0 0 3.47783e+15 2.10118e+15 8.26042e+11 4.99065e+11
33 0.123414 118.32 5971.56 118.32 1.22101e-10 0.12923 9.99329e+06 3.09789e+08 5.9482e+06 176588 1.51107e+07 180676 2.6144e+07 1.47387e-06 2.31417e+15 0 0 3.81204e+15 2.30144e+15 8.25754e+11 4.98533e+11
34 0.12923 118.283 5941.57 118.283 1.22102e-10 0.135321 1.09553e+07 3.39864e+08 6.54693e+06 196139 1.46005e+07 185763 2.76986e+07 1.5683e-06 2.31179e+15 0 0 4.17829e+15 2.52067e+15 8.25452e+11 4.97977e+11
35 0.135321 118.245 5910.61 118.245 1.22115e-10 0.141698 1.20099e+07 3.72669e+08 7.20321e+06 217828 1.41066e+07 190983 2.93435e+07 1.66883e-06 2.3093e+15 0 0 4.57964e+15 2.76063e+15 8.25135e+11 4.97395e+11
36 0.141698 118.205 5878.63 118.205 1.22126e-10 0.148376 1.31659e+07 4.08445e+08 7.92256e+06 241886 1.36284e+07 196340 3.10838e+07 1.77584e-06 2.3067e+15 0 0 5.01946e+15 3.02326e+15 8.24804e+11 4.96786e+11
37 0.148376 118.162 5845.64 118.162 1.22135e-10 0.155369 1.44329e+07 4.47451e+08 8.71103e+06 268570 1.31654e+07 201838 3.29248e+07 1.8578e-06 2.30397e+15 0 0 5.50141e+15 3.3107e+15 8.24456e+11 4.9615e+11
38 0.155369 118.118 5811.59 118.118 1.22141e-10 0.162691 1.58218e+07 4.89972e+08 9.57525e+06 298164 1.27172e+07 207478 3.48722e+07 2.00956e-06 2.30113e+15 0 0 6.02951e+15 3.62524e+15 8.24092e+11 4.95484e+11
39 0.162691 118.072 5776.48 118.072 1.22146e-10 0.170358 1.73441e+07 5.36314e+08 1.05225e+07 330984 1.22832e+07 213266 3.69319e+07 2.1737e-06 2.29815e+15 0 0 6.60817e+15 3.96941e+15 8.23711e+11 4.94789e+11
40 0.170358 118.023 5740.28 118.023 1.22148e-10 0.178387 1.90127e+07 5.86808e+08 1.15607e+07 367376 1.18631e+07 219203 3.91101e+07 2.35123e-06 2.29503e+15 0 0 7.2422e+15 4.34597e+15 8.23311e+11 4.94061e+11
41 0.178387 117.972 5702.97 117.972 1.22161e-10 0.186794 2.08415e+07 6.41813e+08 1.26985e+07 407729 1.14565e+07 225293 4.14134e+07 2.63921e-06 2.29178e+15 0 0 7.93687e+15 4.75793e+15 8.22892e+11 4.933e+11
42 0.186794 117.919 5664.53 117.919 1.22171e-10 0.195598 2.2846e+07 7.01719e+08 1.39456e+07 452467 1.10629e+07 231539 4.38487e+07 3.03245e-06 2.28837e+15 0 0 8.69796e+15 5.20855e+15 8.22453e+11 4.92505e+11
43 0.195598 117.863 5624.93 117.863 1.22178e-10 0.204816 2.50429e+07 7.66946e+08 1.53123e+07 502065 1.06818e+07 237945 4.64232e+07 3.48384e-06 2.28481e+15 0 0 9.53179e+15 5.70142e+15 8.21993e+11 4.91673e+11
44 0.204816 117.804 5584.15 117.804 1.22196e-10 0.214469 2.74508e+07 8.37947e+08 1.68101e+07 557045 1.03131e+07 244514 4.91447e+07 4.0019e-06 2.28109e+15 0 0 1.04453e+16 6.24043e+15 8.2151e+11 4.90804e+11
45 0.214469 117.742 5542.18 117.742 1.22197e-10 0.224576 3.00897e+07 9.15212e+08 1.84516e+07 617985 9.95612e+06 251250 5.2021e+07 4.48964e-06 2.2772e+15 0 0 1.1446e+16 6.82983e+15 8.21005e+11 4.89895e+11
46 0.224576 117.678 5498.99 117.678 1.22209e-10 0.23516 3.29819e+07 9.99272e+08 2.02505e+07 685527 9.61067e+06 258156 5.50608e+07 5.38439e-06 2.27313e+15 0 0 1.25422e+16 7.47424e+15 8.20475e+11 4.88946e+11
47 0.23516 117.61 5454.57 117.61 1.2223e-10 0.246243 3.61514e+07 1.0907e+09 2.22218e+07 760377 9.27634e+06 265235 5.82727e+07 6.45591e-06 2.26888e+15 0 0 1.37429e+16 8.17871e+15 8.1992e+11 4.87953e+11
48 0.246243 117.539 5408.89 117.539 1.22235e-10 0.257848 3.96249e+07 1.1901e+09 2.4382e+07 843318 8.95279e+06 272491 6.16662e+07 7.73876e-06 2.26444e+15 0 0 1.50581e+16 8.94872e+15 8.19338e+11 4.86916e+11
49 0.257848 117.465 5361.91 117.465 1.22248e-10 0.27 4.34314e+07 1.29815e+09 2.67491e+07 935218 8.6397e+06 279927 6.52511e+07 9.27421e-06 2.25979e+15 0 0 1.64986e+16 9.79024e+15 8.18728e+11 4.85833e+11
50 0.27 117.387 5313.66 117.387 1.22272e-10 0.282725 4.76028e+07 1.41556e+09 2.93428e+07 1.03703e+06 8.33674e+06 287548 6.90375e+07 1.12699e-05 2.25494e+15 0 0 1.80762e+16 1.07098e+16 8.18089e+11 4.847e+11
51 0.282725 117.305 5264.11 117.305 1.22278e-10 0.296049 5.21738e+07 1.5431e+09 3.21848e+07 1.14982e+06 8.04359e+06 295356 7.30363e+07 1.33551e-05 2.24987e+15 0 0 1.98039e+16 1.17144e+16 8.17419e+11 4.83518e+11
52 0.296049 117.219 5213.26 117.219 1.22292e-10 0.310001 5.71826e+07 1.68159e+09 3.52987e+07 1.27475e+06 7.75995e+06 303356 7.72587e+07 1.58223e-05 2.24457e+15 0 0 2.16959e+16 1.28117e+16 8.16716e+11 4.82282e+11
53 0.310001 117.129 5161.1 117.129 1.22315e-10 0.324611 6.26711e+07 1.83192e+09 3.87104e+07 1.41312e+06 7.48552e+06 311550 8.17167e+07 1.87408e-05 2.23904e+15 0 0 2.37676e+16 1.40102e+16 8.15979e+11 4.80992e+11
54 0.324611 117.035 5107.61 117.035 1.22334e-10 0.33991 6.86848e+07 1.99505e+09 4.24483e+07 1.56636e+06 7.22003e+06 319942 8.64227e+07 2.17275e-05 2.23326e+15 0 0 2.6036e+16 1.53189e+16 8.15207e+11 4.79645e+11
55 0.33991 116.936 5052.79 116.936 1.22347e-10 0.355929 7.52739e+07 2.17199e+09 4.65433e+07 1.73603e+06 6.96319e+06 328537 9.13896e+07 2.45179e-05 2.22723e+15 0 0 2.85196e+16 1.67475e+16 8.14397e+11 4.78238e+11
56 0.355929 116.832 4996.63 116.832 1.22368e-10 0.372704 8.24933e+07 2.36385e+09 5.10294e+07 1.9239e+06 6.71473e+06 337338 9.66311e+07 2.76634e-05 2.22093e+15 0 0 3.12385e+16 1.83069e+16 8.13548e+11 4.76769e+11
57 0.372704 116.723 4939.13 116.723 1.22384e-10 0.390269 9.04028e+07 2.5718e+09 5.59437e+07 2.13187e+06 6.47439e+06 346347 1.02162e+08 3.12082e-05 2.21435e+15 0 0 3.42148e+16 2.00086e+16 8.12657e+11 4.75236e+11
58 0.390269 116.609 4880.27 116.609 1.22406e-10 0.408662 9.90682e+07 2.79709e+09 6.13269e+07 2.36209e+06 6.24193e+06 355570 1.07996e+08 3.59676e-05 2.20748e+15 0 0 3.74727e+16 2.18651e+16 8.11724e+11 4.73636e+11
59 0.408662 116.489 4820.06 116.489 1.22423e-10 0.427921 1.08561e+08 3.04108e+09 6.72234e+07 2.61689e+06 6.01709e+06 365009 1.1415e+08 3.93189e-05 2.20031e+15 0 0 4.10384e+16 2.38901e+16 8.10745e+11 4.71966e+11
60 0.427921 116.363 4758.51 116.363 1.22445e-10 0.448088 1.18961e+08 3.30518e+09 7.36817e+07 2.89887e+06 5.79964e+06 374668 1.20639e+08 4.29805e-05 2.19282e+15 0 0 4.49407e+16 2.60982e+16 8.09718e+11 4.70223e+11
61 0.448088 116.231 4695.6 116.231 1.22461e-10 0.469206 1.30352e+08 3.59094e+09 8.07551e+07 3.21089e+06 5.58935e+06 384550 1.27482e+08 4.69813e-05 2.18501e+15 0 0 4.9211e+16 2.85055e+16 8.08641e+11 4.68406e+11
62 0.469206 116.093 4631.36 116.093 1.22496e-10 0.491319 1.42831e+08 3.89998e+09 8.85017e+07 3.55609e+06 5.38599e+06 394660 1.34696e+08 5.13524e-05 2.17687e+15 0 0 5.38834e+16 3.11292e+16 8.07511e+11 4.6651e+11
63 0.491319 115.947 4565.78 115.947 1.22523e-10 0.514474 1.56499e+08 4.23404e+09 9.69851e+07 3.93798e+06 5.18936e+06 405000 1.42299e+08 5.3866e-05 2.16837e+15 0 0 5.89953e+16 3.39878e+16 8.06327e+11 4.64533e+11
64 0.514474 115.794 4498.88 115.794 1.22541e-10 0.538721 1.71469e+08 4.59496e+09 1.06275e+08 4.36037e+06 4.99923e+06 415574 1.50311e+08 5.73744e-05 2.15951e+15 0 0 6.45874e+16 3.71015e+16 8.05084e+11 4.62471e+11
65 0.538721 115.634 4430.67 115.634 1.22564e-10 0.56411 1.87864e+08 4.9847e+09 1.16446e+08 4.82751e+06 4.81541e+06 426385 1.58753e+08 6.1114e-05 2.15026e+15 0 0 7.0704e+16 4.0492e+16 8.0378e+11 4.60323e+11
66 0.56411 115.466 4361.17 115.466 1.22604e-10 0.590696 2.0582e+08 5.40534e+09 1.27583e+08 5.34407e+06 4.63771e+06 437436 1.67646e+08 6.51005e-05 2.14063e+15 0 0 7.73935e+16 4.41826e+16 8.02413e+11 4.58083e+11
67 0.590696 115.289 4290.39 115.289 1.22634e-10 0.618534 2.25483e+08 5.85907e+09 1.39776e+08 5.91519e+06 4.46592e+06 448732 1.77011e+08 6.93531e-05 2.13058e+15 0 0 8.47086e+16 4.81984e+16 8.00978e+11 4.5575e+11
68 0.618534 115.104 4218.37 115.104 1.22667e-10 0.647685 2.47015e+08 6.34823e+09 1.53123e+08 6.54654e+06 4.29987e+06 460273 1.86872e+08 7.38841e-05 2.12012e+15 0 0 9.27065e+16 5.25666e+16 7.99473e+11 4.53319e+11
69 0.647685 114.909 4145.12 114.909 1.22689e-10 0.678209 2.70592e+08 6.87527e+09 1.67734e+08 7.24437e+06 4.13937e+06 472065 1.97253e+08 7.87151e-05 2.10921e+15 0 0 1.0145e+17 5.73163e+16 7.97894e+11 4.50787e+11
70 0.678209 114.705 4070.68 114.705 1.22725e-10 0.710172 2.96406e+08 7.44278e+09 1.83725e+08 8.01556e+06 3.98425e+06 484109 2.08178e+08 8.38663e-05 2.09785e+15 0 0 1.11007e+17 6.24786e+16 7.96237e+11 4.48151e+11
71 0.710172 114.49 3995.07 114.49 1.22762e-10 0.743642 3.24667e+08 8.05349e+09 2.01226e+08 8.86769e+06 3.83434e+06 496409 2.19674e+08 8.93592e-05 2.08603e+15 0 0 1.21451e+17 6.8087e+16 7.94498e+11 4.45407e+11
72 0.743642 114.265 3918.35 114.265 1.228e-10 0.778689 3.55607e+08 8.71025e+09 2.20379e+08 9.80911e+06 3.68948e+06 508967 2.31769e+08 9.66948e-05 2.07371e+15 0 0 1.32862e+17 7.41773e+16 7.92674e+11 4.42552e+11
73 0.778689 114.028 3840.54 114.028 1.22849e-10 0.815387 3.89475e+08 9.41608e+09 2.41335e+08 1.0849e+07 3.54952e+06 521786 2.44488e+08 0.000105634 2.06089e+15 0 0 1.45328e+17 8.07878e+16 7.90759e+11 4.39582e+11
74 0.815387 113.779 3761.7 113.779 1.22884e-10 0.853815 4.26547e+08 1.01741e+10 2.64263e+08 1.19974e+07 3.41429e+06 534868 2.57863e+08 0.000115394 2.04756e+15 0 0 1.58945e+17 8.79596e+16 7.8875e+11 4.36492e+11
75 0.853815 113.518 3681.86 113.518 1.2293e-10 0.894054 4.67122e+08 1.09876e+10 2.89346e+08 1.32656e+07 3.28365e+06 548214 2.71923e+08 0.000126048 2.03368e+15 0 0 1.73813e+17 9.57361e+16 7.86641e+11 4.3328e+11
76 0.894054 113.243 3601.1 113.243 1.22984e-10 0.936189 5.11528e+08 1.18601e+10 3.16782e+08 1.46657e+07 3.15745e+06 561829 2.86699e+08 0.000137677 2.01926e+15 0 0 1.90046e+17 1.04164e+17 7.84428e+11 4.29942e+11
77 0.936189 112.955 3519.45 112.955 1.23022e-10 0.980311 5.60121e+08 1.2795e+10 3.46788e+08 1.62111e+07 3.03556e+06 575712 3.02223e+08 0.000153954 2.00426e+15 0 0 2.07765e+17 1.13292e+17 7.82106e+11 4.26474e+11
78 0.980311 112.652 3436.98 112.652 1.2308e-10 1.02651 6.13292e+08 1.37961e+10 3.79601e+08 1.79167e+07 2.91784e+06 589866 3.18529e+08 0.000172273 1.98868e+15 0 0 2.271e+17 1.23173e+17 7.79668e+11 4.22872e+11
79 1.02651 112.333 3353.76 112.333 1.23131e-10 1.07489 6.71467e+08 1.48673e+10 4.15478e+08 1.97987e+07 2.80415e+06 604292 3.35653e+08 0.000192735 1.97249e+15 0 0 2.48193e+17 1.33862e+17 7.7711e+11 4.19133e+11
80 1.07489 111.999 3269.86 111.999 1.23187e-10 1.12555 7.3511e+08 1.60123e+10 4.54699e+08 2.18749e+07 2.69437e+06 618991 3.53628e+08 0.000215585 1.95568e+15 0 0 2.71197e+17 1.45418e+17 7.74424e+11 4.15252e+11
81 1.12555 111.647 3185.34 111.647 1.23247e-10 1.17859 8.04728e+08 1.72355e+10 4.97569e+08 2.4165e+07 2.58839e+06 633965 3.72493e+08 0.000246001 1.93823e+15 0 0 2.9628e+17 1.57902e+17 7.71606e+11 4.11227e+11
82 1.17859 111.278 3100.29 111.278 1.23308e-10 1.23414 8.80873e+08 1.85407e+10 5.4442e+08 2.66904e+07 2.48606e+06 649213 3.92284e+08 0.00027116 1.92012e+15 0 0 3.23619e+17 1.71379e+17 7.68648e+11 4.07053e+11
83 1.23414 110.89 3014.79 110.89 1.23371e-10 1.2923 9.64149e+08 1.99325e+10 5.95611e+08 2.94747e+07 2.38729e+06 664737 4.13042e+08 0.000298857 1.90135e+15 0 0 3.53408e+17 1.85916e+17 7.65543e+11 4.02727e+11
84 1.2923 110.482 2928.92 110.482 1.23444e-10 1.35321 1.05521e+09 2.14151e+10 6.51535e+08 3.25439e+07 2.29196e+06 680536 4.34807e+08 0.00032934 1.88188e+15 0 0 3.85854e+17 2.01585e+17 7.62284e+11 3.98247e+11
85 1.35321 110.053 2842.77 110.053 1.23515e-10 1.41698 1.15478e+09 2.29929e+10 7.12616e+08 3.59263e+07 2.19996e+06 696610 4.57619e+08 0.000362884 1.86171e+15 0 0 4.21183e+17 2.18459e+17 7.58864e+11 3.93608e+11
86 1.41698 109.602 2756.43 109.602 1.23593e-10 1.48376 1.26362e+09 2.46703e+10 7.79316e+08 3.96532e+07 2.11119e+06 712957 4.81521e+08 0.00039663 1.84082e+15 0 0 4.59633e+17 2.36615e+17 7.55275e+11 3.88808e+11
87 1.48376 109.129 2670 109.129 1.23665e-10 1.55369 1.38261e+09 2.6452e+10 8.52135e+08 4.37586e+07 2.02553e+06 729579 5.06556e+08 0.000426957 1.81919e+15 0 0 5.01465e+17 2.5613e+17 7.51508e+11 3.83844e+11
88 1.55369 108.631 2583.58 108.631 1.23753e-10 1.62691 1.51264e+09 2.83423e+10 9.31616e+08 4.82799e+07 1.9429e+06 746472 5.3277e+08 0.000459611 1.79682e+15 0 0 5.46953e+17 2.77087e+17 7.47556e+11 3.78713e+11
89 1.62691 108.108 2497.26 108.108 1.23841e-10 1.70358 1.65474e+09 3.03457e+10 1.01834e+09 5.32581e+07 1.8632e+06 763634 5.60206e+08 0.000494772 1.77369e+15 0 0 5.96395e+17 2.99568e+17 7.43409e+11 3.73413e+11
90 1.70358 107.559 2411.14 107.559 1.23928e-10 1.78387 1.81e+09 3.24666e+10 1.11296e+09 5.87381e+07 1.78633e+06 781065 5.88912e+08 0.000532627 1.74979e+15 0 0 6.50107e+17 3.23657e+17 7.39058e+11 3.67941e+11
91 1.78387 106.982 2325.34 106.982 1.24035e-10 1.86794 1.97961e+09 3.47094e+10 1.21614e+09 6.47688e+07 1.71221e+06 798761 6.18935e+08 0.000572773 1.7251e+15 0 0 7.08427e+17 3.49439e+17 7.34494e+11 3.62297e+11
92 1.86794 106.375 2239.96 106.375 1.24135e-10 1.95598 2.16487e+09 3.70783e+10 1.32864e+09 7.14041e+07 1.64074e+06 816718 6.50321e+08 0.000613885 1.69963e+15 0 0 7.71712e+17 3.76999e+17 7.29707e+11 3.56479e+11
93 1.95598 105.738 2155.11 105.738 1.24237e-10 2.04816 2.36717e+09 3.95774e+10 1.45126e+09 7.87024e+07 1.57184e+06 834934 6.83121e+08 0.000657979 1.67335e+15 0 0 8.40344e+17 4.06422e+17 7.24687e+11 3.50486e+11
94 2.04816 105.069 2070.89 105.069 1.24349e-10 2.14469 2.58807e+09 4.22105e+10 1.58485e+09 8.6728e+07 1.50544e+06 853403 7.17383e+08 0.000705278 1.64627e+15 0 0 9.14726e+17 4.37789e+17 7.19423e+11 3.44317e+11
95 2.14469 104.366 1987.42 104.366 1.24467e-10 2.24576 2.8292e+09 4.49812e+10 1.73035e+09 9.55509e+07 1.44144e+06 872122 7.53157e+08 0.00075602 1.61839e+15 0 0 9.95284e+17 4.71181e+17 7.13905e+11 3.37973e+11
96 2.24576 103.629 1904.8 103.629 1.24588e-10 2.3516 3.09239e+09 4.7893e+10 1.88876e+09 1.05248e+08 1.37978e+06 891084 7.90492e+08 0.000810457 1.58969e+15 0 0 1.08247e+18 5.06674e+17 7.08121e+11 3.31453e+11
97 2.3516 102.854 1823.15 102.854 1.24719e-10 2.46243 3.37957e+09 5.09488e+10 2.06116e+09 1.15902e+08 1.32037e+06 910284 8.29441e+08 0.000865207 1.56019e+15 0 0 1.17674e+18 5.44338e+17 7.02062e+11 3.2476e+11
98 2.46243 102.041 1742.56 102.041 1.24855e-10 2.57848 3.69289e+09 5.41513e+10 2.24869e+09 1.27604e+08 1.26315e+06 929716 8.70052e+08 0.000923705 1.52988e+15 0 0 1.27861e+18 5.84237e+17 6.95714e+11 3.17894e+11
99 2.57848 101.188 1663.14 101.188 1.25002e-10 2.7 4.03463e+09 5.75028e+10 2.4526e+09 1.40454e+08 1.20805e+06 949371 9.12376e+08 0.000986258 1.49878e+15 0 0 1.38857e+18 6.26426e+17 6.89068e+11 3.10859e+11
100 2.7 100.294 1585 100.294 1.25156e-10 2.82725 4.40729e+09 6.1005e+10 2.67421e+09 1.5456e+08 1.15499e+06 969243 9.56464e+08 0.00105315 1.46688e+15 0 0 1.50717e+18 6.7095e+17 6.8211e+11 3.03657e+11
101 2.82725 99.3557 1508.24 99.3557 1.25309e-10 2.96049 4.81357e+09 6.46591e+10 2.91492e+09 1.70039e+08 1.10392e+06 989323 1.00237e+09 0.00112471 1.43421e+15 0 0 1.63494e+18 7.17841e+17 6.7483e+11 2.96293e+11
102 2.96049 98.3725 1432.95 98.3725 1.25478e-10 3.10001 5.25638e+09 6.84657e+10 3.17624e+09 1.8702e+08 1.05476e+06 1.0096e+06 1.05013e+09 0.00120019 1.40077e+15 0 0 1.77245e+18 7.67115e+17 6.67216e+11 2.88771e+11
103 3.10001 97.3424 1359.23 97.3424 1.25655e-10 3.24611 5.7389e+09 7.24248e+10 3.45978e+09 2.05643e+08 1.00746e+06 1.03007e+06 1.09981e+09 0.00128201 1.36659e+15 0 0 1.92026e+18 8.18772e+17 6.59256e+11 2.81097e+11
104 3.24611 96.2636 1287.17 96.2636 1.25844e-10 3.3991 6.26453e+09 7.65357e+10 3.76723e+09 2.26059e+08 961957 1.05071e+06 1.15145e+09 0.00136958 1.3317e+15 0 0 2.07896e+18 8.72792e+17 6.50938e+11 2.73278e+11
105 3.3991 95.1344 1216.84 95.1344 1.26047e-10 3.55929 6.83696e+09 8.0797e+10 4.10038e+09 2.48433e+08 918189 1.07152e+06 1.20509e+09 0.00146329 1.29611e+15 0 0 2.24912e+18 9.29132e+17 6.42252e+11 2.6532e+11
106 3.55929 93.953 1148.34 93.953 1.26245e-10 3.72704 7.46018e+09 8.52064e+10 4.46114e+09 2.72945e+08 876101 1.09249e+06 1.26079e+09 0.0015636 1.25986e+15 0 0 2.4313e+18 9.87721e+17 6.33188e+11 2.57234e+11
107 3.72704 92.7179 1081.73 92.7179 1.26469e-10 3.90269 8.13848e+09 8.97607e+10 4.8515e+09 2.99788e+08 835639 1.11359e+06 1.31858e+09 0.00167099 1.22298e+15 0 0 2.62607e+18 1.04846e+18 6.23734e+11 2.49027e+11
108 3.90269 91.4273 1017.08 91.4273 1.26698e-10 4.08662 8.87649e+09 9.4456e+10 5.27357e+09 3.29174e+08 796751 1.13482e+06 1.37851e+09 0.00174129 1.18552e+15 0 0 2.83394e+18 1.11123e+18 6.13881e+11 2.40711e+11
109 4.08662 90.0798 954.455 90.0798 1.26941e-10 4.27921 9.67921e+09 9.92873e+10 5.72954e+09 3.61331e+08 759383 1.15617e+06 1.44062e+09 0.00185442 1.14753e+15 0 0 3.05542e+18 1.17585e+18 6.03621e+11 2.32297e+11
110 4.27921 88.674 893.908 88.674 1.27205e-10 4.48088 1.0552e+10 1.04249e+11 6.22169e+09 3.96507e+08 723487 1.17761e+06 1.50494e+09 0.00197525 1.10904e+15 0 0 3.29095e+18 1.24212e+18 5.92945e+11 2.23799e+11
111 4.48088 87.2085 835.488 87.2085 1.27474e-10 4.69206 1.15007e+10 1.09333e+11 6.75241e+09 4.3497e+08 689014 1.19913e+06 1.57151e+09 0.00210435 1.07012e+15 0 0 3.54092e+18 1.30981e+18 5.81847e+11 2.1523e+11
112 4.69206 85.6822 779.235 85.6822 1.27755e-10 4.91319 1.25314e+10 1.14533e+11 7.32415e+09 4.7701e+08 655917 1.22071e+06 1.64035e+09 0.0022423 1.03083e+15 0 0 3.80563e+18 1.37862e+18 5.70323e+11 2.06604e+11
113 4.91319 84.094 725.182 84.094 1.28057e-10 5.14474 1.36508e+10 1.19839e+11 7.93943e+09 5.22941e+08 624151 1.24234e+06 1.71151e+09 0.00238976 9.91221e+14 0 0 4.08532e+18 1.44822e+18 5.58367e+11 1.97938e+11
114 5.14474 82.4433 673.357 82.4433 1.28381e-10 5.38721 1.48661e+10 1.25241e+11 8.60083e+09 5.73101e+08 593671 1.26399e+06 1.78499e+09 0.00254745 9.51376e+14 0 0 4.38007e+18 1.51824e+18 5.45978e+11 1.89249e+11
115 5.38721 80.7294 623.778 80.7294 1.28723e-10 5.6411 1.6185e+10 1.30728e+11 9.31096e+09 6.27857e+08 564435 1.28565e+06 1.86081e+09 0.00271567 9.11364e+14 0 0 4.68987e+18 1.58823e+18 5.33156e+11 1.80554e+11
116 5.6411 78.9521 576.455 78.9521 1.2908e-10 5.90696 1.76156e+10 1.36288e+11 1.00725e+10 6.87603e+08 536401 1.30729e+06 1.939e+09 0.00289562 8.71265e+14 0 0 5.01451e+18 1.65773e+18 5.19903e+11 1.71873e+11
117 5.90696 77.1113 531.392 77.1113 1.29461e-10 6.18534 1.91668e+10 1.41907e+11 1.0888e+10 7.52763e+08 509528 1.3289e+06 2.01956e+09 0.00308815 8.31161e+14 0 0 5.35364e+18 1.7262e+18 5.06224e+11 1.63224e+11
118 6.18534 75.2075 488.586 75.2075 1.29863e-10 6.47685 2.08478e+10 1.47573e+11 1.17601e+10 8.23796e+08 483778 1.35044e+06 2.10249e+09 0.0032942 7.91138e+14 0 0 5.70667e+18 1.79307e+18 4.92126e+11 1.54629e+11
119 6.47685 73.2413 448.024 73.2413 1.3029e-10 6.78209 2.26688e+10 1.5327e+11 1.26913e+10 9.01195e+08 459112 1.37191e+06 2.1878e+09 0.00351479 7.51289e+14 0 0 6.0728e+18 1.85773e+18 4.7762e+11 1.46108e+11
120 6.78209 71.2139 409.689 71.2139 1.30739e-10 7.10172 2.46403e+10 1.58981e+11 1.36841e+10 9.85489e+08 435494 1.39327e+06 2.27547e+09 0.00375099 7.11705e+14 0 0 6.45096e+18 1.9195e+18 4.62719e+11 1.37683e+11
121 7.10172 69.1268 373.555 69.1268 1.31221e-10 7.43642 2.67738e+10 1.64691e+11 1.47408e+10 1.07725e+09 412888 1.41449e+06 2.36549e+09 0.00410214 6.72483e+14 0 0 6.83978e+18 1.97769e+18 4.47441e+11 1.29375e+11
122 7.43642 66.9822 339.589 66.9822 1.3173e-10 7.78689 2.90814e+10 1.70383e+11 1.58635e+10 1.17708e+09 391259 1.43556e+06 2.45784e+09 0.00443254 6.33721e+14 0 0 7.23761e+18 2.03158e+18 4.31806e+11 1.21207e+11
123 7.78689 64.7825 307.753 64.7825 1.32274e-10 8.15387 3.15758e+10 1.76039e+11 1.70541e+10 1.28565e+09 370573 1.45645e+06 2.55248e+09 0.00478938 5.95518e+14 0 0 7.64242e+18 2.08041e+18 4.15838e+11 1.13199e+11
124 8.15387 62.5308 278 62.5308 1.32848e-10 8.53815 3.42707e+10 1.81642e+11 1.83142e+10 1.40364e+09 350798 1.47713e+06 2.64939e+09 0.00517478 5.57974e+14 0 0 8.05185e+18 2.12344e+18 3.99567e+11 1.05374e+11
125 8.53815 60.2309 250.281 60.2309 1.33459e-10 8.94054 3.71805e+10 1.87172e+11 1.96451e+10 1.53183e+09 331902 1.49757e+06 2.74852e+09 0.00559098 5.21187e+14 0 0 8.46316e+18 2.1599e+18 3.83024e+11 9.77524e+10
126 8.94054 57.8869 224.539 57.8869 1.34113e-10 9.36189 4.03205e+10 1.92612e+11 2.10475e+10 1.67099e+09 313853 1.51774e+06 2.84981e+09 0.00604045 4.85255e+14 0 0 8.87321e+18 2.18907e+18 3.66247e+11 9.03551e+10
127 9.36189 55.5038 200.712 55.5038 1.34803e-10 9.80311 4.37068e+10 1.97943e+11 2.2522e+10 1.82201e+09 296622 1.53762e+06 2.9532e+09 0.00652581 4.50274e+14 0 0 9.27848e+18 2.21023e+18 3.49277e+11 8.32014e+10
128 9.80311 53.0869 178.734 53.0869 1.35546e-10 10.2651 4.73563e+10 2.0315e+11 2.40683e+10 1.98579e+09 280180 1.55718e+06 3.05862e+09 0.00704992 4.16335e+14 0 0 9.67505e+18 2.22273e+18 3.32159e+11 7.63099e+10
129 10.2651 50.6423 158.534 50.6423 1.36338e-10 10.7489 5.1287e+10 2.08213e+11 2.56857e+10 2.1633e+09 264498 1.57638e+06 3.166e+09 0.00761579 3.83526e+14 0 0 1.00586e+19 2.22599e+18 3.14943e+11 6.96973e+10
130 10.7489 44.7675 140.204 44.7675 1.35676e-10 11.2555 5.55178e+10 2.13123e+11 2.72534e+10 2.3556e+09 249549 1.5952e+06 3.27525e+09 0.00830223 3.53974e+14 0 0 9.79938e+18 2.24868e+18 2.79829e+11 6.42128e+10
131 11.2555 37.7409 123.556 37.7409 1.33902e-10 11.7859 6.00682e+10 2.17867e+11 2.87026e+10 2.56378e+09 235305 1.61362e+06 3.38626e+09 0.00911323 3.23067e+14 0 0 9.18367e+18 2.27697e+18 2.39172e+11 5.92996e+10
132 11.7859 31.4742 108.409 31.4742 1.32145e-10 12.3414 6.49591e+10 2.22431e+11 3.00277e+10 2.78903e+09 221741 1.63159e+06 3.49893e+09 0.00999747 2.9364e+14 0 0 8.5146e+18 2.29604e+18 2.02236e+11 5.45347e+10
133 12.3414 25.9328 94.6925 25.9328 1.30401e-10 12.923 7.02121e+10 2.26803e+11 3.12249e+10 3.03259e+09 208832 1.64909e+06 3.61314e+09 0.0109608 2.65739e+14 0 0 7.79996e+18 2.30513e+18 1.68961e+11 4.99331e+10
134 12.923 21.0779 82.3242 21.0779 1.28674e-10 13.5321 7.58497e+10 2.3097e+11 3.22918e+10 3.2958e+09 196552 1.66609e+06 3.72878e+09 0.0120095 2.39401e+14 0 0 7.04887e+18 2.30358e+18 1.39256e+11 4.5509e+10
135 13.5321 16.8668 71.2214 16.8668 1.26971e-10 14.1698 8.18955e+10 2.34923e+11 3.32279e+10 3.58005e+09 184878 1.68256e+06 3.84569e+09 0.0131503 2.1465e+14 0 0 6.2716e+18 2.29086e+18 1.12998e+11 4.12754e+10
136 14.1698 13.2539 61.3012 13.2539 1.25292e-10 14.8376 8.83739e+10 2.38653e+11 3.40345e+10 3.88683e+09 173787 1.69847e+06 3.96375e+09 0.0143902 1.91503e+14 0 0 5.4794e+18 2.26655e+18 9.00382e+10 3.72442e+10
137 14.8376 10.1912 52.4812 10.1912 1.23641e-10 15.5369 9.53103e+10 2.42155e+11 3.47146e+10 4.21772e+09 163256 1.71379e+06 4.0828e+09 0.015737 1.69965e+14 0 0 4.68423e+18 2.23043e+18 7.01991e+10 3.34258e+10
138 15.5369 7.62933 44.6795 7.62933 1.22021e-10 16.2691 1.02731e+11 2.45424e+11 3.52728e+10 4.57438e+09 153263 1.7285e+06 4.20267e+09 0.0171984 1.50028e+14 0 0 3.8984e+18 2.18244e+18 5.32819e+10 2.98288e+10
139 16.2691 5.5182 37.8157 5.5182 1.20435e-10 17.0358 1.10663e+11 2.48458e+11 3.57154e+10 4.95856e+09 143786 1.74257e+06 4.32319e+09 0.0187832 1.31675e+14 0 0 3.13425e+18 2.12274e+18 3.90686e+10 2.64601e+10
140 17.0358 3.80788 31.811 3.80788 1.18887e-10 17.8387 1.19135e+11 2.51256e+11 3.60504e+10 5.3721e+09 134805 1.75597e+06 4.4442e+09 0.0205002 1.14877e+14 0 0 2.40377e+18 2.05172e+18 2.73267e+10 2.33245e+10
141 17.8387 2.44937 26.5889 2.44937 1.1738e-10 18.6794 1.28175e+11 2.53821e+11 3.62867e+10 5.81695e+09 126299 1.76867e+06 4.5655e+09 0.0223592 9.95954e+13 0 0 1.71813e+18 1.96999e+18 1.78136e+10 2.04248e+10
142 18.6794 1.39531 22.0757 1.39531 1.15916e-10 19.5598 1.37813e+11 2.56155e+11 3.64342e+10 6.29516e+09 118249 1.78065e+06 4.68691e+09 0.0243896 8.57809e+13 0 0 1.08735e+18 1.87838e+18 1.02817e+10 1.77614e+10
143 19.5598 0.600646 18.2005 0.600646 1.14499e-10 20.4816 1.48079e+11 2.58266e+11 3.65039e+10 6.80886e+09 110636 1.79189e+06 4.80823e+09 0.0266651 7.33755e+13 0 0 5.19878e+17 1.77795e+18 4.48327e+09 1.53325e+10
144 20.4816 0.0231939 14.8959 0.0231939 1.13131e-10 21.4469 1.59003e+11 2.6016e+11 3.65068e+10 7.36031e+09 103441 1.80236e+06 4.92926e+09 0.0291244 6.23128e+13 0 0 2.22902e+16 1.66999e+18 1.7531e+08 1.31343e+10
145 21.4469 0 12.1536 4.83437 1.12929e-10 22.4576 1.70618e+11 2.61854e+11 3.65068e+10 7.95188e+09 96646.2 1.81205e+06 5.04979e+09 0.0317794 5.50995e+13 0 0 1.73978e+06 1.58742e+18 0.0124792 1.13864e+10
146 22.4576 0 10.0025 4.041 1.12929e-10 23.516 1.82955e+11 2.63383e+11 3.65068e+10 8.58602e+09 90234 1.82093e+06 5.16962e+09 0.0346421 4.88639e+13 0 0 1.69267e+06 1.5329e+18 0.011073 1.00279e+10
147 23.516 0 8.36819 3.34942 1.12929e-10 24.6243 1.96046e+11 2.64786e+11 3.65068e+10 9.26532e+09 84187.3 1.82899e+06 5.28853e+09 0.0377253 4.30893e+13 0 0 1.63686e+06 1.47716e+18 0.00976576 8.81292e+09
148 24.6243 0 7.1506 2.75174 1.12929e-10 25.7848 2.09924e+11 2.661e+11 3.65068e+10 9.99248e+09 78489.8 1.83621e+06 5.40632e+09 0.0410417 3.77727e+13 0 0 1.5744e+06 1.41524e+18 0.0085666 7.7006e+09
149 25.7848 0 6.0707 2.23987 1.12929e-10 27 2.24622e+11 2.67323e+11 3.65068e+10 1.07703e+10 73125.3 1.84257e+06 5.52276e+09 0.0446048 3.29071e+13 0 0 1.50221e+06 1.34735e+18 0.00745459 6.68613e+09
150 27 0 5.11891 1.80562 1.12929e-10 28.2725 2.40172e+11 2.68454e+11 3.65068e+10 1.16017e+10 68078.5 1.84807e+06 5.63766e+09 0.0484285 2.84826e+13 0 0 1.42643e+06 1.27423e+18 0.00645572 5.76688e+09
151 28.2725 0 4.28577 1.44085 1.12929e-10 29.6049 2.56608e+11 2.69493e+11 3.65068e+10 1.24898e+10 63334.3 1.8527e+06 5.75079e+09 0.0525267 2.44858e+13 0 0 1.34451e+06 1.19672e+18 0.00554955 4.93955e+09
152 29.6049 0 3.56165 1.1376 1.12929e-10 31.0001 2.73961e+11 2.70439e+11 3.65068e+10 1.34377e+10 58878.1 1.85644e+06 5.86196e+09 0.0569146 2.09004e+13 0 0 1.25798e+06 1.11578e+18 0.00473553 4.20023e+09
153 31.0001 0 2.93701 0.888233 1.12929e-10 32.4611 2.92265e+11 2.71294e+11 3.65068e+10 1.44488e+10 54696 1.8593e+06 5.97096e+09 0.0616063 1.77073e+13 0 0 1.1689e+06 1.03242e+18 0.004013 3.54446e+09
154 32.4611 0 2.40235 0.685485 1.12929e-10 33.991 3.11551e+11 2.72062e+11 3.65068e+10 1.55264e+10 50774.2 1.86126e+06 6.07759e+09 0.0666172 1.48853e+13 0 0 1.07725e+06 9.47696e+17 0.00337294 2.96731e+09
155 33.991 0 1.94841 0.522596 1.12929e-10 35.5929 3.31851e+11 2.72744e+11 3.65068e+10 1.66741e+10 47099.6 1.86233e+06 6.18167e+09 0.0719634 1.24111e+13 0 0 985088 8.62689e+17 0.00281299 2.46347e+09
156 35.5929 0 1.5663 0.393352 1.12929e-10 37.2704 3.53195e+11 2.73345e+11 3.65068e+10 1.78956e+10 43659.6 1.86251e+06 6.28302e+09 0.0776601 1.02599e+13 0 0 892672 7.78472e+17 0.0023248 2.02739e+09
157 37.2704 0 1.24752 0.292133 1.12929e-10 39.0269 3.75615e+11 2.73871e+11 3.65068e+10 1.91947e+10 40441.8 1.8618e+06 6.38145e+09 0.083724 8.40581e+12 0 0 802048 6.96077e+17 0.00190499 1.6533e+09
158 39.0269 0 0.984043 0.21394 1.12929e-10 40.8662 3.99139e+11 2.74325e+11 3.65068e+10 2.05754e+10 37434.6 1.86021e+06 6.47681e+09 0.0901714 6.82238e+12 0 0 713728 6.16468e+17 0.00154606 1.33538e+09
159 40.8662 0 0.768388 0.154393 1.12929e-10 42.7921 4.23795e+11 2.74714e+11 3.65068e+10 2.20417e+10 34626.4 1.85774e+06 6.56895e+09 0.0970193 5.48303e+12 0 0 628992 5.40514e+17 0.00124262 1.06783e+09
160 42.7921 0 0.593678 0.10972 1.12929e-10 44.8088 4.49611e+11 2.75043e+11 3.65068e+10 2.35978e+10 32006.5 1.8544e+06 6.65773e+09 0.104284 4.36146e+12 0 0 548544 4.68969e+17 0.000988337 8.44963e+08
161 44.8088 0 0.453642 0.0767278 1.12929e-10 46.9206 4.76612e+11 2.75319e+11 3.65068e+10 2.52482e+10 29564.2 1.85022e+06 6.74302e+09 0.111985 3.43209e+12 0 0 473344 4.02446e+17 0.000777804 6.61303e+08
162 46.9206 0 0.342661 0.0527594 1.12929e-10 49.1319 5.04823e+11 2.75548e+11 3.65068e+10 2.69973e+10 27289.5 1.8452e+06 6.82471e+09 0.120138 2.67043e+12 0 0 403872 3.41408e+17 0.000605253 5.11642e+08
163 49.1319 0 0.25571 0.0356435 1.12929e-10 51.4474 5.34267e+11 2.75735e+11 3.65068e+10 2.88497e+10 25172.7 1.83936e+06 6.90271e+09 0.128763 2.05337e+12 0 0 340448 2.86159e+17 0.000465312 3.91112e+08
164 51.4474 0 0.188418 0.0236393 1.12929e-10 53.8721 5.64966e+11 2.75886e+11 3.65068e+10 3.08103e+10 23204.6 1.83272e+06 6.97692e+09 0.137877 1.55947e+12 0 0 283504 2.36846e+17 0.000353389 2.95229e+08
165 53.8721 0 0.137014 0.0153774 1.12929e-10 56.411 5.96939e+11 2.76007e+11 3.65068e+10 3.28841e+10 21376.3 1.8253e+06 7.04728e+09 0.1475 1.1691e+12 0 0 233072 1.9346e+17 0.000264962 2.1993e+08
166 56.411 0 0.0982579 0.00980239 1.12929e-10 59.0696 6.30205e+11 2.76102e+11 3.65068e+10 3.5076e+10 19679.3 1.81713e+06 7.11376e+09 0.157653 8.64635e+11 0 0 188984 1.55853e+17 0.000195938 1.61588e+08
167 59.0696 0 0.0694511 0.00611736 1.12929e-10 61.8534 6.6478e+11 2.76175e+11 3.65068e+10 3.73914e+10 18105.6 1.80823e+06 7.1763e+09 0.168354 6.30431e+11 0 0 151096 1.23754e+17 0.000142872 1.17018e+08
168 61.8534 0 0.0483497 0.00373375 1.12929e-10 64.7685 7.00679e+11 2.76231e+11 3.65068e+10 3.98357e+10 16647.3 1.79863e+06 7.2349e+09 0.179626 4.52874e+11 0 0 119012 9.67885e+16 0.000102632 8.34675e+07
169 64.7685 0 0.0331282 0.00222649 1.12929e-10 67.8209 7.37915e+11 2.76273e+11 3.65068e+10 4.24146e+10 15297.2 1.78836e+06 7.28956e+09 0.191489 3.20292e+11 0 0 92292 7.45086e+16 7.25868e-05 5.86003e+07
170 67.8209 0 0.0223248 0.00129573 1.12929e-10 71.0172 7.76497e+11 2.76304e+11 3.65068e+10 4.51338e+10 14048.3 1.77744e+06 7.3403e+09 0.204024 2.22857e+11 0 0 70412 5.64135e+16 5.05057e-05 4.04647e+07
171 71.0172 0 0.0147836 0.000735072 1.12929e-10 74.3642 8.16436e+11 2.76327e+11 3.65068e+10 4.79993e+10 12894 1.76592e+06 7.38716e+09 0.217994 1.52434e+11 0 0 52809 4.19775e+16 3.45463e-05 2.74606e+07
172 74.3642 0 0.00961219 0.000406015 1.12929e-10 77.8689 8.57738e+11 2.76343e+11 3.65068e+10 5.10173e+10 11828 1.75383e+06 7.43019e+09 0.23279 1.02415e+11 0 0 38903 3.06728e+16 2.32101e-05 1.82998e+07
173 77.8689 0 0.00613076 0.000218074 1.12929e-10 81.5387 9.00407e+11 2.76354e+11 3.65068e+10 5.41943e+10 10844.3 1.74119e+06 7.46946e+09 0.248459 6.75313e+10 0 0 28127 2.19899e+16 1.53044e-05 1.19651e+07
174 81.5387 0 0.00383261 0.000113748 1.12929e-10 85.3815 9.44447e+11 2.76362e+11 3.65068e+10 5.75369e+10 9937.24 1.72805e+06 7.50507e+09 0.265045 4.3664e+10 0 0 19940.8 1.5454e+16 9.89544e-06 7.66894e+06
175 85.3815 0 0.00234549 5.75393e-05 1.12929e-10 89.4054 9.89859e+11 2.76367e+11 3.65068e+10 6.1052e+10 9101.57 1.71445e+06 7.53712e+09 0.282598 2.76577e+10 0 0 13849.6 1.06365e+16 6.26804e-06 4.81385e+06
176 89.4054 0 0.001403 2.81861e-05 1.12929e-10 93.6189 1.03664e+12 2.76371e+11 3.65068e+10 6.47466e+10 8332.25 1.70041e+06 7.56573e+09 0.301171 1.7146e+10 0 0 9414.25 7.16259e+15 3.88579e-06 2.9564e+06
177 93.6189 0 0.000819342 1.33505e-05 1.12929e-10 98.0311 1.08479e+12 2.76373e+11 3.65068e+10 6.86284e+10 7624.53 1.68599e+06 7.59104e+09 0.32082 1.03925e+10 0 0 6256.5 4.71414e+15 2.35518e-06 1.77458e+06
178 98.0311 0 0.000466326 6.10466e-06 1.12929e-10 102.651 1.1343e+12 2.76374e+11 3.65068e+10 7.2705e+10 6973.96 1.67122e+06 7.61322e+09 0.341608 6.15221e+09 0 0 4061.02 3.02911e+15 1.39421e-06 1.03994e+06
179 102.651 0 0.00025865 2.69033e-06 1.12928e-10 107.489 1.18517e+12 2.76375e+11 3.65068e+10 7.69844e+10 6376.37 1.65613e+06 7.63242e+09 0.363596 3.55307e+09 0 0 2571.67 1.89797e+15 8.0521e-07 594268
180 107.489 0 0.000139103 1.14068e-06 1.12926e-10 112.555 1.23739e+12 2.76376e+11 3.65068e+10 8.14752e+10 5827.82 1.64078e+06 7.64882e+09 0.386858 1.99952e+09 0 0 1586.88 1.15805e+15 4.53145e-07 330690
181 112.555 0 7.25702e-05 4.64433e-07 1.1292e-10 117.859 1.29094e+12 2.76376e+11 3.65068e+10 8.61861e+10 5324.63 1.6252e+06 7.66264e+09 0.411464 1.09507e+09 0 0 952.951 6.86946e+14 2.48178e-07 178902
182 117.859 0 3.63294e-05 1.81214e-07 1.12906e-10 123.414 1.34582e+12 2.76376e+11 3.65068e+10 9.11264e+10 4863.36 1.60942e+06 7.67406e+09 0.437501 5.82826e+08 0 0 556.104 3.9521e+14 1.32084e-07 93868.9
183 123.414 0 1.75053e-05 6.75952e-08 1.12867e-10 129.23 1.40201e+12 2.76376e+11 3.65068e+10 9.63058e+10 4440.8 1.5935e+06 7.68333e+09 0.465052 3.00916e+08 0 0 314.815 2.19727e+14 6.81945e-08 47596.7
184 129.23 0 7.97024e-06 2.40227e-08 1.12753e-10 135.321 1.4595e+12 2.76376e+11 3.65068e+10 1.01734e+11 4053.92 1.57748e+06 7.69067e+09 0.497445 1.50309e+08 0 0 172.425 1.17177e+14 3.40638e-08 23149.1
185 135.321 0 3.37761e-06 8.08278e-09 1.12413e-10 141.698 1.51828e+12 2.76376e+11 3.65068e+10 1.07423e+11 3699.94 1.56138e+06 7.69633e+09 0.536167 7.22314e+07 0 0 90.8507 5.89978e+13 1.6369e-08 10629.9
186 141.698 0 1.30348e-06 2.53322e-09 1.11344e-10 148.376 1.57832e+12 2.76376e+11 3.65068e+10 1.13383e+11 3376.24 1.54526e+06 7.70055e+09 0.577896 3.28803e+07 0 0 45.3468 2.7001e+13 7.45145e-09 4436.84
187 148.376 0 4.24539e-07 7.01186e-10 1.07909e-10 155.369 1.6396e+12 2.76376e+11 3.65068e+10 1.19627e+11 3080.39 1.52915e+06 7.70362e+09 0.622868 1.34534e+07 0 0 20.3444 1.02375e+13 3.04886e-09 1534.22
188 155.369 0 1.09229e-07 1.36815e-10 9.72859e-11 162.691 1.70212e+12 2.76376e+11 3.65068e+10 1.26166e+11 2810.14 1.51309e+06 7.70579e+09 0.67133 3.9525e+06 0 0 6.5538 2.54977e+12 8.95749e-10 348.493
189 162.691 6.38889e-11 2.55827e-08 0 6.38889e-11 170.358 1.76584e+12 2.76376e+11 3.65068e+10 1.33015e+11 2563.4 1.49712e+06 7.70736e+09 0.723562 0 0 0 3.88128e+09 3.06801e+11 0.483803 38.2429
190 170.358 1.30529e-10 0 0 1.30529e-10 178.387 1.83074e+12 2.76376e+11 3.65068e+10 1.40188e+11 2338.23 1.48128e+06 7.70861e+09 0.779856 0 0 0 4.36937e+09 0 0.496721 0
191 178.387 3.01474e-11 0 0 3.01474e-11 186.794 1.89681e+12 2.76376e+11 3.65068e+10 1.477e+11 2132.83 1.46561e+06 7.70984e+09 0.840526 0 0 0 1.13229e+09 0 0.117395 0
192 186.794 6.51156e-12 0 0 6.51156e-12 195.598 1.96402e+12 2.76376e+11 3.65068e+10 1.55568e+11 1945.55 1.45013e+06 7.71136e+09 0.905921 0 0 0 2.74277e+08 0 0.0259348 0
193 195.598 1.31112e-12 0 0 1.31112e-12 204.816 2.03234e+12 2.76376e+11 3.65068e+10 1.63809e+11 1774.85 1.4349e+06 7.71348e+09 0.976413 0 0 0 6.19079e+07 0 0.00533875 0
194 204.816 2.45293e-13 0 0 2.45293e-13 214.469 2.10176e+12 2.76376e+11 3.65068e+10 1.72442e+11 1619.32 1.41993e+06 7.71653e+09 1.05239 0 0 0 1.29775e+07 0 0.00102067 0
195 214.469 4.24925e-14 0 0 4.24925e-14 224.576 2.17225e+12 2.76376e+11 3.65068e+10 1.81487e+11 1477.66 1.40528e+06 7.72082e+09 1.11302 0 0 0 2.5178e+06 0 0.000180599 0
196 224.576 6.79126e-15 0 0 6.79126e-15 235.16 2.24378e+12 2.76376e+11 3.65068e+10 1.90965e+11 1348.67 1.39096e+06 7.72669e+09 1.20964 0 0 0 450468 0 2.94684e-05 0
197 235.16 9.9759e-16 0 0 9.9759e-16 246.243 2.31632e+12 2.76376e+11 3.65068e+10 2.00899e+11 1231.24 1.37702e+06 7.55796e+09 1.31448 0 0 0 74040.4 0 4.41735e-06 0
198 246.243 1.34151e-16 0 0 1.34151e-16 257.848 2.38987e+12 2.76376e+11 3.65068e+10 2.11316e+11 1124.37 1.36349e+06 7.29339e+09 1.42821 0 0 0 11135.5 0 6.05905e-07 0
199 257.848 1.64462e-17 0 0 1.64462e-17 270 2.46437e+12 2.76376e+11 3.65068e+10 2.22241e+11 1027.11 1.35039e+06 7.04158e+09 1.55154 0 0 0 1526.11 0 7.57319e-08 0
