0 0.027 3.63468 183.24 0 3.63468 0.0282725 225914 40488.1 803.106 153.263 1.59487e+06 19318.1 328283 6.38566e-05 1.59243e+12 0 0 7.45603 172.931 0.0337444 0.782646
1 0.0282725 8.6632 182.353 0.162134 8.50106 0.0296049 247667 84667.5 2901.97 174.874 1.54123e+06 19863.7 44207.4 7.26159e-05 1.5225e+12 0 0 7.23121 128.632 0.0298472 0.530936
2 0.0296049 8.72176 181.647 0.164207 8.55756 0.0310001 271513 132922 5218.89 198.851 1.48929e+06 20423.7 46839 8.19266e-05 1.52005e+12 0 0 7.91986 140.319 0.0298134 0.528213
3 0.0310001 8.77932 180.914 0.166231 8.61309 0.0324611 297651 185618 7776.11 225.451 1.43901e+06 20998.5 49623.8 9.24081e-05 1.51758e+12 0 0 8.67431 153.058 0.0297802 0.525471
4 0.0324611 8.83587 180.152 0.168206 8.66766 0.033991 326303 243154 10598.1 254.958 1.39031e+06 21588.5 52570.3 0.000104223 1.51509e+12 0 0 9.50084 166.942 0.0297478 0.522708
5 0.033991 8.89141 179.361 0.170131 8.72128 0.0355929 357710 305965 13711.8 287.688 1.34317e+06 22194 55687.7 0.000117539 1.51259e+12 0 0 10.4064 182.073 0.0297162 0.519923
6 0.0355929 8.94594 178.538 0.172007 8.77393 0.0372704 392136 374520 17146.8 323.99 1.29753e+06 22815.3 58985.5 0.000132042 1.51008e+12 0 0 11.3985 198.557 0.0296852 0.517105
7 0.0372704 8.99945 177.686 0.173834 8.82562 0.0390269 429871 449330 20935.8 364.252 1.25334e+06 23452.8 62473.7 0.000148075 1.50754e+12 0 0 12.4854 216.515 0.0296549 0.514259
8 0.0390269 9.05197 176.801 0.175612 8.87635 0.0408662 471231 530949 25114.6 408.9 1.21057e+06 24106.8 66163.1 0.000166044 1.50499e+12 0 0 13.6763 236.074 0.0296253 0.511377
9 0.0408662 9.10347 175.883 0.17734 8.92613 0.0427921 516566 619978 29722.6 458.409 1.16915e+06 24777.8 70064.7 0.000186179 1.50241e+12 0 0 14.9811 257.371 0.0295964 0.508456
10 0.0427921 9.15398 174.929 0.17902 8.97496 0.0448088 566255 717067 34803.2 513.304 1.12907e+06 25466 74190.4 0.000207937 1.49982e+12 0 0 16.4108 280.556 0.0295681 0.505491
11 0.0448088 9.20349 173.941 0.180651 9.02284 0.0469206 620717 822921 40404.2 574.167 1.09026e+06 26171.9 78552.4 0.000231851 1.4972e+12 0 0 17.9773 305.791 0.0295405 0.502479
12 0.0469206 9.25202 172.919 0.182234 9.06978 0.0491319 680407 938306 46577.8 641.638 1.0527e+06 26895.8 83163.7 0.000258499 1.49455e+12 0 0 19.6937 333.253 0.0295134 0.499422
13 0.0491319 9.29955 171.858 0.183767 9.11579 0.0514474 745828 1.06405e+06 53381.9 716.431 1.01635e+06 27638.2 88038.2 0.00028819 1.49187e+12 0 0 21.5743 363.127 0.029487 0.496309
14 0.0514474 9.34611 170.761 0.185253 9.16086 0.0538721 817527 1.20104e+06 60879.8 799.331 981164 28399.4 93190 0.000321032 1.48917e+12 0 0 23.6351 395.621 0.0294612 0.493143
15 0.0538721 9.3917 169.627 0.18669 9.20501 0.056411 896106 1.35025e+06 69141.1 891.21 947110 29179.7 98634.4 0.000358286 1.48643e+12 0 0 25.8932 430.953 0.029436 0.489918
16 0.056411 9.43632 168.452 0.188079 9.24824 0.0590696 982222 1.51272e+06 78242.5 993.031 914154 29979.7 104387 0.000399834 1.48366e+12 0 0 28.3675 469.358 0.0294114 0.486628
17 0.0590696 9.47998 167.238 0.189419 9.29057 0.0618534 1.0766e+06 1.68959e+06 88268.2 1105.86 882260 30799.6 110465 0.000446163 1.48085e+12 0 0 31.0789 511.092 0.0293873 0.483273
18 0.0618534 9.5227 165.986 0.190712 9.33199 0.0647685 1.18002e+06 1.88206e+06 99310.7 1230.87 851397 31639.9 116885 0.000496659 1.478e+12 0 0 34.0501 556.437 0.0293637 0.479854
19 0.0647685 9.56448 164.689 0.191956 9.37253 0.0678209 1.29336e+06 2.09146e+06 111472 1369.37 821533 32501.1 123667 0.000551674 1.47511e+12 0 0 37.3059 605.669 0.0293407 0.476353
20 0.0678209 9.60533 163.353 0.193153 9.41218 0.0710172 1.41755e+06 2.3192e+06 124863 1522.79 792636 33383.4 130828 0.000612737 1.47217e+12 0 0 40.8737 659.125 0.0293182 0.472782
21 0.0710172 9.64526 161.974 0.194302 9.45096 0.0743642 1.55364e+06 2.5668e+06 139607 1692.73 764677 34287.3 138390 0.000680507 1.46919e+12 0 0 44.7835 717.135 0.0292962 0.469131
22 0.0743642 9.68429 160.552 0.195403 9.48888 0.0778689 1.70276e+06 2.83591e+06 155839 1880.94 737626 35213.1 146374 0.000755717 1.46615e+12 0 0 49.0681 780.066 0.0292747 0.465398
23 0.0778689 9.72241 159.087 0.196456 9.52595 0.0815387 1.86615e+06 3.12828e+06 173707 2089.37 711455 36161.4 154801 0.00083013 1.46306e+12 0 0 53.7635 848.307 0.0292537 0.461579
24 0.0815387 9.75965 157.58 0.197461 9.56219 0.0853815 2.04518e+06 3.44583e+06 193374 2320.17 686138 37132.6 163696 0.000912224 1.4599e+12 0 0 58.909 922.291 0.0292331 0.457679
25 0.0853815 9.79601 156.026 0.198419 9.59759 0.0894054 2.24133e+06 3.79058e+06 215019 2575.7 661647 38126.9 173083 0.00100239 1.45669e+12 0 0 64.548 1002.43 0.029213 0.45368
26 0.0894054 9.83151 154.431 0.199329 9.63218 0.0936189 2.45624e+06 4.16473e+06 238838 2858.58 637957 39144.9 182986 0.0011014 1.4534e+12 0 0 70.7277 1089.25 0.0291933 0.449595
27 0.0936189 9.86615 152.79 0.200191 9.66596 0.0980311 2.69168e+06 4.57061e+06 265048 3171.71 615042 40186.9 193434 0.00119345 1.45005e+12 0 0 77.5002 1183.23 0.029174 0.445414
28 0.0980311 9.89996 151.105 0.201004 9.69895 0.102651 2.9496e+06 5.01074e+06 293884 3518.27 592880 41253.3 204453 0.00127729 1.44662e+12 0 0 84.9223 1284.92 0.0291551 0.441133
29 0.102651 9.93294 149.373 0.20177 9.73117 0.107489 3.23216e+06 5.48781e+06 325608 3901.79 571446 42344.6 216074 0.00136707 1.44311e+12 0 0 93.0564 1394.89 0.0291367 0.43675
30 0.107489 9.96511 147.597 0.202488 9.76262 0.112555 3.54168e+06 6.00469e+06 360505 4326.16 550718 43461.1 228327 0.00146319 1.43951e+12 0 0 101.971 1513.76 0.0291186 0.432265
31 0.112555 9.99647 145.78 0.203157 9.79331 0.117859 3.88072e+06 6.56445e+06 398889 4795.67 530674 44603.2 241243 0.00156611 1.43583e+12 0 0 111.741 1642.22 0.0291008 0.427685
32 0.117859 10.027 143.915 0.203778 9.82327 0.123414 4.25208e+06 7.17036e+06 441105 5315.05 511292 45771.3 254857 0.001599 1.43205e+12 0 0 122.448 1780.89 0.0290834 0.422991
33 0.123414 10.0568 142.007 0.204349 9.8525 0.12923 4.65883e+06 7.82593e+06 487532 5889.52 492552 46965.9 269203 0.001634 1.42817e+12 0 0 134.183 1930.56 0.0290664 0.418193
34 0.12923 10.0859 140.055 0.204872 9.88102 0.135321 5.1043e+06 8.53487e+06 538585 6524.84 474434 48187.2 284317 0.0016701 1.42419e+12 0 0 147.044 2091.99 0.0290496 0.413289
35 0.135321 10.1142 138.062 0.205345 9.90884 0.141698 5.59217e+06 9.30113e+06 594720 7227.35 456918 49435.6 300238 0.00170733 1.4201e+12 0 0 161.139 2266.01 0.0290332 0.408278
36 0.141698 10.1417 136.027 0.205769 9.93597 0.148376 6.12643e+06 1.01289e+07 656440 8004.05 439986 50711.5 317005 0.00171303 1.41589e+12 0 0 176.587 2453.51 0.029017 0.403164
37 0.148376 10.1686 133.946 0.206142 9.96243 0.155369 6.71147e+06 1.10227e+07 724292 8862.65 423619 52015.3 334660 0.00168183 1.41155e+12 0 0 193.518 2655.27 0.0290012 0.397926
38 0.155369 10.1947 131.828 0.206465 9.98824 0.162691 7.35207e+06 1.19873e+07 798882 9811.65 407800 53347.3 353244 0.00165181 1.40709e+12 0 0 212.075 2872.42 0.0289856 0.392592
39 0.162691 10.2201 129.671 0.206737 10.0134 0.170358 8.05346e+06 1.30275e+07 880873 10860.4 392511 54707.7 372803 0.00162295 1.40249e+12 0 0 232.412 3105.89 0.0289702 0.38715
40 0.170358 10.2449 127.473 0.206958 10.0379 0.178387 8.82136e+06 1.41489e+07 970991 12019.2 377736 56097 393383 0.00159521 1.39775e+12 0 0 254.702 3356.68 0.0289551 0.381595
41 0.178387 10.269 125.237 0.207126 10.0619 0.186794 9.66202e+06 1.53568e+07 1.07004e+06 13299.4 363459 57515.4 415033 0.00157109 1.39286e+12 0 0 279.131 3625.89 0.0289402 0.375931
42 0.186794 10.2924 122.966 0.207242 10.0852 0.195598 1.05823e+07 1.66572e+07 1.17889e+06 14713.4 349664 58963.2 437802 0.00154449 1.38781e+12 0 0 305.906 3914.72 0.0289255 0.370164
43 0.195598 10.3152 120.66 0.207304 10.1079 0.204816 1.15896e+07 1.80564e+07 1.2985e+06 16275.1 336336 60440.7 461743 0.00151897 1.3826e+12 0 0 335.251 4224.35 0.028911 0.364295
44 0.204816 10.3374 118.324 0.207313 10.1301 0.214469 1.2692e+07 1.95608e+07 1.42994e+06 17999.5 323460 61948.1 486909 0.00149452 1.37722e+12 0 0 367.413 4556.1 0.0288967 0.358333
45 0.214469 10.359 115.954 0.207266 10.1517 0.224576 1.38986e+07 2.11774e+07 1.57436e+06 19903.2 311022 63485.6 513356 0.00149045 1.37165e+12 0 0 402.663 4911.06 0.0288825 0.352264
46 0.224576 10.38 113.552 0.207164 10.1728 0.23516 1.52189e+07 2.29132e+07 1.73303e+06 22004.6 299009 65053.4 541143 0.00152523 1.3659e+12 0 0 441.297 5290.48 0.0288685 0.34609
47 0.23516 10.4004 111.124 0.207006 10.1933 0.246243 1.66637e+07 2.47758e+07 1.90735e+06 24323.6 287407 66651.8 570328 0.00156124 1.35995e+12 0 0 483.64 5695.93 0.0288547 0.339827
48 0.246243 10.4202 108.672 0.206791 10.2134 0.257848 1.82444e+07 2.6773e+07 2.09886e+06 26882.5 276202 68280.9 600973 0.00159853 1.35379e+12 0 0 530.048 6128.89 0.0288409 0.333484
49 0.257848 10.4394 106.197 0.206517 10.2329 0.27 1.99737e+07 2.8913e+07 2.30923e+06 29705.3 265383 69940.7 633142 0.00163717 1.34742e+12 0 0 580.911 6590.63 0.0288272 0.327055
50 0.27 10.4582 103.699 0.206184 10.252 0.282725 2.18654e+07 3.12043e+07 2.54031e+06 32818.8 254938 71631.5 666902 0.0017194 1.34082e+12 0 0 636.657 7082.41 0.0288137 0.320534
51 0.282725 10.4763 101.18 0.20579 10.2706 0.296049 2.39344e+07 3.36557e+07 2.79412e+06 36252.2 244854 73353.2 702319 0.00184849 1.33399e+12 0 0 697.754 7605.61 0.0288002 0.313926
52 0.296049 10.494 98.6467 0.205335 10.2887 0.310001 2.61972e+07 3.62762e+07 3.07289e+06 40037.6 235120 75105.9 739464 0.00198731 1.32692e+12 0 0 764.715 8162.19 0.0287868 0.307256
53 0.310001 10.5112 96.0996 0.204818 10.3064 0.324611 2.86716e+07 3.90754e+07 3.37906e+06 44210 225725 76889.6 778409 0.00213659 1.31959e+12 0 0 838.103 8753.32 0.0287734 0.300515
54 0.324611 10.5278 93.5406 0.204236 10.3236 0.33991 3.1377e+07 4.20629e+07 3.7153e+06 48808.3 216659 78704.2 819226 0.00229715 1.312e+12 0 0 918.536 9380.45 0.02876 0.293709
55 0.33991 10.544 90.9725 0.20359 10.3404 0.355929 3.43347e+07 4.52486e+07 4.08454e+06 53874.6 207910 80549.8 861991 0.00250654 1.30413e+12 0 0 1006.69 10044.9 0.0287467 0.28684
56 0.355929 10.5598 88.4026 0.202877 10.3569 0.372704 3.75677e+07 4.86431e+07 4.49001e+06 59455.3 199469 82426.1 906783 0.00277161 1.29598e+12 0 0 1103.3 10749 0.0287334 0.279937
57 0.372704 10.575 85.8252 0.202096 10.3729 0.390269 4.11012e+07 5.22566e+07 4.93525e+06 65601.3 191326 84332.9 953679 0.00306419 1.28753e+12 0 0 1209.18 11492.5 0.02872 0.272965
58 0.390269 10.5898 83.251 0.201246 10.3886 0.408662 4.49625e+07 5.60998e+07 5.42412e+06 72368.1 183472 86270.2 1.00276e+06 0.0033871 1.27877e+12 0 0 1325.22 12278.1 0.0287066 0.265965
59 0.408662 10.6042 80.6851 0.200326 10.4039 0.427921 4.91814e+07 6.01839e+07 5.96089e+06 79816.7 175897 88237.6 1.05411e+06 0.00374337 1.2697e+12 0 0 1452.4 13107.9 0.0286932 0.258957
60 0.427921 10.6182 78.1151 0.199333 10.4189 0.448088 5.37903e+07 6.45194e+07 6.55022e+06 88013.7 168593 90234.7 1.10781e+06 0.00414406 1.26029e+12 0 0 1591.78 13979 0.0286797 0.251867
61 0.448088 10.6317 75.5585 0.198266 10.4335 0.469206 5.88244e+07 6.91177e+07 7.19723e+06 97032 161550 92261.3 1.16395e+06 0.00462092 1.25055e+12 0 0 1744.52 14896.1 0.0286662 0.244775
62 0.469206 10.6449 73.0162 0.197124 10.4478 0.491319 6.43219e+07 7.39899e+07 7.90754e+06 106951 154762 94316.9 1.22262e+06 0.00515133 1.24044e+12 0 0 1911.92 15859.5 0.0286526 0.237675
63 0.491319 10.6576 70.4761 0.195905 10.4617 0.514474 7.03244e+07 7.91463e+07 8.68731e+06 117859 148218 96401 1.28389e+06 0.00574111 1.22998e+12 0 0 2095.37 16864.1 0.0286388 0.230493
64 0.514474 10.67 67.9574 0.194608 10.4754 0.538721 7.68771e+07 8.45981e+07 9.5433e+06 129849 141912 98513.1 1.34787e+06 0.00639665 1.21913e+12 0 0 2296.42 17915.4 0.028625 0.223317
65 0.538721 10.682 65.4552 0.19323 10.4888 0.56411 8.4029e+07 9.03559e+07 1.04829e+07 143026 135836 100652 1.41463e+06 0.00710194 1.2079e+12 0 0 2516.75 19010 0.028611 0.21611
66 0.56411 10.6936 62.9711 0.191771 10.5019 0.590696 9.18332e+07 9.64295e+07 1.15144e+07 157504 129983 102819 1.48427e+06 0.00791133 1.19627e+12 0 0 2758.2 20145.5 0.0285969 0.208868
67 0.590696 10.7049 60.5026 0.190227 10.5147 0.618534 1.00348e+08 1.02828e+08 1.26465e+07 173406 124345 105011 1.55688e+06 0.00881037 1.18422e+12 0 0 3022.79 21316.7 0.0285826 0.201564
68 0.618534 10.7158 58.0595 0.188599 10.5272 0.647685 1.09634e+08 1.09561e+08 1.38891e+07 190866 118916 107228 1.63255e+06 0.00980861 1.17175e+12 0 0 3312.75 22523.1 0.0285682 0.194233
69 0.647685 10.7264 55.6429 0.186884 10.5395 0.678209 1.19762e+08 1.16635e+08 1.52529e+07 210032 113688 109469 1.71137e+06 0.0109166 1.15885e+12 0 0 3630.5 23759.1 0.0285535 0.186863
70 0.678209 10.7372 53.2412 0.184916 10.5523 0.710172 1.30803e+08 1.24058e+08 1.67498e+07 231064 108656 111734 1.73158e+06 0.0121458 1.14436e+12 0 0 3978.54 25006.2 0.0285376 0.179366
71 0.710172 10.7485 50.8762 0.182742 10.5658 0.743642 1.42837e+08 1.31835e+08 1.83929e+07 254135 103813 114020 1.7252e+06 0.013373 1.12855e+12 0 0 4359.76 26265.9 0.0285204 0.171825
72 0.743642 10.7641 48.5559 0.180562 10.5835 0.778689 1.5595e+08 1.39974e+08 2.01971e+07 279435 99152.7 116328 1.70866e+06 0.0148069 1.11197e+12 0 0 4777.08 27520.9 0.0285007 0.164193
73 0.778689 860.706 0.016056 0 860.706 0.815387 1.70235e+08 1.39977e+08 1.78381e+08 307170 94669.5 118655 1.6922e+06 0.0163898 0 0 0 2176.74 0 0.011844 0
74 0.815387 813.168 0 0 813.168 0.853815 1.85792e+08 1.39977e+08 3.42246e+08 337563 90357.5 121001 1.67582e+06 0.0181364 0 0 0 2179.58 0 0.010816 0
75 0.853815 767.239 0 0 767.239 0.894054 2.02729e+08 1.39977e+08 5.11772e+08 370858 86211.2 123364 1.65952e+06 0.0200631 0 0 0 2177.5 0 0.0098549 0
76 0.894054 722.927 0 0 722.927 0.936189 2.21164e+08 1.39977e+08 6.86919e+08 407318 82225.1 125743 1.64328e+06 0.0221874 0 0 0 2170.53 0 0.00895901 0
77 0.936189 680.237 0 0 680.237 0.980311 2.41221e+08 1.39977e+08 8.67622e+08 447230 78394.1 128136 1.64937e+06 0.024198 0 0 0 2158.53 0 0.00812552 0
78 0.980311 639.172 0 0 639.172 1.02651 2.63038e+08 1.39977e+08 1.0538e+09 490903 74713 130540 1.64499e+06 0.0265491 0 0 0 2140.42 0 0.00734841 0
79 1.02651 599.729 0 0 599.729 1.07489 2.86759e+08 1.39977e+08 1.24534e+09 538673 71177 132956 1.64036e+06 0.0291217 0 0 0 2116.92 0 0.00662823 0
80 1.07489 561.9 0 0 561.9 1.12555 3.12543e+08 1.39977e+08 1.44211e+09 590903 67781.2 135380 1.63548e+06 0.0319359 0 0 0 2088.85 0 0.00596485 0
81 1.12555 525.676 0 0 525.676 1.17859 3.40557e+08 1.39977e+08 1.64396e+09 647988 64521.1 137810 1.63034e+06 0.0350137 0 0 0 2054.85 0 0.00535147 0
82 1.17859 491.042 0 0 491.042 1.23414 3.70984e+08 1.39977e+08 1.8507e+09 710351 61392.2 140246 1.62496e+06 0.0383782 0 0 0 2014.96 0 0.00478586 0
83 1.23414 457.981 0 0 457.981 1.2923 4.04017e+08 1.39977e+08 2.06213e+09 778452 58390 142683 1.62842e+06 0.0418204 0 0 0 1970.66 0 0.0042688 0
84 1.2923 426.471 0 0 426.471 1.35321 4.39865e+08 1.39977e+08 2.278e+09 852786 55510.4 145121 1.62248e+06 0.0458152 0 0 0 1922.66 0 0.00379836 0
85 1.35321 396.49 0 0 396.49 1.41698 4.78751e+08 1.39977e+08 2.49806e+09 933888 52749.3 147557 1.61628e+06 0.0501783 0 0 0 1869.58 0 0.00336851 0
86 1.41698 368.009 0 0 368.009 1.48376 5.20915e+08 1.39977e+08 2.72201e+09 1.02233e+06 50102.6 149987 1.60981e+06 0.0549416 0 0 0 1811.52 0 0.00297672 0
87 1.48376 340.999 0 0 340.999 1.55369 5.6661e+08 1.39977e+08 2.94955e+09 1.11874e+06 47566.7 152411 1.60306e+06 0.0601405 0 0 0 1748.59 0 0.00262049 0
88 1.55369 315.428 0 0 315.428 1.62691 6.16109e+08 1.39977e+08 3.18034e+09 1.22378e+06 45137.6 154824 1.59605e+06 0.0658123 0 0 0 1683.58 0 0.00230106 0
89 1.62691 291.261 0 0 291.261 1.70358 6.69703e+08 1.39977e+08 3.414e+09 1.33817e+06 42811.7 157225 1.58875e+06 0.0719984 0 0 0 1617.56 0 0.0020163 0
90 1.70358 268.461 0 0 268.461 1.78387 7.27701e+08 1.39977e+08 3.65015e+09 1.46268e+06 40585.6 159611 1.59595e+06 0.078013 0 0 0 1547.34 0 0.00175905 0
91 1.78387 246.99 0 0 246.99 1.86794 7.90431e+08 1.39977e+08 3.88838e+09 1.59812e+06 38455.8 161978 1.5927e+06 0.085044 0 0 0 1473.9 0 0.00152814 0
92 1.86794 226.807 0 0 226.807 1.95598 8.58243e+08 1.39977e+08 4.12824e+09 1.7454e+06 36419 164323 1.58902e+06 0.0926859 0 0 0 1398.41 0 0.00132229 0
93 1.95598 207.869 0 0 207.869 2.04816 9.31507e+08 1.39977e+08 4.36928e+09 1.90546e+06 34471.9 166644 1.58491e+06 0.10099 0 0 0 1320.38 0 0.00113866 0
94 2.04816 190.135 0 0 190.135 2.14469 1.01062e+09 1.39977e+08 4.61103e+09 2.07932e+06 32611.4 168938 1.58034e+06 0.11001 0 0 0 1241.69 0 0.00097658 0
95 2.14469 173.559 0 0 173.559 2.24576 1.09598e+09 1.39977e+08 4.853e+09 2.26805e+06 30834.4 171200 1.57534e+06 0.119806 0 0 0 1162.36 0 0.000833747 0
96 2.24576 158.097 0 0 158.097 2.3516 1.18805e+09 1.39977e+08 5.09467e+09 2.47283e+06 29138.1 173429 1.56988e+06 0.130439 0 0 0 1084.26 0 0.000709297 0
97 2.3516 143.703 0 0 143.703 2.46243 1.28728e+09 1.39977e+08 5.33554e+09 2.69488e+06 27519.5 175620 1.56397e+06 0.14198 0 0 0 1005.49 0 0.000599889 0
98 2.46243 130.331 0 0 130.331 2.57848 1.39415e+09 1.39977e+08 5.57507e+09 2.93553e+06 25975.8 177771 1.55761e+06 0.154499 0 0 0 927.579 0 0.000504713 0
99 2.57848 117.935 0 0 117.935 2.7 1.50918e+09 1.39977e+08 5.81272e+09 3.19618e+06 24504.3 179877 1.56306e+06 0.166756 0 0 0 851.297 0 0.000422449 0
100 2.7 106.469 0 0 106.469 2.82725 1.63292e+09 1.39977e+08 6.04797e+09 3.47832e+06 23102.3 181936 1.55927e+06 0.180947 0 0 0 777.145 0 0.000351719 0
101 2.82725 95.8859 0 0 95.8859 2.96049 1.76591e+09 1.39977e+08 6.28028e+09 3.78355e+06 21767.4 183944 1.55485e+06 0.196306 0 0 0 705.866 0 0.00029135 0
102 2.96049 86.1406 0 0 86.1406 3.10001 1.90875e+09 1.39977e+08 6.50911e+09 4.11354e+06 20496.9 185897 1.5498e+06 0.212926 0 0 0 637.859 0 0.000240114 0
103 3.10001 77.1879 0 0 77.1879 3.24611 2.06206e+09 1.39977e+08 6.73394e+09 4.47009e+06 19288.5 187793 1.54412e+06 0.230905 0 0 0 573.324 0 0.000196831 0
104 3.24611 68.983 0 0 68.983 3.3991 2.22647e+09 1.39977e+08 6.95426e+09 4.85508e+06 18139.8 189628 1.53781e+06 0.250349 0 0 0 512.949 0 0.000160608 0
105 3.3991 61.4822 0 0 61.4822 3.55929 2.40265e+09 1.39977e+08 7.16956e+09 5.27051e+06 17048.5 191399 1.53087e+06 0.271371 0 0 0 456.424 0 0.000130335 0
106 3.55929 54.6427 0 0 54.6427 3.72704 2.5913e+09 1.39977e+08 7.37938e+09 5.7185e+06 16012.4 193101 1.52331e+06 0.294093 0 0 0 404.13 0 0.000105248 0
107 3.72704 48.4225 0 0 48.4225 3.90269 2.79312e+09 1.39977e+08 7.58325e+09 6.20129e+06 15029.3 194733 1.51511e+06 0.318649 0 0 0 356.144 0 8.45901e-05 0
108 3.90269 42.781 0 0 42.781 4.08662 3.00886e+09 1.39977e+08 7.78075e+09 6.72122e+06 14097.1 196291 1.50627e+06 0.345178 0 0 0 312.234 0 6.76354e-05 0
109 4.08662 37.6788 0 0 37.6788 4.27921 3.23928e+09 1.39977e+08 7.97147e+09 7.28077e+06 13213.7 197772 1.49681e+06 0.373831 0 0 0 272.324 0 5.37996e-05 0
110 4.27921 33.0777 0 0 33.0777 4.48088 3.48517e+09 1.39977e+08 8.15506e+09 7.88255e+06 12377.2 199172 1.48672e+06 0.40477 0 0 0 236.416 0 4.25962e-05 0
111 4.48088 28.941 0 0 28.941 4.69206 3.74733e+09 1.39977e+08 8.33118e+09 8.5293e+06 11585.6 200490 1.48432e+06 0.435718 0 0 0 204.199 0 3.35543e-05 0
112 4.69206 25.2335 0 0 25.2335 4.91319 4.02658e+09 1.39977e+08 8.49956e+09 9.22388e+06 10837 201722 1.47295e+06 0.471558 0 0 0 175.368 0 2.62812e-05 0
113 4.91319 21.9213 0 0 21.9213 5.14474 4.32376e+09 1.39977e+08 8.65995e+09 9.96932e+06 10129.6 202866 1.46098e+06 0.510228 0 0 0 149.917 0 2.04901e-05 0
114 5.14474 18.9723 0 0 18.9723 5.38721 4.63973e+09 1.39977e+08 8.81215e+09 1.07688e+07 9461.64 203919 1.44842e+06 0.551936 0 0 0 127.584 0 1.59034e-05 0
115 5.38721 16.3559 0 0 16.3559 5.6411 4.97535e+09 1.39977e+08 8.95603e+09 1.16255e+07 8831.36 204880 1.43527e+06 0.59691 0 0 0 108.057 0 1.22841e-05 0
116 5.6411 14.0429 0 0 14.0429 5.90696 5.33152e+09 1.39977e+08 9.09147e+09 1.25429e+07 8237.09 205745 1.42156e+06 0.645394 0 0 0 91.0904 0 9.44422e-06 0
117 5.90696 12.006 0 0 12.006 6.18534 5.70911e+09 1.39977e+08 9.21844e+09 1.35247e+07 7677.21 206514 1.40729e+06 0.697645 0 0 0 76.4369 0 7.22764e-06 0
118 6.18534 10.2192 0 0 10.2192 6.47685 6.10901e+09 1.39977e+08 9.33694e+09 1.45746e+07 7150.14 207185 1.39249e+06 0.753942 0 0 0 63.849 0 5.50614e-06 0
119 6.47685 8.65838 0 0 8.65838 6.78209 6.53212e+09 1.39977e+08 9.44703e+09 1.56964e+07 6654.36 207755 1.37717e+06 0.814582 0 0 0 53.0848 0 4.17507e-06 0
120 6.78209 7.30078 0 0 7.30078 7.10172 6.97935e+09 1.39977e+08 9.54881e+09 1.68942e+07 6188.38 208225 1.36134e+06 0.879883 0 0 0 43.9272 0 3.15085e-06 0
121 7.10172 6.12526 0 0 6.12526 7.43642 7.45156e+09 1.39977e+08 9.64245e+09 1.81723e+07 5750.77 208592 1.34503e+06 0.950186 0 0 0 36.174 0 2.36641e-06 0
122 7.43642 5.11219 0 0 5.11219 7.78689 7.94966e+09 1.39977e+08 9.72813e+09 1.95349e+07 5340.14 208857 1.32827e+06 1.02585 0 0 0 29.641 0 1.76842e-06 0
123 7.78689 4.24343 0 0 4.24343 8.15387 8.47452e+09 1.39977e+08 9.80612e+09 2.09865e+07 4955.15 209019 1.31105e+06 1.10727 0 0 0 24.162 0 1.3147e-06 0
124 8.15387 3.50226 0 0 3.50226 8.53815 9.02698e+09 1.39977e+08 9.8767e+09 2.2532e+07 4594.5 209077 1.29343e+06 1.19485 0 0 0 19.5894 0 9.7211e-07 0
125 8.53815 2.87336 0 0 2.87336 8.94054 9.60791e+09 1.39977e+08 9.94019e+09 2.4176e+07 4256.95 209032 1.27541e+06 1.28904 0 0 0 15.7926 0 7.14737e-07 0
126 8.94054 2.34275 0 0 2.34275 9.36189 1.02181e+10 1.39977e+08 9.99695e+09 2.59237e+07 3941.27 208884 1.25701e+06 1.39031 0 0 0 12.6561 0 5.2239e-07 0
127 9.36189 1.89772 0 0 1.89772 9.80311 1.08584e+10 1.39977e+08 1.00474e+10 2.77801e+07 3646.32 208634 1.23828e+06 1.49917 0 0 0 10.0793 0 3.79423e-07 0
128 9.80311 1.52679 0 0 1.52679 10.2651 1.15295e+10 1.39977e+08 1.00918e+10 2.97505e+07 3370.97 208282 1.21923e+06 1.61616 0 0 0 7.97413 0 2.73764e-07 0
129 10.2651 1.21964 0 0 1.21964 10.7489 1.22323e+10 1.39977e+08 1.01308e+10 3.18406e+07 3114.14 207829 1.19989e+06 1.74186 0 0 0 6.2649 0 1.96159e-07 0
130 10.7489 0.967043 0 0 0.967043 11.2555 1.29673e+10 1.39977e+08 1.01646e+10 3.40558e+07 2874.79 207277 1.18028e+06 1.87688 0 0 0 4.8859 0 1.39521e-07 0
131 11.2555 0.760807 0 0 0.760807 11.7859 1.37353e+10 1.39977e+08 1.01939e+10 3.64021e+07 2651.94 206628 1.16044e+06 2.02188 0 0 0 3.78099 0 9.84689e-08 0
132 11.7859 0.593689 0 0 0.593689 12.3414 1.45369e+10 1.39977e+08 1.02189e+10 3.88854e+07 2444.62 205884 1.1404e+06 2.17755 0 0 0 2.90198 0 6.89267e-08 0
133 12.3414 0.45934 0 0 0.45934 12.923 1.53727e+10 1.39977e+08 1.02401e+10 4.15118e+07 2251.92 205045 1.12017e+06 2.34469 0 0 0 2.20807 0 4.78307e-08 0
134 12.923 0.352231 0 0 0.352231 13.5321 1.62433e+10 1.39977e+08 1.02579e+10 4.42878e+07 2072.98 204116 1.09979e+06 2.52405 0 0 0 1.66469 0 3.28873e-08 0
135 13.5321 0.267582 0 0 0.267582 14.1698 1.7149e+10 1.39977e+08 1.02727e+10 4.72197e+07 1906.95 203098 1.0793e+06 2.71651 0 0 0 1.24295 0 2.23948e-08 0
136 14.1698 0.201294 0 0 0.201294 14.8376 1.80905e+10 1.39977e+08 1.0285e+10 5.03143e+07 1753.03 201995 1.05871e+06 2.92301 0 0 0 0.918566 0 1.5094e-08 0
137 14.8376 0.149882 0 0 0.149882 15.5369 1.90681e+10 1.39977e+08 1.0295e+10 5.35785e+07 1610.47 200809 1.03805e+06 3.14449 0 0 0 0.671555 0 1.00641e-08 0
138 15.5369 0.110409 0 0 0.110409 16.2691 2.0082e+10 1.39977e+08 1.03031e+10 5.70192e+07 1478.55 199543 1.01735e+06 3.38204 0 0 0 0.485378 0 6.63397e-09 0
139 16.2691 0.0804219 0 0 0.0804219 17.0358 2.11328e+10 1.39977e+08 1.03095e+10 6.06437e+07 1356.56 198202 991079 3.65719 0 0 0 0.346525 0 4.31944e-09 0
140 17.0358 0.0578932 0 0 0.0578932 17.8387 2.22204e+10 1.39977e+08 1.03146e+10 6.44596e+07 1243.87 196788 970510 3.9318 0 0 0 0.244566 0 2.78028e-09 0
141 17.8387 0.0411644 0 0 0.0411644 18.6794 2.33453e+10 1.39977e+08 1.03186e+10 6.84744e+07 1139.85 195305 949981 4.22619 0 0 0 0.170452 0 1.76724e-09 0
142 18.6794 0.0288937 0 0 0.0288937 19.5598 2.45074e+10 1.39977e+08 1.03216e+10 7.2696e+07 1043.92 193757 929524 4.54173 0 0 0 0.11723 0 1.10849e-09 0
143 19.5598 0.0200081 0 0 0.0200081 20.4816 2.5707e+10 1.39977e+08 1.0324e+10 7.71327e+07 955.511 192149 909159 4.8799 0 0 0 0.0795173 0 6.85733e-10 0
144 20.4816 0.0136599 0 0 0.0136599 21.4469 2.69439e+10 1.39977e+08 1.03257e+10 8.17926e+07 874.108 190484 888914 5.24229 0 0 0 0.0531613 0 4.18108e-10 0
145 21.4469 0.00918837 0 0 0.00918837 22.4576 2.82182e+10 1.39977e+08 1.0327e+10 8.66845e+07 799.214 188766 868811 5.63058 0 0 0 0.0350021 0 2.51066e-10 0
146 22.4576 0.00608513 0 0 0.00608513 23.516 2.95298e+10 1.39977e+08 1.03279e+10 9.18173e+07 730.364 186999 848871 6.04662 0 0 0 0.0226812 0 1.48375e-10 0
147 23.516 0.00396478 0 0 0.00396478 24.6243 3.08785e+10 1.39977e+08 1.03286e+10 9.72002e+07 667.118 185189 829121 6.49233 0 0 0 0.0144533 0 8.62307e-11 0
148 24.6243 0.00253951 0 0 0.00253951 25.7848 3.22643e+10 1.39977e+08 1.0329e+10 1.02843e+08 609.064 183340 809578 6.96979 0 0 0 0.00905245 0 4.9256e-11 0
149 25.7848 0.00159774 0 0 0.00159774 27 3.36868e+10 1.39977e+08 1.03294e+10 1.08755e+08 555.817 181455 790262 7.48128 0 0 0 0.00556756 0 2.76286e-11 0
150 27 0.000986548 0 0 0.000986548 28.2725 3.51459e+10 1.39977e+08 1.03296e+10 1.14947e+08 507.012 179539 771190 8.0292 0 0 0 0.0033605 0 1.52089e-11 0
151 28.2725 0.000597306 0 0 0.000597306 29.6049 3.66411e+10 1.39977e+08 1.03297e+10 1.2143e+08 462.311 177598 748376 8.66224 0 0 0 0.00198958 0 8.21211e-12 0
152 29.6049 0.00035427 0 0 0.00035427 31.0001 3.81721e+10 1.39977e+08 1.03298e+10 1.28214e+08 421.398 175634 731571 9.27366 0 0 0 0.00115384 0 4.34348e-12 0
153 31.0001 0.000205639 0 0 0.000205639 32.4611 3.97386e+10 1.39977e+08 1.03299e+10 1.35312e+08 383.976 173654 715018 9.92666 0 0 0 0.000655064 0 2.24893e-12 0
154 32.4611 0.000116697 0 0 0.000116697 33.991 4.134e+10 1.39977e+08 1.03299e+10 1.42735e+08 349.77 171660 698724 10.6241 0 0 0 0.000363586 0 1.13842e-12 0
155 33.991 6.4674e-05 0 0 6.4674e-05 35.5929 4.2976e+10 1.39977e+08 1.03299e+10 1.50497e+08 318.523 169658 682699 11.3691 0 0 0 0.000197154 0 5.62989e-13 0
156 35.5929 3.49644e-05 0 0 3.49644e-05 37.2704 4.4646e+10 1.39977e+08 1.033e+10 1.5861e+08 289.996 167652 666955 12.165 0 0 0 0.000104307 0 2.71649e-13 0
157 37.2704 1.84176e-05 0 0 1.84176e-05 39.0269 4.63495e+10 1.39977e+08 1.033e+10 1.6709e+08 263.968 165646 651500 13.0152 0 0 0 5.37793e-05 0 1.27735e-13 0
158 39.0269 9.44085e-06 0 0 9.44085e-06 40.8662 4.80859e+10 1.39977e+08 1.033e+10 1.7595e+08 240.232 163645 636343 13.9237 0 0 0 2.69921e-05 0 5.84695e-14 0
159 40.8662 4.70324e-06 0 0 4.70324e-06 42.7921 4.98546e+10 1.39977e+08 1.033e+10 1.85207e+08 218.599 161652 621489 14.8947 0 0 0 1.31699e-05 0 2.60181e-14 0
160 42.7921 2.27405e-06 0 0 2.27405e-06 44.8088 5.16552e+10 1.39977e+08 1.033e+10 1.94877e+08 198.892 159671 606946 15.9325 0 0 0 6.2379e-06 0 1.12391e-14 0
161 44.8088 1.06562e-06 0 0 1.06562e-06 46.9206 5.34868e+10 1.39977e+08 1.033e+10 2.04978e+08 180.949 157707 588644 17.16 0 0 0 2.86038e-06 0 4.7002e-15 0
162 46.9206 4.83227e-07 0 0 4.83227e-07 49.1319 5.53489e+10 1.39977e+08 1.033e+10 2.15529e+08 164.618 155764 576265 18.3093 0 0 0 1.2696e-06 0 1.90266e-15 0
163 49.1319 2.11725e-07 0 0 2.11725e-07 51.4474 5.72409e+10 1.39977e+08 1.033e+10 2.2655e+08 149.762 153844 564146 19.5355 0 0 0 5.44853e-07 0 7.44686e-16 0
164 51.4474 8.94856e-08 0 0 8.94856e-08 53.8721 5.9162e+10 1.39977e+08 1.033e+10 2.38062e+08 136.252 151953 552290 20.8445 0 0 0 2.25731e-07 0 2.81375e-16 0
165 53.8721 3.64208e-08 0 0 3.64208e-08 56.411 6.11116e+10 1.39977e+08 1.033e+10 2.50089e+08 123.971 150093 540704 22.2422 0 0 0 9.01157e-08 0 1.02446e-16 0
166 56.411 1.42489e-08 0 0 1.42489e-08 59.0696 6.3089e+10 1.39977e+08 1.033e+10 2.62654e+08 112.811 148268 529384 23.7354 0 0 0 3.46e-08 0 3.58731e-17 0
167 59.0696 5.34854e-09 0 0 5.34854e-09 61.8534 6.50935e+10 1.39977e+08 1.033e+10 2.75784e+08 102.673 146482 518337 25.3314 0 0 0 1.27505e-08 0 1.20565e-17 0
168 61.8534 1.92244e-09 0 0 1.92244e-09 64.7685 6.71244e+10 1.39977e+08 1.033e+10 2.89507e+08 93.465 144737 507563 27.038 0 0 0 4.50066e-09 0 3.88123e-18 0
169 64.7685 6.60302e-10 0 0 6.60302e-10 67.8209 6.9181e+10 1.39977e+08 1.033e+10 3.03855e+08 85.1045 143037 497063 28.864 0 0 0 1.51836e-09 0 1.19418e-18 0
170 67.8209 2.16255e-10 0 0 2.16255e-10 71.0172 7.12626e+10 1.39977e+08 1.033e+10 3.18858e+08 77.5148 141385 486837 30.8189 0 0 0 4.88497e-10 0 3.50393e-19 0
171 71.0172 6.7382e-11 0 0 6.7382e-11 74.3642 7.33685e+10 1.39977e+08 1.033e+10 3.34554e+08 70.626 139784 474224 33.0976 0 0 0 1.49231e-10 0 9.7623e-20 0
172 74.3642 1.99273e-11 0 0 1.99273e-11 77.8689 7.5498e+10 1.39977e+08 1.033e+10 3.5098e+08 64.3743 138236 464605 35.3545 0 0 0 4.33049e-11 0 2.58363e-20 0
173 77.8689 5.57962e-12 0 0 5.57962e-12 81.5387 7.76505e+10 1.39977e+08 1.033e+10 3.68177e+08 58.7013 136745 455260 37.7749 0 0 0 1.19052e-11 0 6.47783e-21 0
174 81.5387 1.47532e-12 0 0 1.47532e-12 85.3815 7.98252e+10 1.39977e+08 1.033e+10 3.86191e+08 53.5538 135313 446187 40.3728 0 0 0 3.09206e-12 0 1.53441e-21 0
175 85.3815 3.67383e-13 0 0 3.67383e-13 89.4054 8.20214e+10 1.39977e+08 1.033e+10 4.0507e+08 48.8832 133943 437387 43.1628 0 0 0 7.56544e-13 0 3.42395e-22 0
176 89.4054 8.59142e-14 0 0 8.59142e-14 93.6189 8.42386e+10 1.39977e+08 1.033e+10 4.24867e+08 44.6454 132637 428858 46.1614 0 0 0 1.73872e-13 0 7.17667e-23 0
177 93.6189 1.8812e-14 0 0 1.8812e-14 98.0311 8.6476e+10 1.39977e+08 1.033e+10 4.45639e+08 40.8 131398 420599 49.3864 0 0 0 3.74147e-14 0 1.40843e-23 0
178 98.0311 3.84481e-15 0 0 3.84481e-15 102.651 8.8733e+10 1.39977e+08 1.033e+10 4.67448e+08 37.3104 130227 412607 52.8577 0 0 0 7.50892e-15 0 2.57793e-24 0
179 102.651 7.31089e-16 0 0 7.31089e-16 107.489 9.10089e+10 1.39977e+08 1.033e+10 4.90363e+08 34.1433 129127 404882 56.5969 0 0 0 1.39433e-15 0 4.36577e-25 0
180 107.489 1.28896e-16 0 0 1.28896e-16 112.555 9.33031e+10 1.39977e+08 1.033e+10 5.14458e+08 31.2685 128101 397419 60.628 0 0 0 2.32956e-16 0 6.65222e-26 0
181 112.555 2.09956e-17 0 0 2.09956e-17 117.859 9.56151e+10 1.39977e+08 1.033e+10 5.39813e+08 28.6584 127150 390218 64.977 0 0 0 2.89596e-17 0 7.54199e-27 0
182 117.859 3.14785e-18 0 0 3.14785e-18 123.414 9.79441e+10 1.39977e+08 1.033e+10 5.66517e+08 26.2881 126276 0 0 0 0 0 0 0 0 0
183 123.414 4.32706e-19 0 0 4.32706e-19 129.23 9.97741e+10 1.39977e+08 1.033e+10 5.66517e+08 0 0 0 0 0 0 0 0 0 0 0
184 129.23 5.43108e-20 0 0 5.43108e-20 135.321 9.97741e+10 1.39977e+08 1.033e+10 5.66517e+08 0 0 0 0 0 0 0 0 0 0 0
185 135.321 6.19765e-21 0 0 6.19765e-21 141.698 9.97741e+10 1.39977e+08 1.033e+10 5.66517e+08 0 0 0 0 0 0 0 0 0 0 0
186 141.698 6.4012e-22 0 0 6.4012e-22 148.376 9.97741e+10 1.39977e+08 1.033e+10 5.66517e+08 0 0 0 0 0 0 0 0 0 0 0
187 148.376 5.95587e-23 0 0 5.95587e-23 155.369 9.97741e+10 1.39977e+08 1.033e+10 5.66517e+08 0 0 0 0 0 0 0 0 0 0 0
188 155.369 4.96748e-24 0 0 4.96748e-24 162.691 9.97741e+10 1.39977e+08 1.033e+10 5.66517e+08 0 0 0 0 0 0 0 0 0 0 0
189 162.691 3.69479e-25 0 0 3.69479e-25 170.358 9.97741e+10 1.39977e+08 1.033e+10 5.66517e+08 0 0 0 0 0 0 0 0 0 0 0
190 170.358 2.43759e-26 0 0 2.43759e-26 178.387 9.97741e+10 1.39977e+08 1.033e+10 5.66517e+08 0 0 0 0 0 0 0 0 0 0 0
191 178.387 1.41836e-27 0 0 1.41836e-27 186.794 9.97741e+10 1.39977e+08 1.033e+10 5.66517e+08 0 0 0 0 0 0 0 0 0 0 0
192 186.794 7.23591e-29 0 0 7.23591e-29 195.598 9.97741e+10 1.39977e+08 1.033e+10 5.66517e+08 0 0 0 0 0 0 0 0 0 0 0
193 195.598 3.21649e-30 0 0 3.21649e-30 204.816 9.97741e+10 1.39977e+08 1.033e+10 5.66517e+08 0 0 0 0 0 0 0 0 0 0 0
194 204.816 1.23774e-31 0 0 1.23774e-31 214.469 9.97741e+10 1.39977e+08 1.033e+10 5.66517e+08 0 0 0 0 0 0 0 0 0 0 0
195 214.469 4.09525e-33 0 0 4.09525e-33 224.576 9.97741e+10 1.39977e+08 1.033e+10 5.66517e+08 0 0 0 0 0 0 0 0 0 0 0
196 224.576 1.15674e-34 0 0 1.15674e-34 235.16 9.97741e+10 1.39977e+08 1.033e+10 5.66517e+08 0 0 0 0 0 0 0 0 0 0 0
197 235.16 2.76852e-36 0 0 2.76852e-36 246.243 9.97741e+10 1.39977e+08 1.033e+10 5.66517e+08 0 0 0 0 0 0 0 0 0 0 0
198 246.243 5.57089e-38 0 0 5.57089e-38 257.848 9.97741e+10 1.39977e+08 1.033e+10 5.66517e+08 0 0 0 0 0 0 0 0 0 0 0
199 257.848 9.34778e-40 0 0 9.34778e-40 270 9.97741e+10 1.39977e+08 1.033e+10 5.66517e+08 0 0 0 0 0 0 0 0 0 0 0
