0 0.027 0.122 658.584 0.121129 0.000870904 0.0282725 291926 145518 26.9566 279.584 2.91019e+06 29983.9 880174 8.59212e-05 1.81614e+13 0 0 7692.52 2.56325e+06 34.8147 11600.7
1 0.0282725 0.121931 656.465 0.120987 0.000944461 0.0296049 320056 304563 56.4975 319.044 2.81411e+06 30843.8 118635 9.28282e-05 1.81558e+13 0 0 7688.31 2.56132e+06 31.7339 10572
2 0.0296049 0.121864 654.192 0.12084 0.00102415 0.0310001 350895 478347 88.8704 362.852 2.72106e+06 31727.2 125779 9.71552e-05 1.81499e+13 0 0 7684.16 2.5593e+06 28.9261 9634.18
3 0.0310001 0.121798 651.827 0.120688 0.00111049 0.0324611 384703 668210 124.347 411.484 2.63093e+06 32634.7 133346 0.000103865 1.81437e+13 0 0 7680.11 2.5572e+06 26.367 8779.25
4 0.0324611 0.121734 649.364 0.12053 0.00120401 0.033991 421766 875603 163.227 465.469 2.54363e+06 33566.8 141360 0.00011104 1.81372e+13 0 0 7676.19 2.555e+06 24.0347 7999.88
5 0.033991 0.121672 646.803 0.120367 0.00130531 0.0355929 462398 1.10211e+06 205.835 525.391 2.45908e+06 34524.1 149846 0.000118713 1.81304e+13 0 0 7672.42 2.5527e+06 21.9092 7289.42
6 0.0355929 0.121613 644.139 0.120198 0.00141502 0.0372704 506940 1.34944e+06 252.532 591.9 2.3772e+06 35507.3 158832 0.000123047 1.81234e+13 0 0 7668.84 2.5503e+06 19.9721 6641.79
7 0.0372704 0.121557 641.368 0.120024 0.00153382 0.0390269 555769 1.61947e+06 303.711 665.716 2.2979e+06 36517 168346 0.000129421 1.81159e+13 0 0 7665.49 2.5478e+06 18.2068 6051.45
8 0.0390269 0.121506 638.487 0.119843 0.00166246 0.0408662 609298 1.91423e+06 359.803 747.635 2.22111e+06 37553.8 178419 0.000136131 1.81082e+13 0 0 7662.42 2.54519e+06 16.5981 5513.33
9 0.0408662 0.121459 635.495 0.119657 0.00180173 0.0427921 667978 2.2359e+06 421.283 838.541 2.14674e+06 38618.3 189082 0.000143194 1.81001e+13 0 0 7659.67 2.54247e+06 15.1322 5022.84
10 0.0427921 0.121418 632.384 0.119466 0.00195249 0.0448088 732303 2.58689e+06 488.673 939.414 2.07472e+06 39711.3 200370 0.00015063 1.80916e+13 0 0 7657.29 2.53963e+06 13.7965 4575.77
11 0.0448088 0.121384 629.153 0.119268 0.00211568 0.0469206 802817 2.96977e+06 562.542 1051.34 2.00499e+06 40833.3 212316 0.000151407 1.80827e+13 0 0 7655.35 2.53667e+06 12.5794 4168.28
12 0.0469206 0.121357 625.792 0.119065 0.00229229 0.0491319 880114 3.38734e+06 643.521 1175.52 1.93746e+06 41985.1 224960 0.000155814 1.80734e+13 0 0 7653.9 2.53358e+06 11.4703 3796.89
13 0.0491319 0.121339 622.294 0.118855 0.0024834 0.0514474 964845 3.84265e+06 732.299 1313.28 1.87208e+06 43167.4 238339 0.000160363 1.80636e+13 0 0 7653.03 2.53036e+06 10.4599 3458.41
14 0.0514474 0.121331 618.67 0.11864 0.00269016 0.0538721 1.05772e+06 4.33897e+06 829.636 1466.11 1.80877e+06 44380.9 252496 0.000165058 1.80534e+13 0 0 7652.81 2.52701e+06 9.53925 3149.92
15 0.0538721 0.121334 614.921 0.11842 0.00291384 0.056411 1.15953e+06 4.87988e+06 936.367 1635.63 1.74747e+06 45626.2 267475 0.000165886 1.80428e+13 0 0 7653.32 2.52351e+06 8.70048 2868.79
16 0.056411 0.121349 611.044 0.118194 0.00315578 0.0590696 1.27113e+06 5.46924e+06 1053.41 1823.66 1.68813e+06 46904.1 283320 0.000168854 1.80316e+13 0 0 7654.67 2.51986e+06 7.93633 2612.59
17 0.0590696 0.121379 607.038 0.117962 0.00341742 0.0618534 1.39345e+06 6.11122e+06 1181.78 2032.2 1.63068e+06 48215.4 300082 0.000171894 1.80199e+13 0 0 7656.95 2.51607e+06 7.24018 2379.12
18 0.0618534 0.121426 602.898 0.117725 0.00370031 0.0647685 1.52753e+06 6.81034e+06 1322.58 2263.46 1.57506e+06 49560.7 317810 0.000175008 1.80077e+13 0 0 7660.28 2.51211e+06 6.606 2166.37
19 0.0647685 0.12149 598.624 0.117484 0.00400613 0.0678209 1.67449e+06 7.57147e+06 1477.05 2519.91 1.52121e+06 50940.9 336559 0.000175521 1.7995e+13 0 0 7664.79 2.508e+06 6.02829 1972.52
20 0.0678209 0.121574 594.212 0.117237 0.00433668 0.0710172 1.83556e+06 8.39989e+06 1646.54 2804.27 1.46909e+06 52356.7 356385 0.000175741 1.79816e+13 0 0 7670.62 2.50371e+06 5.50204 1795.88
21 0.0710172 0.121681 589.661 0.116987 0.00469388 0.0743642 2.01211e+06 9.30127e+06 1832.55 3119.54 1.41863e+06 53808.8 377347 0.000175988 1.79676e+13 0 0 7677.91 2.49925e+06 5.02269 1634.95
22 0.0743642 0.121813 584.969 0.116733 0.0050798 0.0778689 2.20561e+06 1.02818e+07 2036.72 3469.06 1.36979e+06 55298.1 399509 0.000176262 1.7953e+13 0 0 7686.82 2.49461e+06 4.58607 1488.32
23 0.0778689 0.121972 580.134 0.116475 0.00549666 0.0815387 2.41768e+06 1.13479e+07 2260.89 3856.51 1.32252e+06 56825.3 422936 0.000178379 1.79377e+13 0 0 7697.54 2.48978e+06 4.18838 1354.74
24 0.0815387 0.122162 575.157 0.116215 0.00594683 0.0853815 2.65011e+06 1.2507e+07 2507.06 4285.98 1.27677e+06 58391.3 447696 0.00017863 1.79217e+13 0 0 7710.27 2.48476e+06 3.82616 1233.04
25 0.0853815 0.122387 570.034 0.115954 0.00643287 0.0894054 2.90485e+06 1.37665e+07 2777.48 4761.97 1.23249e+06 59996.8 473864 0.000178911 1.7905e+13 0 0 7725.21 2.47955e+06 3.49626 1122.19
26 0.0894054 0.122649 564.765 0.115691 0.0069575 0.0936189 3.18402e+06 1.51348e+07 3074.63 5289.47 1.18963e+06 61642.7 501515 0.000179223 1.78875e+13 0 0 7742.6 2.47412e+06 3.19581 1021.21
27 0.0936189 0.122952 559.348 0.115428 0.00752364 0.0980311 3.48996e+06 1.66207e+07 3401.25 5874.01 1.14816e+06 63329.8 530729 0.000182948 1.78692e+13 0 0 7762.69 2.46849e+06 2.92217 929.232
28 0.0980311 0.123301 553.783 0.115167 0.0081344 0.102651 3.82524e+06 1.82337e+07 3760.4 6521.7 1.10802e+06 65058.8 561591 0.000188206 1.785e+13 0 0 7785.76 2.46263e+06 2.67297 845.46
29 0.102651 0.123701 548.07 0.114908 0.00879313 0.107489 4.19265e+06 1.99841e+07 4155.47 7239.28 1.06919e+06 66830.7 594190 0.000193637 1.783e+13 0 0 7812.1 2.45656e+06 2.44603 769.166
30 0.107489 0.124156 542.209 0.114653 0.00950339 0.112555 4.59527e+06 2.18829e+07 4590.26 8034.21 1.03161e+06 68646.3 628618 0.000199249 1.78091e+13 0 0 7842.04 2.45025e+06 2.23935 699.687
31 0.112555 0.124672 536.2 0.114403 0.010269 0.117859 5.03646e+06 2.39418e+07 5068.97 8914.75 995248 70506.3 664972 0.000205049 1.77872e+13 0 0 7875.94 2.4437e+06 2.05114 636.417
32 0.117859 0.125254 530.041 0.11416 0.011094 0.123414 5.51989e+06 2.61734e+07 5596.32 9890 960070 72411.7 703355 0.000217102 1.77643e+13 0 0 7914.17 2.43691e+06 1.87974 578.807
33 0.123414 0.12591 523.734 0.113927 0.0119827 0.12923 6.0496e+06 2.85912e+07 6177.57 10970 926035 74363.3 743874 0.000229607 1.77404e+13 0 0 7957.14 2.42988e+06 1.72366 526.353
34 0.12923 0.126645 517.281 0.113705 0.0129397 0.135321 6.63e+06 3.12096e+07 6818.63 12166 893110 76361.9 786641 0.000242847 1.77154e+13 0 0 8005.32 2.42258e+06 1.58151 478.599
35 0.135321 0.127468 510.681 0.113498 0.0139701 0.141698 7.26591e+06 3.40439e+07 7526.1 13490.2 861259 78408.4 831774 0.000256864 1.76893e+13 0 0 8059.18 2.41502e+06 1.45206 435.125
36 0.141698 0.128386 503.936 0.113307 0.015079 0.148376 7.96263e+06 3.71107e+07 8307.41 14956.2 830449 80503.7 879396 0.000271159 1.7662e+13 0 0 8119.25 2.40719e+06 1.33416 395.553
37 0.148376 0.129409 497.049 0.113137 0.016272 0.155369 8.72593e+06 4.04274e+07 9170.93 16579 800648 82648.4 929637 0.000291603 1.76335e+13 0 0 8186.1 2.39909e+06 1.22679 359.534
38 0.155369 0.130545 490.019 0.11299 0.0175552 0.162691 9.56215e+06 4.40127e+07 10126.1 18375.1 771824 84843.6 982630 0.000313592 1.76037e+13 0 0 8260.34 2.3907e+06 1.12899 326.753
39 0.162691 0.131805 482.851 0.11287 0.0189349 0.170358 1.04782e+07 4.78863e+07 11183.5 20362.8 743947 87090 1.03852e+06 0.000337244 1.75725e+13 0 0 8342.63 2.38203e+06 1.03991 296.921
40 0.170358 0.1332 475.546 0.112782 0.0204179 0.178387 1.14817e+07 5.20694e+07 12355.1 22562.3 716987 89388.4 1.09745e+06 0.000357195 1.754e+13 0 0 8433.69 2.37307e+06 0.958762 269.776
41 0.178387 0.134741 468.108 0.112729 0.0220116 0.186794 1.2581e+07 5.65844e+07 13654.7 24995.9 690917 91739.7 1.15957e+06 0.000384225 1.7506e+13 0 0 8534.29 2.3638e+06 0.884831 245.078
42 0.186794 0.136441 460.538 0.112717 0.0237237 0.195598 1.3785e+07 6.14548e+07 15097.7 27688 665707 94144.7 1.22505e+06 0.000413303 1.74705e+13 0 0 8645.25 2.35423e+06 0.817468 222.609
43 0.195598 0.138314 452.843 0.112751 0.0255625 0.204816 1.51037e+07 6.6706e+07 16701.6 30665.8 641332 96604.1 1.29406e+06 0.000444589 1.74334e+13 0 0 8767.46 2.34435e+06 0.756079 202.17
44 0.204816 0.140374 445.024 0.112837 0.0275369 0.214469 1.65481e+07 7.23643e+07 18486.4 33959.2 617766 99118.8 1.36677e+06 0.000478245 1.73947e+13 0 0 8901.88 2.33416e+06 0.700124 183.579
45 0.214469 0.142637 437.086 0.11298 0.0296566 0.224576 1.81299e+07 7.84579e+07 20474.9 37601 594982 101690 1.44336e+06 0.000507617 1.73543e+13 0 0 9049.54 2.32365e+06 0.649112 166.672
46 0.224576 0.145119 429.034 0.113188 0.0319317 0.23516 1.98622e+07 8.50163e+07 22693.3 41627.6 572957 104317 1.52403e+06 0.000543398 1.73121e+13 0 0 9211.53 2.31281e+06 0.602595 151.298
47 0.23516 0.14784 420.873 0.113466 0.0343733 0.246243 2.17591e+07 9.20707e+07 25171.3 46079 551667 107002 1.60897e+06 0.000581719 1.7268e+13 0 0 9389.04 2.30164e+06 0.560163 137.319
48 0.246243 0.150817 412.609 0.113823 0.0369933 0.257848 2.38362e+07 9.96538e+07 27943 50999.2 531089 109745 1.69839e+06 0.000622762 1.7222e+13 0 0 9583.32 2.29015e+06 0.521446 124.611
49 0.257848 0.154071 404.246 0.114266 0.0398043 0.27 2.61105e+07 1.078e+08 31047.8 56436.7 511200 112547 1.79251e+06 0.000655824 1.71741e+13 0 0 9795.73 2.27831e+06 0.486105 113.06
50 0.27 0.157624 395.791 0.114804 0.0428201 0.282725 2.86004e+07 1.16545e+08 34530.6 62445.2 491979 115409 1.89155e+06 0.000695276 1.7124e+13 0 0 10027.7 2.26614e+06 0.453832 102.561
51 0.282725 0.161499 387.252 0.115443 0.0460555 0.296049 3.13264e+07 1.25927e+08 38443.3 69083.4 473406 118330 1.99575e+06 0.000737156 1.70719e+13 0 0 10280.8 2.25363e+06 0.424345 93.02
52 0.296049 0.16572 378.633 0.116194 0.0495264 0.310001 3.43104e+07 1.35986e+08 42845.6 76416.1 455459 121313 2.10533e+06 0.000781619 1.70174e+13 0 0 10556.6 2.24078e+06 0.397389 84.3513
53 0.310001 0.170315 369.944 0.117065 0.0532501 0.324611 3.75767e+07 1.46761e+08 47806.5 84514.7 438120 124357 2.22057e+06 0.000828824 1.69607e+13 0 0 10856.8 2.22757e+06 0.372732 76.4761
54 0.324611 0.17531 361.191 0.118065 0.0572451 0.33991 4.11518e+07 1.58297e+08 53405.5 93457.5 421368 127462 2.34171e+06 0.000867895 1.69015e+13 0 0 11183.4 2.21403e+06 0.350162 69.3228
55 0.33991 0.180735 352.383 0.119203 0.0615315 0.355929 4.50645e+07 1.70637e+08 59734.7 103331 405186 130630 2.46903e+06 0.000915949 1.68398e+13 0 0 11538.3 2.20013e+06 0.329485 62.8263
56 0.355929 0.186621 343.528 0.12049 0.0661308 0.372704 4.93463e+07 1.83828e+08 66900.6 114230 389556 133861 2.6028e+06 0.000966768 1.67756e+13 0 0 11923.6 2.18588e+06 0.310528 56.9272
57 0.372704 0.193 334.633 0.121934 0.0710664 0.390269 5.40316e+07 1.97917e+08 75026.3 126259 374460 137155 2.74332e+06 0.00102052 1.67086e+13 0 0 12341.4 2.17128e+06 0.293129 51.5715
58 0.390269 0.199908 325.71 0.123545 0.0763634 0.408662 5.91579e+07 2.12953e+08 84255 139532 359882 140512 2.89089e+06 0.00107738 1.66389e+13 0 0 12794.2 2.15633e+06 0.277145 46.7099
59 0.408662 0.207381 316.766 0.125332 0.0820486 0.427921 6.47663e+07 2.28987e+08 94752.2 154175 345804 143933 3.0458e+06 0.00113132 1.65663e+13 0 0 13284.4 2.14103e+06 0.262442 42.2977
60 0.427921 0.215456 307.81 0.127304 0.0881513 0.448088 7.09013e+07 2.46071e+08 106710 170328 332212 147418 3.20839e+06 0.00119438 1.64907e+13 0 0 13814.5 2.12538e+06 0.248903 38.294
61 0.448088 0.224174 298.854 0.129471 0.0947026 0.469206 7.76118e+07 2.64258e+08 120353 188140 319090 150967 3.37898e+06 0.00126111 1.6412e+13 0 0 14387.4 2.10939e+06 0.236416 34.6617
62 0.469206 0.233577 289.906 0.131841 0.101736 0.491319 8.49509e+07 2.83603e+08 135939 207780 306424 154581 3.5579e+06 0.00133173 1.63301e+13 0 0 15006 2.09304e+06 0.224884 31.3668
63 0.491319 0.243709 280.976 0.134421 0.109288 0.514474 9.29765e+07 3.04161e+08 153770 229430 294198 158258 3.74551e+06 0.00140648 1.6245e+13 0 0 15673.3 2.07634e+06 0.214218 28.3787
64 0.514474 0.254616 272.074 0.13722 0.117396 0.538721 1.01752e+08 3.25988e+08 174196 253290 282398 162000 3.94216e+06 0.0014852 1.61564e+13 0 0 16392.6 2.0593e+06 0.204335 25.6693
65 0.538721 0.266346 263.21 0.140244 0.126102 0.56411 1.11346e+08 3.49141e+08 197625 279581 271013 165806 4.14821e+06 0.00157661 1.60643e+13 0 0 17167.2 2.04191e+06 0.195161 23.213
66 0.56411 0.278949 254.395 0.1435 0.135449 0.590696 1.21833e+08 3.73677e+08 224530 308544 260027 169676 4.36405e+06 0.00167383 1.59687e+13 0 0 18000.8 2.02418e+06 0.186632 20.9867
67 0.590696 0.292478 245.638 0.146992 0.145486 0.618534 1.33295e+08 3.99655e+08 255462 340441 249429 173609 4.59006e+06 0.00177724 1.58692e+13 0 0 18897.1 2.00611e+06 0.178685 18.9692
68 0.618534 0.306988 236.95 0.150726 0.156262 0.647685 1.45821e+08 4.27132e+08 291060 375564 239206 177605 4.82663e+06 0.00188723 1.5766e+13 0 0 19860 1.9877e+06 0.171267 17.1413
69 0.647685 0.322534 228.34 0.154704 0.16783 0.678209 1.59508e+08 4.56165e+08 332069 414228 229346 181664 5.07415e+06 0.00198397 1.56588e+13 0 0 20893.8 1.96894e+06 0.164328 15.4856
70 0.678209 0.339176 219.818 0.158929 0.180248 0.710172 1.7446e+08 4.8681e+08 379355 456780 219838 185784 5.33305e+06 0.00210726 1.55475e+13 0 0 22002.8 1.94985e+06 0.157823 13.986
71 0.710172 0.356976 211.393 0.163401 0.193575 0.743642 1.90793e+08 5.19125e+08 433924 503599 210671 189966 5.60372e+06 0.00223846 1.54321e+13 0 0 23191.7 1.93042e+06 0.151714 12.6283
72 0.743642 0.375997 203.076 0.16812 0.207877 0.778689 2.08629e+08 5.53163e+08 496946 555099 201833 194209 5.8866e+06 0.00237812 1.53124e+13 0 0 24465.4 1.91065e+06 0.145964 11.3992
73 0.778689 0.396305 194.874 0.173084 0.223221 0.815387 2.28105e+08 5.88977e+08 569780 611733 193315 198511 6.18211e+06 0.00252682 1.51882e+13 0 0 25829.1 1.89053e+06 0.140541 10.2867
74 0.815387 0.417969 186.797 0.178289 0.23968 0.853815 2.49368e+08 6.2662e+08 654007 673997 185105 202871 6.49068e+06 0.0027073 1.50596e+13 0 0 27288.2 1.87008e+06 0.135416 9.28013
75 0.853815 0.441061 178.853 0.183731 0.25733 0.894054 2.72575e+08 6.66138e+08 751462 742430 177194 207288 6.81274e+06 0.00292734 1.49263e+13 0 0 28848.6 1.84929e+06 0.130562 8.36947
76 0.894054 0.465655 171.05 0.189402 0.276252 0.936189 2.97901e+08 7.07579e+08 864278 817622 169573 211761 7.14873e+06 0.00316518 1.47883e+13 0 0 30516.4 1.82815e+06 0.125958 7.54579
77 0.936189 0.491827 163.397 0.195294 0.296533 0.980311 3.25532e+08 7.50985e+08 994931 900217 162232 216288 7.49909e+06 0.0034223 1.46454e+13 0 0 32298.2 1.80666e+06 0.121583 6.80096
78 0.980311 0.519659 155.899 0.201396 0.318263 1.02651 3.55672e+08 7.96395e+08 1.1463e+06 990916 155162 220867 7.86426e+06 0.00370023 1.44976e+13 0 0 34200.9 1.78482e+06 0.117417 6.12757
79 1.02651 0.549233 148.565 0.207696 0.341536 1.07489 3.88541e+08 8.43844e+08 1.32171e+06 1.09048e+06 148355 225497 8.24468e+06 0.00407964 1.43447e+13 0 0 36232 1.76262e+06 0.113445 5.5189
80 1.07489 0.580634 141.399 0.21418 0.366454 1.12555 4.24378e+08 8.93361e+08 1.52504e+06 1.19975e+06 141802 230177 8.64078e+06 0.0045957 1.41867e+13 0 0 38399.4 1.74006e+06 0.109652 4.96887
81 1.12555 0.613953 134.409 0.220831 0.393122 1.17859 4.63441e+08 9.44971e+08 1.76079e+06 1.31963e+06 135494 234902 9.05298e+06 0.00517471 1.40234e+13 0 0 40711.7 1.71713e+06 0.106026 4.47194
82 1.17859 0.649281 127.599 0.227631 0.421651 1.23414 5.06009e+08 9.98693e+08 2.03415e+06 1.4511e+06 129424 239672 9.48173e+06 0.00582396 1.38548e+13 0 0 43178.1 1.69381e+06 0.102555 4.02308
83 1.23414 0.686715 120.975 0.234559 0.452156 1.2923 5.52383e+08 1.05454e+09 2.35117e+06 1.59524e+06 123585 244484 9.92742e+06 0.00655161 1.36808e+13 0 0 45808.2 1.6701e+06 0.0992286 3.61774
84 1.2923 0.726353 114.539 0.241593 0.484759 1.35321 6.02891e+08 1.11252e+09 2.71883e+06 1.75321e+06 117968 249335 1.03905e+07 0.00736658 1.35013e+13 0 0 48612.8 1.646e+06 0.0960383 3.25179
85 1.35321 0.768296 108.296 0.248709 0.519587 1.41698 6.57885e+08 1.17262e+09 3.14525e+06 1.92628e+06 112566 254222 1.08713e+07 0.00843946 1.33162e+13 0 0 51603.3 1.62147e+06 0.092976 2.92147
86 1.41698 0.81265 102.248 0.25588 0.55677 1.48376 7.17744e+08 1.23485e+09 3.6398e+06 2.11583e+06 107373 259142 1.13702e+07 0.00977511 1.31255e+13 0 0 54791.9 1.5965e+06 0.0900347 2.62339
87 1.48376 0.859523 96.3969 0.263078 0.596445 1.55369 7.82879e+08 1.29917e+09 4.21334e+06 2.32334e+06 102382 264092 1.18876e+07 0.0113117 1.29291e+13 0 0 58192.1 1.57107e+06 0.0872083 2.35445
88 1.55369 0.909022 90.744 0.270271 0.638751 1.62691 8.53731e+08 1.36557e+09 4.87843e+06 2.55043e+06 97585.6 269069 1.24239e+07 0.0130778 1.2727e+13 0 0 61818.4 1.54515e+06 0.0844911 2.11185
89 1.62691 0.961262 85.2914 0.277428 0.683834 1.70358 9.30776e+08 1.43399e+09 5.6496e+06 2.79885e+06 92977.9 274069 1.29793e+07 0.0151049 1.25192e+13 0 0 65686.4 1.51872e+06 0.0818783 1.89308
90 1.70358 1.01635 80.0392 0.284513 0.73184 1.78387 1.01453e+09 1.5044e+09 6.54363e+06 3.07051e+06 88552.7 279088 1.35542e+07 0.0174293 1.23057e+13 0 0 69813.3 1.49173e+06 0.0793655 1.69584
91 1.78387 1.07441 74.9856 0.291489 0.782918 1.86794 1.10553e+09 1.57672e+09 7.5799e+06 3.36744e+06 84303.8 284122 1.41488e+07 0.0201986 1.20864e+13 0 0 74217.6 1.46413e+06 0.0769486 1.51801
92 1.86794 1.13554 70.1239 0.298319 0.83722 1.95598 1.20438e+09 1.65088e+09 8.78081e+06 3.69188e+06 80225.6 289167 1.40965e+07 0.0230153 1.18613e+13 0 0 78919.7 1.43578e+06 0.0746241 1.35763
93 1.95598 1.19986 65.4769 0.304962 0.894897 2.04816 1.3117e+09 1.72681e+09 1.01722e+07 4.04621e+06 76312.2 294218 1.35231e+07 0.0262019 1.16305e+13 0 0 83941.6 1.407e+06 0.0723887 1.21335
94 2.04816 1.26747 61.0438 0.311374 0.956096 2.14469 1.42819e+09 1.80442e+09 1.17837e+07 4.43302e+06 72558.4 299271 1.29791e+07 0.0298029 1.1394e+13 0 0 89307.6 1.3778e+06 0.0702395 1.08363
95 2.14469 1.33848 56.82 0.317512 1.02096 2.24576 1.55456e+09 1.88364e+09 1.36497e+07 4.85511e+06 68958.6 304321 1.24628e+07 0.0338678 1.11519e+13 0 0 95043.9 1.34818e+06 0.0681738 0.967035
96 2.24576 1.41297 52.8013 0.32333 1.08964 2.3516 1.69159e+09 1.96435e+09 1.58097e+07 5.31548e+06 65507.8 309363 1.19729e+07 0.0384511 1.09042e+13 0 0 101179 1.31812e+06 0.066189 0.862278
97 2.3516 1.49103 48.9831 0.328778 1.16225 2.46243 1.84012e+09 2.04645e+09 1.83088e+07 5.81738e+06 62200.9 314392 1.15079e+07 0.043613 1.0651e+13 0 0 107746 1.28759e+06 0.0642827 0.768195
98 2.46243 1.57273 45.361 0.333809 1.23892 2.57848 2.00103e+09 2.12982e+09 2.11992e+07 6.36428e+06 59033 319402 1.11876e+07 0.0488848 1.03924e+13 0 0 114778 1.25659e+06 0.0624527 0.683734
99 2.57848 1.65813 41.9302 0.33837 1.31976 2.7 2.17527e+09 2.21432e+09 2.45406e+07 6.95994e+06 55999.5 324387 1.10341e+07 0.0539837 1.01285e+13 0 0 122313 1.2251e+06 0.0606969 0.607945
100 2.7 1.74725 38.6859 0.34241 1.40484 2.82725 2.36386e+09 2.2998e+09 2.84013e+07 7.60839e+06 53095.8 329342 1.08827e+07 0.0595853 9.85939e+12 0 0 130394 1.1931e+06 0.0590133 0.53997
101 2.82725 1.8401 35.623 0.345876 1.49423 2.96049 2.56785e+09 2.3861e+09 3.28594e+07 8.31395e+06 50317.4 334261 1.07334e+07 0.065735 9.58531e+12 0 0 139065 1.16058e+06 0.0573998 0.479035
102 2.96049 1.93668 32.7363 0.348714 1.58796 3.10001 2.7884e+09 2.47306e+09 3.80041e+07 9.08126e+06 47659.9 339138 1.05861e+07 0.0724824 9.30638e+12 0 0 148377 1.12752e+06 0.0558548 0.424441
103 3.10001 2.03692 30.0205 0.350871 1.68605 3.24611 3.02672e+09 2.56051e+09 4.39372e+07 9.91528e+06 45119.3 343966 1.04409e+07 0.0798804 9.02282e+12 0 0 158385 1.09391e+06 0.0543762 0.375556
104 3.24611 2.14075 27.47 0.352294 1.78846 3.3991 3.28408e+09 2.64824e+09 5.07743e+07 1.08213e+07 42691.3 348738 1.02976e+07 0.087987 8.73484e+12 0 0 169151 1.05973e+06 0.0529623 0.33181
105 3.3991 2.24805 25.0791 0.352932 1.89512 3.55929 3.56184e+09 2.73606e+09 5.86468e+07 1.18051e+07 40372.1 353450 1.01563e+07 0.0968636 8.44272e+12 0 0 180739 1.02497e+06 0.0516114 0.292689
106 3.55929 2.35866 22.8422 0.352736 2.00592 3.72704 3.86145e+09 2.82377e+09 6.77036e+07 1.28727e+07 38157.8 358093 1.00072e+07 0.106681 8.14674e+12 0 0 193224 989626 0.0503217 0.25773
107 3.72704 2.47236 20.7534 0.351663 2.1207 3.90269 4.1844e+09 2.91115e+09 7.81128e+07 1.40305e+07 36044.6 362661 9.99581e+06 0.115834 7.84725e+12 0 0 206687 953673 0.0490914 0.226513
108 3.90269 2.58892 18.8069 0.34967 2.23925 4.08662 4.5323e+09 2.99797e+09 9.00644e+07 1.52856e+07 34029 367147 9.98062e+06 0.12575 7.54464e+12 0 0 221215 917109 0.047919 0.198662
109 4.08662 2.70804 16.9969 0.346724 2.36132 4.27921 4.90682e+09 3.08401e+09 1.03772e+08 1.66452e+07 32107.3 371544 9.96156e+06 0.136487 7.23935e+12 0 0 236906 879929 0.0468026 0.173836
110 4.27921 2.8294 15.3173 0.342797 2.4866 4.48088 5.30973e+09 3.16902e+09 1.19476e+08 1.81173e+07 30276.2 375845 9.9386e+06 0.148113 6.93186e+12 0 0 253869 842124 0.0457407 0.151729
111 4.48088 2.95261 13.7623 0.337872 2.61474 4.69206 5.74286e+09 3.25277e+09 1.37444e+08 1.971e+07 28532.4 380043 9.91174e+06 0.160696 6.62273e+12 0 0 272220 803690 0.0447315 0.132063
112 4.69206 3.07728 12.3259 0.331939 2.74534 4.91319 6.20815e+09 3.33502e+09 1.57978e+08 2.14324e+07 26872.5 384131 9.88087e+06 0.174313 6.31257e+12 0 0 292090 764617 0.0437734 0.114588
113 4.91319 3.20296 11.0022 0.325003 2.87796 5.14474 6.70761e+09 3.41552e+09 1.81413e+08 2.32937e+07 25293.5 388102 9.84609e+06 0.189043 6.00204e+12 0 0 313622 724893 0.0428647 0.0990757
114 5.14474 3.32921 9.78509 0.317078 3.01213 5.38721 7.24336e+09 3.49402e+09 2.08121e+08 2.5304e+07 23792.2 391949 9.80722e+06 0.204977 5.69189e+12 0 0 336973 684485 0.0420038 0.0853212
115 5.38721 3.45554 8.66862 0.308194 3.14735 5.6411 7.81756e+09 3.57027e+09 2.38518e+08 2.74737e+07 22365.7 395666 9.76441e+06 0.222204 5.3829e+12 0 0 362317 643335 0.0411891 0.0731359
116 5.6411 3.58149 7.64668 0.29839 3.2831 5.90696 8.4325e+09 3.64403e+09 2.73062e+08 2.98139e+07 21011.1 399245 9.78944e+06 0.23906 5.07591e+12 0 0 389846 601336 0.0404191 0.0623463
117 5.90696 3.70658 6.71301 0.287725 3.41885 6.18534 9.09053e+09 3.71502e+09 3.12261e+08 3.23365e+07 19725.5 402679 9.80515e+06 0.25727 4.7718e+12 0 0 419769 558312 0.039692 0.0527923
118 6.18534 3.83042 5.86141 0.276284 3.55414 6.47685 9.79408e+09 3.78299e+09 3.56678e+08 3.50538e+07 18506.3 405963 9.81303e+06 0.276906 4.47174e+12 0 0 452319 514042 0.0390066 0.0443294
119 6.47685 3.95303 5.08636 0.26423 3.6888 6.78209 1.05456e+10 3.84766e+09 4.0694e+08 3.79788e+07 17350.7 409090 9.81299e+06 0.298079 4.17768e+12 0 0 487752 468433 0.0383612 0.0368418
120 6.78209 4.07435 4.38385 0.251645 3.82271 7.10172 1.13478e+10 3.90878e+09 4.63742e+08 4.11254e+07 16256.2 412053 9.8049e+06 0.320916 3.89011e+12 0 0 526332 421677 0.0377532 0.0302464
121 7.10172 4.18643 3.75123 0.237107 3.94932 7.43642 1.22033e+10 3.96612e+09 5.27738e+08 4.45079e+07 15220.3 414847 9.78876e+06 0.345549 3.59073e+12 0 0 568312 374147 0.0371775 0.0244758
122 7.43642 4.24882 3.18999 0.214974 4.03385 7.78689 1.31147e+10 4.01959e+09 5.98953e+08 4.81415e+07 14240.4 417467 9.76444e+06 0.372126 3.2131e+12 0 0 614218 326399 0.0366451 0.0194734
123 7.78689 4.1705 2.70873 0.178486 3.99202 8.15387 1.40848e+10 4.06937e+09 6.756e+08 5.20421e+07 13314.3 419906 9.73199e+06 0.400803 2.68802e+12 0 0 666379 279053 0.0362589 0.0151838
124 8.15387 3.90076 2.32049 0.142164 3.7586 8.53815 1.51165e+10 4.11613e+09 7.54206e+08 5.62264e+07 12439.5 422160 9.69139e+06 0.431752 2.22814e+12 0 0 732402 232108 0.0363449 0.0115182
125 8.53815 4.57492 1.92772 0.566541 4.00838 8.94054 1.62127e+10 4.15873e+09 8.55292e+08 6.07117e+07 11614 424224 9.64271e+06 0.465156 8.41445e+12 0 0 916716 164873 0.0414885 0.0074618
126 8.94054 19.3043 0.0308335 0.199188 19.1051 9.36189 1.73762e+10 4.15947e+09 1.32298e+09 6.55164e+07 10835.4 426093 9.586e+06 0.501216 1.01005e+12 0 0 612084 153.732 0.0252641 6.34538e-06
127 9.36189 16.5025 0.00361772 0 16.5025 9.80311 1.86099e+10 4.15957e+09 1.76137e+09 7.06593e+07 10101.8 427765 9.52132e+06 0.540152 0 0 0 529678 0 0.0199391 0
128 9.80311 14.0049 0 0 14.0049 10.2651 1.99169e+10 4.15957e+09 2.1693e+09 7.61604e+07 9410.93 429235 9.44886e+06 0.582195 0 0 0 459043 0 0.0157597 0
129 10.2651 11.8271 0 0 11.8271 10.7489 2.13e+10 4.15957e+09 2.54704e+09 8.20403e+07 8760.93 430501 9.36873e+06 0.627603 0 0 0 395703 0 0.0123898 0
130 10.7489 9.93697 0 0 9.93697 11.2555 2.27623e+10 4.15957e+09 2.89502e+09 8.83204e+07 8149.85 431559 9.28111e+06 0.676652 0 0 0 339207 0 0.00968632 0
131 11.2555 8.30431 0 0 8.30431 11.7859 2.43068e+10 4.15957e+09 3.21389e+09 9.5023e+07 7575.83 432408 9.18623e+06 0.729639 0 0 0 289095 0 0.00752894 0
132 11.7859 6.90118 0 0 6.90118 12.3414 2.59362e+10 4.15957e+09 3.50444e+09 1.02171e+08 7037.06 433046 9.08428e+06 0.786893 0 0 0 244901 0 0.00581679 0
133 12.3414 5.70168 0 0 5.70168 12.923 2.76536e+10 4.15957e+09 3.76766e+09 1.09789e+08 6531.79 433473 8.97552e+06 0.848766 0 0 0 206160 0 0.00446579 0
134 12.923 4.68194 0 0 4.68194 13.5321 2.94618e+10 4.15957e+09 4.00465e+09 1.17902e+08 6058.34 433687 8.86022e+06 0.91564 0 0 0 172412 0 0.00340613 0
135 13.5321 3.82005 0 0 3.82005 14.1698 3.13636e+10 4.15957e+09 4.21667e+09 1.26535e+08 5615.08 433688 8.73872e+06 0.987924 0 0 0 143205 0 0.00258019 0
136 14.1698 3.09603 0 0 3.09603 14.8376 3.33618e+10 4.15957e+09 4.40508e+09 1.35716e+08 5200.44 433478 8.6113e+06 1.06607 0 0 0 118100 0 0.00194063 0
137 14.8376 2.4917 0 0 2.4917 15.5369 3.5459e+10 4.15957e+09 4.57135e+09 1.45471e+08 4812.9 433057 8.47833e+06 1.15057 0 0 0 96673 0 0.00144877 0
138 15.5369 1.99068 0 0 1.99068 16.2691 3.76578e+10 4.15957e+09 4.717e+09 1.55829e+08 4451.01 432427 8.34012e+06 1.24195 0 0 0 78521.2 0 0.0010732 0
139 16.2691 1.57824 0 0 1.57824 17.0358 3.99607e+10 4.15957e+09 4.84361e+09 1.66819e+08 4113.36 431590 8.19705e+06 1.34077 0 0 0 63262.4 0 0.000788568 0
140 17.0358 1.24122 0 0 1.24122 17.8387 4.237e+10 4.15957e+09 4.9528e+09 1.78472e+08 3798.61 430550 8.04952e+06 1.44767 0 0 0 50539 0 0.00057454 0
141 17.8387 0.967984 0 0 0.967984 18.6794 4.4888e+10 4.15957e+09 5.04616e+09 1.90819e+08 3505.44 429308 7.8979e+06 1.56332 0 0 0 40019.1 0 0.000414916 0
142 18.6794 0.748266 0 0 0.748266 19.5598 4.75169e+10 4.15957e+09 5.12529e+09 2.03892e+08 3232.64 427870 7.74263e+06 1.68843 0 0 0 31397.6 0 0.000296886 0
143 19.5598 0.573099 0 0 0.573099 20.4816 5.02585e+10 4.15957e+09 5.19175e+09 2.17724e+08 2978.99 426239 7.58408e+06 1.82382 0 0 0 24396.8 0 0.000210391 0
144 20.4816 0.434709 0 0 0.434709 21.4469 5.31149e+10 4.15957e+09 5.24702e+09 2.32349e+08 2743.36 424420 7.42267e+06 1.97033 0 0 0 18766.9 0 0.0001476 0
145 21.4469 0.32641 0 0 0.32641 22.4576 5.60875e+10 4.15957e+09 5.29253e+09 2.47802e+08 2524.66 422418 7.2588e+06 2.1289 0 0 0 14284.8 0 0.000102463 0
146 22.4576 0.2425 0 0 0.2425 23.516 5.9178e+10 4.15957e+09 5.3296e+09 2.6412e+08 2321.86 420240 7.09289e+06 2.30053 0 0 0 10754 0 7.03497e-05 0
147 23.516 0.178166 0 0 0.178166 24.6243 6.23878e+10 4.15957e+09 5.35946e+09 2.81338e+08 2133.96 417892 6.92538e+06 2.48632 0 0 0 8003.18 0 4.77481e-05 0
148 24.6243 0.129381 0 0 0.129381 25.7848 6.5718e+10 4.15957e+09 5.38324e+09 2.99496e+08 1960 415380 6.75661e+06 2.68747 0 0 0 5884.72 0 3.20198e-05 0
149 25.7848 0.0928124 0 0 0.0928124 27 6.91696e+10 4.15957e+09 5.40194e+09 3.18633e+08 1799.11 412710 6.58703e+06 2.90525 0 0 0 4272.86 0 2.12037e-05 0
150 27 0.0657322 0 0 0.0657322 28.2725 7.27436e+10 4.15957e+09 5.41646e+09 3.3879e+08 1650.41 409892 6.417e+06 3.14106 0 0 0 3061.89 0 1.38575e-05 0
151 28.2725 0.0459325 0 0 0.0459325 29.6049 7.64405e+10 4.15957e+09 5.42759e+09 3.60007e+08 1513.11 406931 6.24691e+06 3.39642 0 0 0 2164.1 0 8.93245e-06 0
152 29.6049 0.0316485 0 0 0.0316485 31.0001 8.02608e+10 4.15957e+09 5.436e+09 3.82328e+08 1386.43 403837 6.07711e+06 3.67296 0 0 0 1507.66 0 5.6754e-06 0
153 31.0001 0.0214874 0 0 0.0214874 32.4611 8.42049e+10 4.15957e+09 5.44226e+09 4.05797e+08 1269.65 400617 5.908e+06 3.97245 0 0 0 1034.62 0 3.552e-06 0
154 32.4611 0.014365 0 0 0.014365 33.991 8.82729e+10 4.15957e+09 5.44685e+09 4.3046e+08 1162.08 397280 5.72024e+06 4.31157 0 0 0 698.879 0 2.18824e-06 0
155 33.991 0.00944925 0 0 0.00944925 35.5929 9.24647e+10 4.15957e+09 5.45016e+09 4.56365e+08 1063.07 393835 5.59283e+06 4.63175 0 0 0 464.358 0 1.32601e-06 0
156 35.5929 0.00611116 0 0 0.00611116 37.2704 9.67802e+10 4.15957e+09 5.4525e+09 4.8356e+08 972.011 390290 5.46643e+06 4.97488 0 0 0 303.249 0 7.89757e-07 0
157 37.2704 0.00388268 0 0 0.00388268 39.0269 1.01219e+11 4.15957e+09 5.45414e+09 5.12095e+08 888.332 386655 5.34123e+06 5.34257 0 0 0 194.488 0 4.6194e-07 0
158 39.0269 0.00242132 0 0 0.00242132 40.8662 1.0578e+11 4.15957e+09 5.45525e+09 5.42025e+08 811.492 382939 5.21731e+06 5.73658 0 0 0 122.395 0 2.6513e-07 0
159 40.8662 0.00148081 0 0 0.00148081 42.7921 1.10464e+11 4.15957e+09 5.456e+09 5.73403e+08 740.982 379151 5.09483e+06 6.15876 0 0 0 75.5153 0 1.49186e-07 0
160 42.7921 0.000887289 0 0 0.000887289 44.8088 1.15268e+11 4.15957e+09 5.4565e+09 6.06286e+08 676.328 375300 4.97388e+06 6.61116 0 0 0 45.6351 0 8.22229e-08 0
161 44.8088 0.000520391 0 0 0.000520391 46.9206 1.20193e+11 4.15957e+09 5.45681e+09 6.40734e+08 617.084 371396 4.85461e+06 7.09586 0 0 0 26.986 0 4.43437e-08 0
162 46.9206 0.000298433 0 0 0.000298433 49.1319 1.25236e+11 4.15957e+09 5.45701e+09 6.76808e+08 562.836 367447 4.73709e+06 7.61527 0 0 0 15.5995 0 2.33778e-08 0
163 49.1319 0.000167167 0 0 0.000167167 51.4474 1.30397e+11 4.15957e+09 5.45713e+09 7.14574e+08 513.194 363464 4.62146e+06 8.17181 0 0 0 8.80551 0 1.2035e-08 0
164 51.4474 9.13603e-05 0 0 9.13603e-05 53.8721 1.35675e+11 4.15957e+09 5.45721e+09 7.54099e+08 467.797 359455 4.50777e+06 8.7682 0 0 0 4.84826 0 6.04337e-09 0
165 53.8721 4.86581e-05 0 0 4.86581e-05 56.411 1.41067e+11 4.15957e+09 5.45725e+09 7.95454e+08 426.306 355430 4.39614e+06 9.4073 0 0 0 2.60075 0 2.95659e-09 0
166 56.411 2.52237e-05 0 0 2.52237e-05 59.0696 1.46572e+11 4.15957e+09 5.45727e+09 8.38716e+08 388.409 351398 4.37257e+06 9.89391 0 0 0 1.35757 0 1.40752e-09 0
167 59.0696 1.27105e-05 0 0 1.27105e-05 61.8534 1.52189e+11 4.15957e+09 5.45729e+09 8.83963e+08 353.813 347368 4.31259e+06 10.4918 0 0 0 0.68868 0 6.51195e-10 0
168 61.8534 6.21767e-06 0 0 6.21767e-06 64.7685 1.57915e+11 4.15957e+09 5.4573e+09 9.31279e+08 322.249 343348 4.25341e+06 11.1242 0 0 0 0.339068 0 2.92402e-10 0
169 64.7685 2.94845e-06 0 0 2.94845e-06 67.8209 1.63749e+11 4.15957e+09 5.4573e+09 9.80753e+08 293.466 339348 4.19505e+06 11.7933 0 0 0 0.161792 0 1.27248e-10 0
170 67.8209 1.35337e-06 0 0 1.35337e-06 71.0172 1.69688e+11 4.15957e+09 5.4573e+09 1.03248e+09 267.231 335375 4.13748e+06 12.5016 0 0 0 0.074712 0 5.359e-11 0
171 71.0172 6.00382e-07 0 0 6.00382e-07 74.3642 1.75731e+11 4.15957e+09 5.4573e+09 1.08655e+09 243.33 331439 4.08073e+06 13.2518 0 0 0 0.0333363 0 2.18078e-11 0
172 74.3642 2.56993e-07 0 0 2.56993e-07 77.8689 1.81876e+11 4.15957e+09 5.4573e+09 1.14309e+09 221.565 327547 4.02474e+06 14.0468 0 0 0 0.0143496 0 8.56116e-12 0
173 77.8689 1.05964e-07 0 0 1.05964e-07 81.5387 1.88119e+11 4.15957e+09 5.4573e+09 1.2022e+09 201.753 323708 3.96951e+06 14.8901 0 0 0 0.00594867 0 3.23678e-12 0
174 81.5387 4.20121e-08 0 0 4.20121e-08 85.3815 1.9446e+11 4.15957e+09 5.4573e+09 1.264e+09 183.726 319929 3.91504e+06 15.7852 0 0 0 0.00237078 0 1.17648e-12 0
175 85.3815 1.59866e-08 0 0 1.59866e-08 89.4054 2.00896e+11 4.15957e+09 5.4573e+09 1.32862e+09 167.329 316218 3.88123e+06 16.6501 0 0 0 0.00090667 0 4.10339e-13 0
176 89.4054 5.82722e-09 0 0 5.82722e-09 93.6189 2.07424e+11 4.15957e+09 5.4573e+09 1.3962e+09 152.418 312583 3.89948e+06 17.3319 0 0 0 0.000332086 0 1.3707e-13 0
177 93.6189 2.0305e-09 0 0 2.0305e-09 98.0311 2.14043e+11 4.15957e+09 5.4573e+09 1.4669e+09 138.864 309029 3.91698e+06 18.049 0 0 0 0.000116255 0 4.37628e-14 0
178 98.0311 6.74924e-10 0 0 6.74924e-10 102.651 2.2075e+11 4.15957e+09 5.4573e+09 1.54087e+09 126.545 305566 3.93353e+06 18.8053 0 0 0 3.88159e-05 0 1.33261e-14 0
179 102.651 2.13524e-10 0 0 2.13524e-10 107.489 2.27542e+11 4.15957e+09 5.4573e+09 1.61829e+09 115.353 302198 3.94896e+06 19.6047 0 0 0 1.23332e-05 0 3.86162e-15 0
180 107.489 6.41449e-11 0 0 6.41449e-11 112.555 2.34418e+11 4.15957e+09 5.4573e+09 1.69934e+09 105.184 298933 3.96305e+06 20.4521 0 0 0 3.72046e-06 0 1.06241e-15 0
181 112.555 1.82532e-11 0 0 1.82532e-11 117.859 2.41375e+11 4.15957e+09 5.4573e+09 1.78423e+09 95.9484 295778 3.97563e+06 21.3524 0 0 0 1.06295e-06 0 2.76824e-16 0
182 117.859 4.90751e-12 0 0 4.90751e-12 123.414 2.4841e+11 4.15957e+09 5.4573e+09 1.87318e+09 87.5602 292737 3.98643e+06 22.312 0 0 0 2.86884e-07 0 6.81395e-17 0
183 123.414 1.24327e-12 0 0 1.24327e-12 129.23 2.55522e+11 4.15957e+09 5.4573e+09 1.96642e+09 79.9425 289818 3.99528e+06 23.337 0 0 0 7.29488e-08 0 1.5802e-17 0
184 129.23 2.95956e-13 0 0 2.95956e-13 135.321 2.62708e+11 4.15957e+09 5.4573e+09 2.0642e+09 73.0248 287026 4.002e+06 24.4348 0 0 0 1.74272e-08 0 3.44288e-18 0
185 135.321 6.60042e-14 0 0 6.60042e-14 141.698 2.69967e+11 4.15957e+09 5.4573e+09 2.16682e+09 66.7429 284366 4.00633e+06 25.6138 0 0 0 3.89996e-09 0 7.02673e-19 0
186 141.698 1.37486e-14 0 0 1.37486e-14 148.376 2.77295e+11 4.15957e+09 5.4573e+09 2.27457e+09 61.0381 281843 4.00808e+06 26.8831 0 0 0 8.15035e-10 0 1.33927e-19 0
187 148.376 2.66616e-15 0 0 2.66616e-15 155.369 2.8469e+11 4.15957e+09 5.4573e+09 2.38778e+09 55.857 279464 4.06866e+06 27.8254 0 0 0 1.58554e-10 0 2.37613e-20 0
188 155.369 4.79719e-16 0 0 4.79719e-16 162.691 2.92151e+11 4.15957e+09 5.4573e+09 2.50682e+09 51.1511 277232 4.08424e+06 29.1447 0 0 0 2.86153e-11 0 3.91103e-21 0
189 162.691 7.98042e-17 0 0 7.98042e-17 170.358 2.99675e+11 4.15957e+09 5.4573e+09 2.63206e+09 46.8762 275153 4.09546e+06 30.5819 0 0 0 4.77422e-12 0 5.95109e-22 0
190 170.358 1.22291e-17 0 0 1.22291e-17 178.387 3.0726e+11 4.15957e+09 5.4573e+09 2.76395e+09 42.9919 273232 4.10203e+06 32.1516 0 0 0 7.33642e-13 0 8.34023e-23 0
191 178.387 1.71951e-18 0 0 1.71951e-18 186.794 3.14904e+11 4.15957e+09 5.4573e+09 2.76395e+09 0 0 0 0 0 0 0 1.03433e-13 0 1.07239e-23 0
192 186.794 2.20951e-19 0 0 2.20951e-19 195.598 3.15139e+11 4.15957e+09 5.4573e+09 2.76395e+09 0 0 0 0 0 0 0 1.3325e-14 0 1.25997e-24 0
193 195.598 2.58357e-20 0 0 2.58357e-20 204.816 3.15139e+11 4.15957e+09 5.4573e+09 2.76395e+09 0 0 0 0 0 0 0 1.56192e-15 0 1.34696e-25 0
194 204.816 2.73682e-21 0 0 2.73682e-21 214.469 3.15139e+11 4.15957e+09 5.4573e+09 2.76395e+09 0 0 0 0 0 0 0 1.65847e-16 0 1.30437e-26 0
195 214.469 2.61424e-22 0 0 2.61424e-22 224.576 3.15139e+11 4.15957e+09 5.4573e+09 2.76395e+09 0 0 0 0 0 0 0 1.58775e-17 0 1.13888e-27 0
196 224.576 2.24079e-23 0 0 2.24079e-23 235.16 3.15139e+11 4.15957e+09 5.4573e+09 2.76395e+09 0 0 0 0 0 0 0 1.36386e-18 0 8.92205e-29 0
197 235.16 1.71471e-24 0 0 1.71471e-24 246.243 3.15139e+11 4.15957e+09 5.4573e+09 2.76395e+09 0 0 0 0 0 0 0 1.04581e-19 0 6.23943e-30 0
198 246.243 1.16518e-25 0 0 1.16518e-25 257.848 3.15139e+11 4.15957e+09 5.4573e+09 2.76395e+09 0 0 0 0 0 0 0 7.12035e-21 0 3.87431e-31 0
199 257.848 6.99148e-27 0 0 6.99148e-27 270 3.15139e+11 4.15957e+09 5.4573e+09 2.76395e+09 0 0 0 0 0 0 0 4.28043e-22 0 2.12413e-32 0
