0 0.027 0 215.224 10.0028 1.33222 0.0282725 291926 47555.2 0 740.677 7.7097e+06 29983.9 2.33177e+06 3.14155e-05 8.60604e+13 0 0 4.30944 416.463 0.0195036 1.88482
1 0.0282725 0 201.855 5.48225 5.84729 0.0296049 320056 96459.4 0 845.215 7.45518e+06 30843.8 314290 3.39409e-05 4.71747e+13 0 0 2.59016 64.0068 0.010691 0.264192
2 0.0296049 0 200.691 5.34748 5.9763 0.0310001 350895 149773 0 961.271 7.20866e+06 31727.2 333216 3.50976e-05 4.60227e+13 0 0 2.7707 68.2229 0.01043 0.256817
3 0.0310001 0 199.631 5.20941 6.10834 0.0324611 384703 207921 0 1090.11 6.96988e+06 32634.7 353262 3.75216e-05 4.48423e+13 0 0 2.96009 72.7222 0.0101625 0.249667
4 0.0324611 0 198.535 5.0679 6.24353 0.033991 421766 271328 0 1233.13 6.73862e+06 33566.8 374492 4.01137e-05 4.36322e+13 0 0 3.15809 77.5205 0.00988821 0.242723
5 0.033991 0 197.402 4.92279 6.38203 0.0355929 462398 340457 0 1391.87 6.51463e+06 34524.1 396974 4.28853e-05 4.23911e+13 0 0 3.36428 82.6374 0.00960694 0.235977
6 0.0355929 0 196.251 4.77392 6.52399 0.0372704 506940 415813 0 1568.07 6.29771e+06 35507.3 420779 4.39189e-05 4.11174e+13 0 0 3.57802 88.125 0.00931829 0.229505
7 0.0372704 0 195.081 4.6211 6.66957 0.0390269 555769 497947 0 1763.62 6.08763e+06 36517 445985 4.61939e-05 3.98096e+13 0 0 3.79844 94.0138 0.00902191 0.223298
8 0.0390269 0 193.885 4.46413 6.81897 0.0408662 609298 587452 0 1980.64 5.88418e+06 37553.8 472670 4.85889e-05 3.84658e+13 0 0 4.02432 100.32 0.00871738 0.217312
9 0.0408662 0 192.656 4.30277 6.9724 0.0427921 667978 684971 0 2221.47 5.68716e+06 38618.3 500919 5.11098e-05 3.70841e+13 0 0 4.25408 107.064 0.00840424 0.211513
10 0.0427921 0 191.398 4.13679 7.13009 0.0448088 732303 791200 0 2488.71 5.49638e+06 39711.3 530821 5.37639e-05 3.56622e+13 0 0 4.48565 114.291 0.008082 0.205923
11 0.0448088 0 190.125 3.96589 7.29231 0.0469206 802817 906903 0 2785.22 5.31163e+06 40833.3 562470 5.35016e-05 3.41977e+13 0 0 4.71643 122.068 0.0077501 0.200584
12 0.0469206 0 188.827 3.78977 7.45936 0.0491319 880114 1.0329e+06 0 3114.2 5.13274e+06 41985.1 595965 5.5059e-05 3.26876e+13 0 0 4.94312 130.422 0.00740789 0.195454
13 0.0491319 0 187.51 3.60806 7.63157 0.0514474 964845 1.1701e+06 0 3479.16 4.95952e+06 43167.4 631410 5.66663e-05 3.1129e+13 0 0 5.16158 139.416 0.00705466 0.190549
14 0.0514474 0 186.175 3.42036 7.80933 0.0538721 1.05772e+06 1.31945e+06 0 3884.03 4.79181e+06 44380.9 668916 5.83253e-05 2.95183e+13 0 0 5.36671 149.102 0.00668962 0.185857
15 0.0538721 0 184.836 3.22622 7.99308 0.056411 1.15953e+06 1.48204e+06 0 4333.13 4.62943e+06 45626.2 708596 5.82659e-05 2.78513e+13 0 0 5.55216 159.594 0.00631183 0.18143
16 0.056411 0 183.477 3.02509 8.18333 0.0590696 1.27113e+06 1.65901e+06 0 4831.26 4.47221e+06 46904.1 750575 5.93083e-05 2.61234e+13 0 0 5.71014 170.907 0.00592025 0.177196
17 0.0590696 0 182.107 2.81639 8.38065 0.0618534 1.39345e+06 1.8516e+06 0 5383.72 4.32001e+06 48215.4 794980 6.03762e-05 2.43293e+13 0 0 5.83104 183.144 0.00551365 0.173175
18 0.0618534 0 180.684 2.59937 8.58577 0.0647685 1.52753e+06 2.06112e+06 0 5996.39 4.17265e+06 49560.7 841946 6.14698e-05 2.24625e+13 0 0 5.90303 196.217 0.00509059 0.169211
19 0.0647685 0.362408 179.25 0 0.362408 0.0678209 1.67449e+06 2.28903e+06 460.792 6675.78 4.03001e+06 50940.9 891615 6.15264e-05 2.05158e+13 0 0 7.61171 210.37 0.00598654 0.165454
20 0.0678209 0.547065 177.813 0 0.547065 0.0710172 1.83556e+06 2.53693e+06 1223.48 7429.1 3.89192e+06 52356.7 944138 6.16036e-05 2.08694e+13 0 0 9.2938 225.781 0.00666633 0.16195
21 0.0710172 0.740363 176.357 0 0.740363 0.0743642 2.01211e+06 2.80652e+06 2355.23 8264.32 3.75825e+06 53808.8 999672 6.16902e-05 2.09846e+13 0 0 11.1579 242.389 0.00729923 0.158565
22 0.0743642 1.46199 174.793 0 1.46199 0.0778689 2.20561e+06 3.09949e+06 4805.7 9190.27 3.62887e+06 55298.1 1.05838e+06 6.17863e-05 1.95746e+13 0 0 15.6369 259.835 0.00932917 0.155021
23 0.0778689 0 173.266 3.10862 10.0428 0.0815387 2.41768e+06 3.41793e+06 4805.7 10216.7 3.50364e+06 56825.3 1.12045e+06 6.27855e-05 2.54651e+13 0 0 10.6063 279.205 0.00577108 0.151921
24 0.0815387 3.43809 171.75 0 3.43809 0.0853815 2.65011e+06 3.76403e+06 11734 11354.5 3.38243e+06 58391.3 1.18604e+06 6.28737e-05 1.45434e+13 0 0 29.4118 299.693 0.0145954 0.14872
25 0.0853815 0 170.036 3.96758 10.8324 0.0894054 2.90485e+06 4.13973e+06 11734 12615.5 3.26511e+06 59996.8 1.25537e+06 6.29727e-05 3.12594e+13 0 0 15.653 321.933 0.0070842 0.1457
26 0.0894054 0 168.476 4.08179 11.0835 0.0936189 3.18402e+06 4.5479e+06 11734 14012.9 3.15158e+06 61642.7 1.32862e+06 6.30824e-05 3.19014e+13 0 0 17.5157 345.944 0.0072297 0.14279
27 0.0936189 0 166.818 4.41463 11.4426 0.0980311 3.48996e+06 4.99105e+06 11734 15561.5 3.04171e+06 63329.8 1.40601e+06 6.47769e-05 3.39984e+13 0 0 20.468 371.784 0.00770494 0.139954
28 0.0980311 0 165.114 4.78994 11.8242 0.102651 3.82524e+06 5.47199e+06 11734 17277.4 2.93539e+06 65058.8 1.48777e+06 6.66387e-05 3.63256e+13 0 0 23.9789 399.47 0.00823234 0.137144
29 0.102651 0 163.372 4.74881 12.0261 0.107489 4.19265e+06 5.99377e+06 11734 19178.4 2.8325e+06 66830.7 1.57413e+06 6.85619e-05 3.58994e+13 0 0 25.9839 429.109 0.00813575 0.134357
30 0.107489 0 161.559 4.59614 12.3686 0.112555 4.59527e+06 6.55954e+06 11734 21284.3 2.73295e+06 68646.3 1.66534e+06 7.05489e-05 3.46165e+13 0 0 27.4726 460.717 0.00784502 0.131561
31 0.112555 4.38744 159.756 0 4.38744 0.117859 5.03646e+06 7.17296e+06 28580.8 23617 2.63662e+06 70506.3 1.76165e+06 7.26023e-05 1.8033e+13 0 0 58.9035 494.451 0.0153403 0.128771
32 0.117859 8.05601 157.85 0 8.05601 0.123414 5.51989e+06 7.83755e+06 62498.5 26200.7 2.54343e+06 72411.7 1.86334e+06 7.70315e-05 6.71638e+12 0 0 96.6382 530.731 0.0229532 0.126057
33 0.123414 8.72364 155.916 0 8.72364 0.12923 6.0496e+06 8.55732e+06 102771 29062 2.45326e+06 74363.3 1.97068e+06 8.14686e-05 4.17811e+12 0 0 114.428 569.972 0.0247871 0.123466
34 0.12923 8.51778 153.969 0 8.51778 0.135321 6.63e+06 9.33669e+06 145886 32230.4 2.36604e+06 76361.9 2.08398e+06 8.61663e-05 4.52278e+12 0 0 124.132 612.156 0.0245233 0.120936
35 0.135321 8.80659 151.986 0 8.80659 0.141698 7.26591e+06 1.01802e+07 194764 35738.4 2.28166e+06 78408.4 2.20355e+06 9.114e-05 3.92659e+12 0 0 138.624 657.255 0.0249765 0.118421
36 0.141698 9.47647 149.955 0 9.47647 0.148376 7.96263e+06 1.10928e+07 252435 39622.1 2.20003e+06 80503.7 2.32971e+06 9.58185e-05 2.60507e+12 0 0 157.828 705.47 0.0259345 0.115924
37 0.148376 10.3244 147.875 0 10.3244 0.155369 8.72593e+06 1.20795e+07 321327 43921.2 2.12108e+06 82648.4 2.4628e+06 0.000103043 9.43332e+11 0 0 180.471 756.963 0.0270459 0.113441
38 0.155369 11.1407 145.748 0 11.1407 0.162691 9.56215e+06 1.31459e+07 402839 48679.4 2.04472e+06 84843.6 2.60319e+06 0.000110813 0 0 0 197.918 812.07 0.0270507 0.110991
39 0.162691 10.6532 143.59 0 10.6532 0.170358 1.04782e+07 1.42979e+07 488304 53945.3 1.97087e+06 87090 2.75125e+06 0.000119171 3.98094e+12 0 0 199.303 871.44 0.0248432 0.108625
40 0.170358 9.98346 141.416 0 9.98346 0.178387 1.14817e+07 1.55418e+07 576123 59772.3 1.89945e+06 89388.4 2.90737e+06 0.000125462 7.80677e+12 0 0 201.114 934.934 0.0228631 0.106286
41 0.178387 9.54052 139.209 0 9.54052 0.186794 1.2581e+07 1.68845e+07 668142 66219.3 1.83038e+06 91739.7 3.07195e+06 0.000134957 1.08016e+13 0 0 208.253 1002.75 0.0215916 0.103965
42 0.186794 9.28804 136.966 0 9.28804 0.195598 1.3785e+07 1.8333e+07 766369 73351.4 1.7636e+06 94144.7 3.24543e+06 0.00014517 1.3116e+13 0 0 219.892 1075.17 0.0207923 0.101664
43 0.195598 9.1918 134.689 0 9.1918 0.204816 1.51037e+07 1.98948e+07 872957 81240.3 1.69902e+06 96604.1 3.42824e+06 0.000156159 1.48813e+13 0 0 235.57 1152.45 0.0203148 0.0993838
44 0.204816 9.22202 132.379 0 9.22202 0.214469 1.65481e+07 2.1578e+07 990212 89965.1 1.63659e+06 99118.8 3.62086e+06 0.000167981 1.6208e+13 0 0 255.048 1234.89 0.0200593 0.0971226
45 0.214469 9.3537 130.038 0 9.3537 0.224576 1.81299e+07 2.33909e+07 1.12062e+06 99613 1.57623e+06 101690 3.82377e+06 0.000177583 1.71876e+13 0 0 278.231 1322.77 0.0199572 0.0948809
46 0.224576 9.5662 127.668 0 9.5662 0.23516 1.98622e+07 2.53425e+07 1.26685e+06 110280 1.51788e+06 104317 4.03748e+06 0.000190101 1.78945e+13 0 0 305.123 1416.41 0.0199603 0.0926581
47 0.23516 9.84266 125.268 0 9.84266 0.246243 2.17591e+07 2.74422e+07 1.43182e+06 122073 1.46148e+06 107002 4.26251e+06 0.000203507 1.83894e+13 0 0 335.807 1516.12 0.0200347 0.0904537
48 0.246243 10.1695 122.842 0 10.1695 0.257848 2.38362e+07 2.96998e+07 1.61872e+06 135108 1.40697e+06 109745 4.49941e+06 0.000217865 1.8721e+13 0 0 370.431 1622.2 0.0201558 0.088267
49 0.257848 10.5358 120.391 0 10.5358 0.27 2.61105e+07 3.21259e+07 1.83104e+06 149513 1.35428e+06 112547 4.74875e+06 0.000228053 1.89281e+13 0 0 409.198 1735 0.0203061 0.0860977
50 0.27 10.9331 117.916 0 10.9331 0.282725 2.86004e+07 3.47313e+07 2.07261e+06 165430 1.30336e+06 115409 5.01112e+06 0.000241772 1.90414e+13 0 0 452.367 1854.82 0.0204731 0.0839453
51 0.282725 11.3547 115.42 0 11.3547 0.296049 3.13264e+07 3.75276e+07 2.3477e+06 183016 1.25415e+06 118330 5.28715e+06 0.000256335 1.90851e+13 0 0 500.248 1982.03 0.020648 0.0818094
52 0.296049 11.7954 112.904 0 11.7954 0.310001 3.43104e+07 4.05269e+07 2.66105e+06 202442 1.20661e+06 121313 5.57748e+06 0.000271796 1.90775e+13 0 0 553.205 2116.94 0.0208247 0.0796898
53 0.310001 12.2513 110.37 0 12.2513 0.324611 3.75767e+07 4.37417e+07 3.0179e+06 223897 1.16067e+06 124357 5.88276e+06 0.000288211 1.90328e+13 0 0 611.656 2259.92 0.0209991 0.0775865
54 0.324611 12.7197 107.82 0 12.7197 0.33991 4.11518e+07 4.71852e+07 3.42414e+06 247589 1.11629e+06 127462 6.20369e+06 0.000300587 1.89614e+13 0 0 676.076 2411.28 0.0211685 0.0754991
55 0.33991 13.1984 105.256 0 13.1984 0.355929 4.50645e+07 5.08712e+07 3.88634e+06 273746 1.07342e+06 130630 6.54098e+06 0.00031723 1.88711e+13 0 0 746.998 2571.38 0.0213311 0.0734275
56 0.355929 13.6859 102.681 0 13.6859 0.372704 4.93463e+07 5.4814e+07 4.41185e+06 302619 1.03202e+06 133861 6.89538e+06 0.000334831 1.8767e+13 0 0 825.016 2740.53 0.021486 0.0713721
57 0.372704 14.1812 100.097 0 14.1812 0.390269 5.40316e+07 5.90283e+07 5.00891e+06 334486 992023 137155 7.26764e+06 0.000353447 1.8653e+13 0 0 910.791 2919.07 0.0216328 0.0693328
58 0.390269 14.6836 97.5045 0 14.6836 0.408662 5.91579e+07 6.35295e+07 5.68677e+06 369649 953402 140512 7.65857e+06 0.000373141 1.85313e+13 0 0 1005.05 3107.3 0.0217712 0.0673096
59 0.408662 15.1926 94.9075 0 15.1926 0.427921 6.47663e+07 6.83336e+07 6.45579e+06 408443 916108 143933 8.06898e+06 0.000391003 1.84033e+13 0 0 1108.61 3305.54 0.0219014 0.0653033
60 0.427921 15.7077 92.3077 0 15.7077 0.448088 7.09013e+07 7.34568e+07 7.32759e+06 451234 880100 147418 8.49971e+06 0.000412798 1.82698e+13 0 0 1222.34 3514.04 0.0220235 0.063314
61 0.448088 16.2288 89.7071 0 16.2288 0.469206 7.76118e+07 7.89161e+07 8.31522e+06 498423 845337 150967 8.95162e+06 0.00043586 1.81311e+13 0 0 1347.22 3733.06 0.0221377 0.0613421
62 0.469206 16.7556 87.1082 0 16.7556 0.491319 8.49509e+07 8.47286e+07 9.43328e+06 550453 811781 154581 9.42563e+06 0.000460266 1.7987e+13 0 0 1484.31 3962.84 0.0222443 0.0593881
63 0.491319 17.2878 84.5135 0 17.2878 0.514474 9.29765e+07 9.09121e+07 1.06982e+07 607808 779391 158258 9.92264e+06 0.000486102 1.78375e+13 0 0 1634.78 4203.55 0.0223435 0.0574527
64 0.514474 17.8254 81.9247 0 17.8254 0.538721 1.01752e+08 9.74844e+07 1.21282e+07 671020 748133 162000 1.04436e+07 0.000512325 1.76823e+13 0 0 1799.89 4455.35 0.0224357 0.0555361
65 0.538721 18.3679 79.3442 0 18.3679 0.56411 1.11346e+08 1.04464e+08 1.37439e+07 740670 717969 165806 1.09895e+07 0.00054386 1.75211e+13 0 0 1981.05 4718.33 0.022521 0.0536391
66 0.56411 18.9153 76.7752 0 18.9153 0.590696 1.21833e+08 1.11869e+08 1.55683e+07 817397 688866 169676 1.15613e+07 0.000577395 1.73537e+13 0 0 2179.77 4992.58 0.0225997 0.0517629
67 0.590696 19.4671 74.2204 0 19.4671 0.618534 1.33295e+08 1.19718e+08 1.76271e+07 901901 660790 173609 1.216e+07 0.000613066 1.718e+13 0 0 2397.72 5278.16 0.0226721 0.0499087
68 0.618534 20.0231 71.6806 0 20.0231 0.647685 1.45821e+08 1.2803e+08 1.99489e+07 994949 633707 177605 1.27868e+07 0.00065101 1.69996e+13 0 0 2636.72 5574.86 0.0227383 0.0480759
69 0.647685 20.583 69.1603 0 20.583 0.678209 1.59508e+08 1.36824e+08 2.2566e+07 1.09738e+06 607587 181664 1.34425e+07 0.000681638 1.68125e+13 0 0 2898.77 5882.74 0.0227985 0.0462672
70 0.678209 21.1464 66.661 0 21.1464 0.710172 1.7446e+08 1.46117e+08 2.55141e+07 1.21011e+06 582398 185784 1.41284e+07 0.000723995 1.66186e+13 0 0 3186.03 6201.53 0.022853 0.0444828
71 0.710172 21.713 64.1831 0 21.713 0.743642 1.90793e+08 1.55929e+08 2.88333e+07 1.33414e+06 558112 189966 1.48454e+07 0.000769074 1.64176e+13 0 0 3500.88 6530.67 0.0229019 0.042722
72 0.743642 22.2825 61.7301 0 22.2825 0.778689 2.08629e+08 1.66275e+08 3.25681e+07 1.47057e+06 534699 194209 1.55948e+07 0.000817059 1.62096e+13 0 0 3845.93 6869.82 0.0229454 0.0409863
73 0.778689 22.8545 59.3041 0 22.8545 0.815387 2.28105e+08 1.77174e+08 3.67684e+07 1.62061e+06 512131 198511 1.63777e+07 0.000868145 1.59943e+13 0 0 4224.02 7218.43 0.0229837 0.0392768
74 0.815387 23.4285 56.9075 0 23.4285 0.853815 2.49368e+08 1.88642e+08 4.14896e+07 1.78556e+06 490382 202871 1.71952e+07 0.000928285 1.57715e+13 0 0 4638.25 7575.94 0.0230169 0.037595
75 0.853815 24.0042 54.5433 0 24.0042 0.894054 2.72575e+08 2.00694e+08 4.67934e+07 1.96685e+06 469425 207288 1.80484e+07 0.00100373 1.55411e+13 0 0 5092 7941.8 0.0230453 0.0359428
76 0.894054 24.5812 52.2119 0 24.5812 0.936189 2.97901e+08 2.13343e+08 5.27488e+07 2.16605e+06 449235 211761 1.89385e+07 0.00108528 1.53027e+13 0 0 5589 8314.71 0.0230689 0.0343195
77 0.936189 25.159 49.9179 0 25.159 0.980311 3.25532e+08 2.26604e+08 5.94323e+07 2.38486e+06 429787 216288 1.98667e+07 0.00117344 1.50563e+13 0 0 6133.29 8694.2 0.023088 0.0327283
78 0.980311 25.7371 47.6607 0 25.7371 1.02651 3.55672e+08 2.40487e+08 6.69289e+07 2.62514e+06 411058 220867 2.08341e+07 0.00126874 1.48015e+13 0 0 6729.28 9078.28 0.0231027 0.0311672
79 1.02651 26.3151 45.4435 0 26.3151 1.07489 3.88541e+08 2.55e+08 7.53334e+07 2.88892e+06 393024 225497 2.18419e+07 0.00140165 1.45382e+13 0 0 7381.82 9465.89 0.023113 0.0296384
80 1.07489 26.8923 43.2683 0 26.8923 1.12555 4.24378e+08 2.70152e+08 8.47509e+07 3.1784e+06 375662 230177 2.28912e+07 0.00157896 1.42662e+13 0 0 8096.17 9855.43 0.0231192 0.0281429
81 1.12555 27.4682 41.1374 0 27.4682 1.17859 4.63441e+08 2.85948e+08 9.52981e+07 3.49598e+06 358952 234902 2.39833e+07 0.00177789 1.39854e+13 0 0 8878.11 10245.3 0.0231214 0.0266819
82 1.17859 28.0422 39.0512 0 28.0422 1.23414 5.06009e+08 3.0239e+08 1.07105e+08 3.84427e+06 342872 239672 2.51191e+07 0.00200095 1.36958e+13 0 0 9733.94 10632.7 0.0231197 0.0252545
83 1.23414 28.6137 37.012 0 28.6137 1.2923 5.52383e+08 3.19476e+08 1.20314e+08 4.22612e+06 327402 244484 2.62998e+07 0.00225095 1.33977e+13 0 0 10670.5 11015.9 0.0231142 0.0238623
84 1.2923 29.182 35.0218 0.00156257 29.1805 1.35321 6.02891e+08 3.37204e+08 1.35085e+08 4.64462e+06 312521 249335 2.75265e+07 0.00253096 1.30911e+13 0 0 11695.4 11392.3 0.0231052 0.0225064
85 1.35321 29.7465 33.0834 0.0463724 29.7001 1.41698 6.57885e+08 3.55565e+08 1.51595e+08 5.10312e+06 298212 254222 2.88003e+07 0.00289957 1.27766e+13 0 0 12816.8 11760 0.0230927 0.0211885
86 1.41698 30.3066 31.1975 0.0887583 30.2178 1.48376 7.17744e+08 3.74551e+08 1.70039e+08 5.60527e+06 284455 259142 3.01221e+07 0.00335846 1.24546e+13 0 0 14043.7 12115.7 0.0230768 0.0199086
87 1.48376 30.8616 29.366 0.128618 30.733 1.55369 7.82879e+08 3.94146e+08 1.90632e+08 6.15501e+06 271231 264092 3.14928e+07 0.00388639 1.21257e+13 0 0 15386 12457.1 0.0230579 0.0186685
88 1.55369 31.4111 27.5923 0.165872 31.2452 1.62691 8.53731e+08 4.14334e+08 2.13614e+08 6.75662e+06 258525 269069 3.29135e+07 0.00449316 1.17908e+13 0 0 16854.4 12781.8 0.023036 0.0174697
89 1.62691 31.9545 25.8754 0.200464 31.754 1.70358 9.30776e+08 4.35093e+08 2.39249e+08 7.41475e+06 246318 274069 3.43849e+07 0.00518963 1.14507e+13 0 0 18460.7 13085.8 0.0230114 0.0163114
90 1.70358 32.4916 24.2179 0.232363 32.2592 1.78387 1.01453e+09 4.56396e+08 2.6783e+08 8.13442e+06 234595 279088 3.59079e+07 0.00598822 1.11065e+13 0 0 20217.9 13366.5 0.0229841 0.0151953
91 1.78387 33.0219 22.6205 0.261566 32.7604 1.86794 1.10553e+09 4.78214e+08 2.9968e+08 8.92107e+06 223339 284122 3.74831e+07 0.0069676 1.0759e+13 0 0 22139.9 13619.8 0.0229546 0.014121
92 1.86794 33.5455 21.0849 0.288096 33.2574 1.95598 1.20438e+09 5.00512e+08 3.35157e+08 9.78056e+06 212534 289167 3.91112e+07 0.00793923 1.04095e+13 0 0 24242.3 13840.7 0.0229228 0.0130874
93 1.95598 34.0623 19.609 0.311996 33.7503 2.04816 1.3117e+09 5.23251e+08 3.74655e+08 1.07193e+07 202167 294218 4.07927e+07 0.00903846 1.00589e+13 0 0 26542 14018.4 0.022889 0.012089
94 2.04816 34.5724 18.1888 0.333334 34.2391 2.14469 1.42819e+09 5.46377e+08 4.18613e+08 1.1744e+07 192222 299271 4.25281e+07 0.0102806 9.70818e+12 0 0 29057.5 14119 0.0228534 0.0111044
95 2.14469 35.0761 16.8054 0.352187 34.7239 2.24576 1.55456e+09 5.69806e+08 4.67514e+08 1.28622e+07 182686 304321 4.43176e+07 0.0116829 9.35834e+12 0 0 31809 14141.4 0.0228162 0.0101435
96 2.24576 35.5737 15.4774 0.368642 35.205 2.3516 1.69159e+09 5.93466e+08 5.21893e+08 1.40818e+07 173544 309363 4.61616e+07 0.0132639 9.01007e+12 0 0 34818.7 14106.1 0.0227775 0.00922788
97 2.3516 36.0656 14.2864 0.382786 35.6828 2.46243 1.84012e+09 6.17411e+08 5.82344e+08 1.54115e+07 164783 314392 4.80601e+07 0.0150445 8.66394e+12 0 0 38110.7 16000 0.0227374 0.00954579
98 2.46243 36.5523 13.7142 0.394696 36.1576 2.57848 2.00103e+09 6.42616e+08 6.49521e+08 1.68603e+07 156391 319402 5.00131e+07 0.0168969 8.3203e+12 0 0 41711.7 18073.1 0.0226961 0.0098339
99 2.57848 37.0342 13.043 0.404434 36.6298 2.7 2.17527e+09 6.68899e+08 7.2415e+08 1.84384e+07 148355 324387 5.20203e+07 0.0186593 7.97927e+12 0 0 45650.3 21078.6 0.0226536 0.0104601
100 2.7 37.5485 12.5658 0.417703 37.1308 2.82725 2.36386e+09 6.96664e+08 8.07116e+08 2.01562e+07 140662 329342 5.40815e+07 0.0205955 7.69384e+12 0 0 49962.8 24325.8 0.0226121 0.0110093
101 2.82725 37.9834 11.1813 0.417188 37.5663 2.96049 2.56785e+09 7.23754e+08 8.9914e+08 2.20254e+07 133301 334261 5.61961e+07 0.0227211 7.30052e+12 0 0 54669.8 26796.7 0.0225653 0.0110605
102 2.96049 38.6675 11.1168 0.425766 38.2417 3.10001 2.7884e+09 7.53285e+08 1.00186e+09 2.40582e+07 126261 339138 5.83635e+07 0.0250534 6.87339e+12 0 0 59778.2 29765.5 0.0225028 0.0112048
103 3.10001 24.9563 11.0654 0 24.9563 3.24611 3.02672e+09 7.85516e+08 1.07455e+09 2.62677e+07 119530 343966 6.05829e+07 0.0276105 2.03669e+12 0 0 68512.4 36873 0.0235214 0.0126591
104 3.24611 169.304 9.07533 0 169.304 3.3991 3.28408e+09 8.14501e+08 1.61527e+09 2.8668e+07 113098 348738 6.28532e+07 0.0304125 0 0 0 57414.1 40508.1 0.0179768 0.0126834
105 3.3991 114.814 8.91361 0 114.814 3.55929 3.56184e+09 8.45716e+08 2.01734e+09 3.12742e+07 106954 353450 6.51732e+07 0.0334807 0 0 0 50602.7 46150 0.01445 0.0131785
106 3.55929 67.5631 10.2139 0 67.5631 3.72704 3.86145e+09 8.84935e+08 2.27677e+09 3.41025e+07 101088 358093 6.75416e+07 0.0370222 0 0 0 44740.5 70092 0.0116518 0.0182542
107 3.72704 25.7036 11.4109 0 25.7036 3.90269 4.1844e+09 9.32978e+08 2.38499e+09 3.71699e+07 95489.7 362661 6.99566e+07 0.0401989 0 0 0 38847.1 95558.5 0.00922681 0.0226967
108 3.90269 556.656 0 0 556.656 4.08662 4.5323e+09 9.32978e+08 4.95475e+09 4.04948e+07 90149.9 367147 7.24164e+07 0.0436399 0 0 0 73749.1 0 0.0159753 0
109 4.08662 495.684 0 0 495.684 4.27921 4.90682e+09 9.32978e+08 7.46381e+09 4.40967e+07 85059.1 371544 7.49191e+07 0.0473663 0 0 0 69068 0 0.0136449 0
110 4.27921 439.797 0 0 439.797 4.48088 5.30973e+09 9.32978e+08 9.90476e+09 4.79964e+07 80208.1 375845 7.58691e+07 0.0514007 0 0 0 64138.4 0 0.0115561 0
111 4.48088 388.749 0 0 388.749 4.69206 5.74286e+09 9.32978e+08 1.22705e+10 5.2216e+07 75588.3 380043 7.5664e+07 0.0557674 0 0 0 59097.8 0 0.00971102 0
112 4.69206 342.287 0 0 342.287 4.91319 6.20815e+09 9.32978e+08 1.45546e+10 5.67789e+07 71191 384131 7.54284e+07 0.060493 0 0 0 54016.4 0 0.00809503 0
113 4.91319 300.159 0 0 300.159 5.14474 6.70761e+09 9.32978e+08 1.67507e+10 6.171e+07 67007.8 388102 7.51629e+07 0.065605 0 0 0 48908.6 0 0.00668465 0
114 5.14474 262.109 0 0 262.109 5.38721 7.24336e+09 9.32978e+08 1.88534e+10 6.70356e+07 63030.5 391949 7.48662e+07 0.0711346 0 0 0 43903.2 0 0.00547255 0
115 5.38721 227.88 0 0 227.88 5.6411 7.81756e+09 9.32978e+08 2.0858e+10 7.27835e+07 59251.5 395666 7.45394e+07 0.0771132 0 0 0 39133.2 0 0.00444876 0
116 5.6411 197.219 0 0 197.219 5.90696 8.4325e+09 9.32978e+08 2.27602e+10 7.89834e+07 55662.8 399245 7.48806e+07 0.0827964 0 0 0 34658.6 0 0.00359339 0
117 5.90696 169.875 0 0 169.875 6.18534 9.09053e+09 9.32978e+08 2.45567e+10 8.56662e+07 52257.1 402679 7.50008e+07 0.0891035 0 0 0 30492.8 0 0.00288331 0
118 6.18534 145.6 0 0 145.6 6.47685 9.79408e+09 9.32978e+08 2.62451e+10 9.28649e+07 49027.1 405963 7.5061e+07 0.0959041 0 0 0 26659.2 0 0.00229901 0
119 6.47685 124.152 0 0 124.152 6.78209 1.05456e+10 9.32978e+08 2.78236e+10 1.00614e+08 45965.7 409090 7.50607e+07 0.103237 0 0 0 23161.4 0 0.00182162 0
120 6.78209 105.297 0 0 105.297 7.10172 1.13478e+10 9.32978e+08 2.92916e+10 1.0895e+08 43066.1 412053 7.49988e+07 0.111147 0 0 0 19982.9 0 0.00143335 0
121 7.10172 88.8061 0 0 88.8061 7.43642 1.22033e+10 9.32978e+08 3.06492e+10 1.17911e+08 40321.7 414847 7.48754e+07 0.119678 0 0 0 17125.6 0 0.00112031 0
122 7.43642 74.4616 0 0 74.4616 7.78689 1.31147e+10 9.32978e+08 3.18972e+10 1.27537e+08 37725.8 417467 7.46893e+07 0.128883 0 0 0 14576.1 0 0.000869631 0
123 7.78689 62.0546 0 0 62.0546 8.15387 1.40848e+10 9.32978e+08 3.30377e+10 1.3787e+08 35272.3 419906 7.44412e+07 0.138815 0 0 0 12317.6 0 0.000670225 0
124 8.15387 51.3868 0 0 51.3868 8.53815 1.51165e+10 9.32978e+08 3.40732e+10 1.48956e+08 32955 422160 7.41306e+07 0.149534 0 0 0 10331.9 0 0.00051271 0
125 8.53815 42.2709 0 0 42.2709 8.94054 1.62127e+10 9.32978e+08 3.50072e+10 1.60838e+08 30767.9 424224 7.37582e+07 0.161103 0 0 0 8599.36 0 0.000389188 0
126 8.94054 34.5315 0 0 34.5315 9.36189 1.73762e+10 9.32978e+08 3.58438e+10 1.73567e+08 28705.4 426093 7.33245e+07 0.173592 0 0 0 7099.95 0 0.000293055 0
127 9.36189 28.0052 0 0 28.0052 9.80311 1.86099e+10 9.32978e+08 3.65878e+10 1.87192e+08 26761.7 427765 7.28297e+07 0.187077 0 0 0 5813.06 0 0.000218826 0
128 9.80311 22.5408 0 0 22.5408 10.2651 1.99169e+10 9.32978e+08 3.72443e+10 2.01765e+08 24931.5 429235 7.22755e+07 0.201639 0 0 0 4718.09 0 0.000161979 0
129 10.2651 17.9992 0 0 17.9992 10.7489 2.13e+10 9.32978e+08 3.78192e+10 2.17342e+08 23209.6 430501 7.16626e+07 0.217365 0 0 0 3794.78 0 0.000118817 0
130 10.7489 14.2541 0 0 14.2541 11.2555 2.27623e+10 9.32978e+08 3.83184e+10 2.33979e+08 21590.7 431559 7.09923e+07 0.234353 0 0 0 3023.45 0 8.63369e-05 0
131 11.2555 11.1907 0 0 11.1907 11.7859 2.43068e+10 9.32978e+08 3.87481e+10 2.51736e+08 20070 432408 7.02666e+07 0.252705 0 0 0 2385.33 0 6.21215e-05 0
132 11.7859 8.70627 0 0 8.70627 12.3414 2.59362e+10 9.32978e+08 3.91146e+10 2.70673e+08 18642.6 433046 6.94868e+07 0.272534 0 0 0 1862.71 0 4.42424e-05 0
133 12.3414 6.70942 0 0 6.70942 12.923 2.76536e+10 9.32978e+08 3.94243e+10 2.90855e+08 17304.1 433473 6.86548e+07 0.293963 0 0 0 1439.16 0 3.11748e-05 0
134 12.923 5.11943 0 0 5.11943 13.5321 2.94618e+10 9.32978e+08 3.96835e+10 3.12348e+08 16049.8 433687 6.77729e+07 0.317124 0 0 0 1099.64 0 2.17242e-05 0
135 13.5321 3.86582 0 0 3.86582 14.1698 3.13636e+10 9.32978e+08 3.9898e+10 3.35219e+08 14875.5 433688 6.68435e+07 0.34216 0 0 0 830.545 0 1.49643e-05 0
136 14.1698 2.88757 0 0 2.88757 14.8376 3.33618e+10 9.32978e+08 4.00738e+10 3.59539e+08 13777.1 433478 6.58688e+07 0.369226 0 0 0 619.782 0 1.01843e-05 0
137 14.8376 2.13242 0 0 2.13242 15.5369 3.5459e+10 9.32978e+08 4.02161e+10 3.85382e+08 12750.4 433057 6.48518e+07 0.39849 0 0 0 456.727 0 6.84463e-06 0
138 15.5369 1.55608 0 0 1.55608 16.2691 3.76578e+10 9.32978e+08 4.03299e+10 4.12823e+08 11791.7 432427 6.37945e+07 0.430138 0 0 0 332.189 0 4.54024e-06 0
139 16.2691 1.1214 0 0 1.1214 17.0358 3.99607e+10 9.32978e+08 4.04199e+10 4.41939e+08 10897.2 431590 6.27002e+07 0.464366 0 0 0 238.333 0 2.97083e-06 0
140 17.0358 0.797641 0 0 0.797641 17.8387 4.237e+10 9.32978e+08 4.049e+10 4.7281e+08 10063.3 430550 6.15718e+07 0.501389 0 0 0 168.578 0 1.91644e-06 0
141 17.8387 0.559632 0 0 0.559632 18.6794 4.4888e+10 9.32978e+08 4.0544e+10 5.0552e+08 9286.66 429308 6.0412e+07 0.541442 0 0 0 117.482 0 1.21805e-06 0
142 18.6794 0.387048 0 0 0.387048 19.5598 4.75169e+10 9.32978e+08 4.05849e+10 5.40152e+08 8563.93 427870 5.92243e+07 0.584775 0 0 0 80.6152 0 7.62273e-07 0
143 19.5598 0.263693 0 0 0.263693 20.4816 5.02585e+10 9.32978e+08 4.06155e+10 5.76796e+08 7891.96 426239 5.80115e+07 0.631665 0 0 0 54.4315 0 4.69401e-07 0
144 20.4816 0.176846 0 0 0.176846 21.4469 5.31149e+10 9.32978e+08 4.0638e+10 6.15541e+08 7267.74 424420 5.67769e+07 0.682406 0 0 0 36.1383 0 2.84224e-07 0
145 21.4469 0.116663 0 0 0.116663 22.4576 5.60875e+10 9.32978e+08 4.06543e+10 6.5648e+08 6688.37 422418 5.55234e+07 0.737326 0 0 0 23.575 0 1.691e-07 0
146 22.4576 0.0756429 0 0 0.0756429 23.516 5.9178e+10 9.32978e+08 4.06658e+10 6.99708e+08 6151.1 420240 5.42543e+07 0.796771 0 0 0 15.0998 0 9.87788e-08 0
147 23.516 0.048167 0 0 0.048167 24.6243 6.23878e+10 9.32978e+08 4.06739e+10 7.45324e+08 5653.3 417892 5.29731e+07 0.861117 0 0 0 9.48804 0 5.6607e-08 0
148 24.6243 0.0300956 0 0 0.0300956 25.7848 6.5718e+10 9.32978e+08 4.06794e+10 7.93429e+08 5192.47 415380 5.16821e+07 0.930785 0 0 0 5.84394 0 3.17979e-08 0
149 25.7848 0.0184349 0 0 0.0184349 27 6.91696e+10 9.32978e+08 4.06832e+10 8.44127e+08 4766.22 412710 5.0385e+07 1.00621 0 0 0 3.52515 0 1.74933e-08 0
150 27 0.0110599 0 0 0.0110599 28.2725 7.27436e+10 9.32978e+08 4.06856e+10 8.97525e+08 4372.3 409892 4.90844e+07 1.08788 0 0 0 2.08062 0 9.41642e-09 0
151 28.2725 0.00649243 0 0 0.00649243 29.6049 7.64405e+10 9.32978e+08 4.06872e+10 9.53734e+08 4008.55 406931 4.77834e+07 1.17632 0 0 0 1.20042 0 4.9548e-09 0
152 29.6049 0.00372531 0 0 0.00372531 31.0001 8.02608e+10 9.32978e+08 4.06882e+10 1.01287e+09 3672.95 403837 4.64846e+07 1.2721 0 0 0 0.676336 0 2.54599e-09 0
153 31.0001 0.00208712 0 0 0.00208712 32.4611 8.42049e+10 9.32978e+08 4.06888e+10 1.07504e+09 3363.57 400617 4.5191e+07 1.37583 0 0 0 0.371726 0 1.27619e-09 0
154 32.4611 0.00114044 0 0 0.00114044 33.991 8.82729e+10 9.32978e+08 4.06891e+10 1.14038e+09 3078.59 397280 4.36671e+07 1.49628 0 0 0 0.198965 0 6.22975e-10 0
155 33.991 0.000607044 0 0 0.000607044 35.5929 9.24647e+10 9.32978e+08 4.06893e+10 1.20901e+09 2816.29 393835 4.26944e+07 1.60739 0 0 0 0.103595 0 2.95824e-10 0
156 35.5929 0.000314379 0 0 0.000314379 37.2704 9.67802e+10 9.32978e+08 4.06895e+10 1.28105e+09 2575.06 390290 4.17295e+07 1.72647 0 0 0 0.0526458 0 1.37106e-10 0
157 37.2704 0.000158201 0 0 0.000158201 39.0269 1.01219e+11 9.32978e+08 4.06895e+10 1.35665e+09 2353.38 386655 4.07737e+07 1.85407 0 0 0 0.0260168 0 6.17942e-11 0
158 39.0269 7.72495e-05 0 0 7.72495e-05 40.8662 1.0578e+11 9.32978e+08 4.06896e+10 1.43594e+09 2149.81 382939 3.98278e+07 1.99081 0 0 0 0.0124908 0 2.70572e-11 0
159 40.8662 3.65507e-05 0 0 3.65507e-05 42.7921 1.10464e+11 9.32978e+08 4.06896e+10 1.51906e+09 1963.02 379151 3.88928e+07 2.13732 0 0 0 0.00581366 0 1.14853e-11 0
160 42.7921 1.67325e-05 0 0 1.67325e-05 44.8088 1.15268e+11 9.32978e+08 4.06896e+10 1.60618e+09 1791.73 375300 3.79695e+07 2.29432 0 0 0 0.0026181 0 4.71715e-12 0
161 44.8088 7.3997e-06 0 0 7.3997e-06 46.9206 1.20193e+11 9.32978e+08 4.06896e+10 1.69744e+09 1634.79 371396 3.70591e+07 2.46253 0 0 0 0.00113861 0 1.87098e-12 0
162 46.9206 3.15606e-06 0 0 3.15606e-06 49.1319 1.25236e+11 9.32978e+08 4.06896e+10 1.79301e+09 1491.07 367447 3.61619e+07 2.64279 0 0 0 0.000477369 0 7.15398e-13 0
163 49.1319 1.29602e-06 0 0 1.29602e-06 51.4474 1.30397e+11 9.32978e+08 4.06896e+10 1.89306e+09 1359.56 363464 3.52792e+07 2.83593 0 0 0 0.000192608 0 2.63249e-13 0
164 51.4474 5.11486e-07 0 0 5.11486e-07 53.8721 1.35675e+11 9.32978e+08 4.06896e+10 1.99777e+09 1239.29 359455 3.44114e+07 3.0429 0 0 0 7.46561e-05 0 9.30591e-14 0
165 53.8721 1.93641e-07 0 0 1.93641e-07 56.411 1.41067e+11 9.32978e+08 4.06896e+10 2.10733e+09 1129.37 355430 3.35592e+07 3.26469 0 0 0 2.77475e-05 0 3.15441e-14 0
166 56.411 7.0186e-08 0 0 7.0186e-08 59.0696 1.46572e+11 9.32978e+08 4.06896e+10 2.22194e+09 1028.98 351398 3.35135e+07 3.41981 0 0 0 9.9788e-06 0 1.0346e-14 0
167 59.0696 2.43051e-08 0 0 2.43051e-08 61.8534 1.52189e+11 9.32978e+08 4.06896e+10 2.3418e+09 937.326 347368 3.30538e+07 3.62648 0 0 0 3.43137e-06 0 3.2446e-15 0
168 61.8534 8.02424e-09 0 0 8.02424e-09 64.7685 1.57915e+11 9.32978e+08 4.06896e+10 2.46715e+09 853.706 343348 3.26002e+07 3.84507 0 0 0 1.12493e-06 0 9.70109e-16 0
169 64.7685 2.51994e-09 0 0 2.51994e-09 67.8209 1.63749e+11 9.32978e+08 4.06896e+10 2.59822e+09 777.452 339348 3.21529e+07 4.07633 0 0 0 3.50617e-07 0 2.75757e-16 0
170 67.8209 7.50982e-10 0 0 7.50982e-10 71.0172 1.69688e+11 9.32978e+08 4.06896e+10 2.73525e+09 707.95 335375 3.17117e+07 4.32115 0 0 0 1.03672e-07 0 7.43625e-17 0
171 71.0172 2.1186e-10 0 0 2.1186e-10 74.3642 1.75731e+11 9.32978e+08 4.06896e+10 2.87851e+09 644.632 331439 3.12767e+07 4.58044 0 0 0 2.90108e-08 0 1.89781e-17 0
172 74.3642 5.64316e-11 0 0 5.64316e-11 77.8689 1.81876e+11 9.32978e+08 4.06896e+10 3.02828e+09 586.972 327547 3.08476e+07 4.85525 0 0 0 7.66324e-09 0 4.572e-18 0
173 77.8689 1.41538e-11 0 0 1.41538e-11 81.5387 1.88119e+11 9.32978e+08 4.06896e+10 3.18487e+09 534.486 323708 3.04243e+07 5.14673 0 0 0 1.90565e-09 0 1.0369e-18 0
174 81.5387 3.33325e-12 0 0 3.33325e-12 85.3815 1.9446e+11 9.32978e+08 4.06896e+10 3.34859e+09 486.729 319929 3.00068e+07 5.45611 0 0 0 4.44856e-10 0 2.20756e-19 0
175 85.3815 7.3488e-13 0 0 7.3488e-13 89.4054 2.00896e+11 9.32978e+08 4.06896e+10 3.51979e+09 443.289 316218 2.98074e+07 5.74351 0 0 0 9.72734e-11 0 4.40238e-20 0
176 89.4054 1.51204e-13 0 0 1.51204e-13 93.6189 2.07424e+11 9.32978e+08 4.06896e+10 3.69884e+09 403.788 312583 2.99476e+07 5.9787 0 0 0 2.0092e-11 0 8.29309e-21 0
177 93.6189 2.894e-14 0 0 2.894e-14 98.0311 2.14043e+11 9.32978e+08 4.06896e+10 3.88613e+09 367.88 309029 3.00819e+07 6.22609 0 0 0 3.87305e-12 0 1.45796e-21 0
178 98.0311 5.13492e-15 0 0 5.13492e-15 102.651 2.2075e+11 9.32978e+08 4.06896e+10 4.0821e+09 335.245 305566 3.0209e+07 6.48696 0 0 0 6.93017e-13 0 2.37924e-22 0
179 102.651 8.41629e-16 0 0 8.41629e-16 107.489 2.27542e+11 9.32978e+08 4.06896e+10 4.28719e+09 305.593 302198 3.03276e+07 6.76272 0 0 0 1.14514e-13 0 3.58552e-23 0
180 107.489 1.2695e-16 0 0 1.2695e-16 112.555 2.34418e+11 9.32978e+08 4.06896e+10 4.50192e+09 278.656 298933 3.04358e+07 7.05503 0 0 0 1.7405e-14 0 4.97013e-24 0
181 112.555 1.75538e-17 0 0 1.75538e-17 117.859 2.41375e+11 9.32978e+08 4.06896e+10 4.72681e+09 254.188 295778 3.05324e+07 7.36562 0 0 0 2.42352e-15 0 6.31162e-25 0
182 117.859 2.21589e-18 0 0 2.21589e-18 123.414 2.4841e+11 9.32978e+08 4.06896e+10 4.96244e+09 231.965 292737 3.06153e+07 7.69662 0 0 0 3.07873e-16 0 7.3125e-26 0
183 123.414 2.54276e-19 0 0 2.54276e-19 129.23 2.55522e+11 9.32978e+08 4.06896e+10 5.20945e+09 211.784 289818 3.06833e+07 8.05021 0 0 0 3.55274e-17 0 7.69585e-27 0
184 129.23 2.64049e-20 0 0 2.64049e-20 135.321 2.62708e+11 9.32978e+08 4.06896e+10 5.46851e+09 193.458 287026 3.07349e+07 8.4289 0 0 0 3.70721e-18 0 7.32387e-28 0
185 135.321 2.46969e-21 0 0 2.46969e-21 141.698 2.69967e+11 9.32978e+08 4.06896e+10 5.74036e+09 176.816 284366 3.07681e+07 8.8356 0 0 0 3.48143e-19 0 6.27264e-29 0
186 141.698 2.07032e-22 0 0 2.07032e-22 148.376 2.77295e+11 9.32978e+08 4.06896e+10 6.02582e+09 161.703 281843 3.07816e+07 9.27345 0 0 0 2.92773e-20 0 4.81088e-30 0
187 148.376 1.54749e-23 0 0 1.54749e-23 155.369 2.8469e+11 9.32978e+08 4.06896e+10 6.32574e+09 147.977 279464 3.13725e+07 9.56006 0 0 0 2.2202e-21 0 3.32725e-31 0
188 155.369 1.02581e-24 0 0 1.02581e-24 162.691 2.92151e+11 9.32978e+08 4.06896e+10 6.64109e+09 135.51 277232 3.14927e+07 10.0133 0 0 0 1.48354e-22 0 2.02765e-32 0
189 162.691 5.99649e-26 0 0 5.99649e-26 170.358 2.99675e+11 9.32978e+08 4.06896e+10 6.97289e+09 124.185 275153 3.15792e+07 10.5071 0 0 0 8.46254e-24 0 1.05486e-33 0
190 170.358 3.07286e-27 0 0 3.07286e-27 178.387 3.0726e+11 9.32978e+08 4.06896e+10 7.32229e+09 113.895 273232 3.16299e+07 11.0464 0 0 0 9.09695e-26 0 1.03416e-35 0
191 178.387 1.37187e-28 0 0 1.37187e-28 186.794 3.14904e+11 9.32978e+08 4.06896e+10 7.32229e+09 0 0 0 0 0 0 0 0 0 0 0
192 186.794 5.3013e-30 0 0 5.3013e-30 195.598 3.15139e+11 9.32978e+08 4.06896e+10 7.32229e+09 0 0 0 0 0 0 0 0 0 0 0
193 195.598 1.76117e-31 0 0 1.76117e-31 204.816 3.15139e+11 9.32978e+08 4.06896e+10 7.32229e+09 0 0 0 0 0 0 0 0 0 0 0
194 204.816 4.99431e-33 0 0 4.99431e-33 214.469 3.15139e+11 9.32978e+08 4.06896e+10 7.32229e+09 0 0 0 0 0 0 0 0 0 0 0
195 214.469 1.19997e-34 0 0 1.19997e-34 224.576 3.15139e+11 9.32978e+08 4.06896e+10 7.32229e+09 0 0 0 0 0 0 0 0 0 0 0
196 224.576 2.42376e-36 0 0 2.42376e-36 235.16 3.15139e+11 9.32978e+08 4.06896e+10 7.32229e+09 0 0 0 0 0 0 0 0 0 0 0
197 235.16 4.08216e-38 0 0 4.08216e-38 246.243 3.15139e+11 9.32978e+08 4.06896e+10 7.32229e+09 0 0 0 0 0 0 0 0 0 0 0
198 246.243 5.68399e-40 0 0 5.68399e-40 257.848 3.15139e+11 9.32978e+08 4.06896e+10 7.32229e+09 0 0 0 0 0 0 0 0 0 0 0
199 257.848 6.48467e-42 0 0 6.48467e-42 270 3.15139e+11 9.32978e+08 4.06896e+10 7.32229e+09 0 0 0 0 0 0 0 0 0 0 0
