#i RadiusInner SDensityCold SDensityStar SDensityColdMolecular SDensityColdAtomic RadiusOuter MassProfHalo MassProfStar MassProfCold MassProfHot DensityProfHot TemperatureProfHot CoolingRate CoolingTime SDensitySFR MassProfDM MassProfDMContracted MassMetalCold MassMetalStar SDensityMetalCold SDensityMetalStar
0 0.027 7.21985 2468.53 5.82239 1.39747 0.0282725 374666 545437 1595.27 0.546967 5778.08 1.10191e+06 0.110009 4.97203 6.29907e+13 0 0 73.0777 11317.8 0.330734 51.2217
1 0.0282725 7.21722 2462.91 5.81973 1.39749 0.0296049 410786 1.14214e+06 3343.82 0.627985 5777.84 1.10188e+06 0.0162946 4.97207 6.29701e+13 0 0 80.0949 12380.5 0.330596 51.1011
2 0.0296049 7.21446 2456.83 5.81694 1.39751 0.0310001 450386 1.79479e+06 5260.32 0.721002 5777.6 1.10184e+06 0.0187077 4.97212 6.29484e+13 0 0 87.7838 13541.5 0.330452 50.9754
3 0.0310001 7.21156 2450.48 5.81402 1.39754 0.0324611 493802 2.50856e+06 7360.89 0.827795 5777.34 1.10181e+06 0.0214782 4.97215 6.29258e+13 0 0 96.2089 14809.8 0.3303 50.8444
4 0.0324611 7.20852 2443.87 5.81096 1.39757 0.033991 541402 3.28908e+06 9663.14 0.950404 5777.07 1.10178e+06 0.0246589 4.97221 6.2902e+13 0 0 105.44 16195 0.330141 50.7078
5 0.033991 7.20535 2436.98 5.80776 1.39759 0.0355929 593587 4.14249e+06 12186.4 1.09117 5776.79 1.10174e+06 0.0283106 4.97225 6.28772e+13 0 0 115.555 17707.6 0.329975 50.5655
6 0.0355929 7.20203 2429.8 5.8044 1.39762 0.0372704 650800 5.07548e+06 14951.8 1.25279 5776.49 1.1017e+06 0.0325028 4.97231 6.28511e+13 0 0 126.636 19359.1 0.329801 50.4173
7 0.0372704 7.19855 2422.33 5.8009 1.39765 0.0390269 713525 6.09533e+06 17982.6 1.43833 5776.18 1.10166e+06 0.0373159 4.97236 6.28239e+13 0 0 138.778 21161.9 0.329619 50.2629
8 0.0390269 7.19491 2414.54 5.79723 1.39768 0.0408662 782292 7.20999e+06 21304.1 1.65136 5775.85 1.10162e+06 0.0428414 4.97243 6.27954e+13 0 0 152.079 23129.3 0.329429 50.1021
9 0.0408662 7.19111 2406.44 5.79339 1.39772 0.0427921 857683 8.42809e+06 24944.1 1.89593 5775.51 1.10158e+06 0.049185 4.97248 6.27656e+13 0 0 166.65 25276.1 0.32923 49.9348
10 0.0427921 7.18712 2398.01 5.78937 1.39775 0.0448088 940335 9.75902e+06 28933 2.17672 5775.16 1.10153e+06 0.0564678 4.97254 6.27344e+13 0 0 182.613 27618 0.329021 49.7606
11 0.0448088 7.18295 2389.23 5.78516 1.39779 0.0469206 1.03095e+06 1.1213e+07 33304.3 2.49909 5774.78 1.10149e+06 0.0648287 4.9726 6.27017e+13 0 0 200.098 30172.2 0.328803 49.5794
12 0.0469206 7.17859 2380.11 5.78076 1.39783 0.0491319 1.13029e+06 1.28012e+07 38094.5 2.86919 5774.39 1.10144e+06 0.0744273 4.97267 6.26675e+13 0 0 219.251 32957.4 0.328575 49.3909
13 0.0491319 7.17403 2370.62 5.77616 1.39787 0.0514474 1.23919e+06 1.45357e+07 43343.4 3.29409 5773.99 1.10138e+06 0.0854466 4.97274 6.26317e+13 0 0 240.229 35993.7 0.328336 49.1948
14 0.0514474 7.16926 2360.76 5.77134 1.39791 0.0538721 1.35858e+06 1.64296e+07 49094.9 3.78191 5773.56 1.10133e+06 0.0980975 4.9728 6.25942e+13 0 0 263.205 39302.8 0.328086 48.991
15 0.0538721 7.16426 2350.5 5.76631 1.39795 0.056411 1.48946e+06 1.84972e+07 55396.9 4.34196 5773.11 1.10127e+06 0.11262 4.97289 6.2555e+13 0 0 288.369 42908.3 0.327825 48.7792
16 0.056411 7.15904 2339.85 5.76103 1.398 0.0590696 1.63294e+06 2.0754e+07 62301.8 4.98493 5772.64 1.10121e+06 0.129293 4.97298 6.2514e+13 0 0 315.927 46835.8 0.327551 48.5592
17 0.0590696 7.15357 2328.79 5.75552 1.39805 0.0618534 1.79023e+06 2.32169e+07 69867.2 5.72309 5772.15 1.10115e+06 0.148433 4.97305 6.2471e+13 0 0 346.104 51112.7 0.327265 48.3306
18 0.0618534 7.14785 2317.3 5.74975 1.3981 0.0647685 1.96266e+06 2.5904e+07 78155.8 6.57054 5771.63 1.10109e+06 0.170406 4.97314 6.24261e+13 0 0 379.148 55768.7 0.326966 48.0932
19 0.0647685 7.14187 2305.38 5.74372 1.39815 0.0678209 2.15169e+06 2.88352e+07 87236.5 7.54346 5771.1 1.10102e+06 0.195629 4.97325 6.23791e+13 0 0 415.33 60836 0.326653 47.8469
20 0.0678209 7.13562 2293.01 5.7374 1.39821 0.0710172 2.3589e+06 3.2032e+07 97184.5 8.6604 5770.53 1.10095e+06 0.224586 4.97334 6.23299e+13 0 0 454.944 66349 0.326326 47.5913
21 0.0710172 7.12907 2280.18 5.7308 1.39827 0.0743642 2.58604e+06 3.55176e+07 108082 9.94269 5769.94 1.10087e+06 0.257829 4.97343 6.22784e+13 0 0 498.312 72345 0.325983 47.3262
22 0.0743642 7.12223 2266.88 5.7239 1.39833 0.0778689 2.83504e+06 3.93172e+07 120020 11.4148 5769.32 1.10079e+06 0.295989 4.97354 6.22245e+13 0 0 545.788 78864 0.325625 47.0514
23 0.0778689 7.11507 2253.1 5.71668 1.3984 0.0815387 3.10799e+06 4.3458e+07 133096 13.1048 5768.68 1.10071e+06 0.339794 4.97366 6.21681e+13 0 0 597.757 85949.1 0.32525 46.7665
24 0.0815387 7.10759 2238.82 5.70913 1.39846 0.0853815 3.40718e+06 4.79695e+07 147419 15.045 5768 1.10062e+06 0.390082 4.97377 6.21092e+13 0 0 654.638 93646.6 0.324859 46.4714
25 0.0853815 7.09977 2224.04 5.70123 1.39854 0.0894054 3.73514e+06 5.28837e+07 163107 17.2723 5767.29 1.10053e+06 0.447808 4.97388 6.20475e+13 0 0 716.891 102006 0.324449 46.1658
26 0.0894054 7.09159 2208.73 5.69298 1.39861 0.0936189 4.09464e+06 5.82349e+07 180288 19.8293 5766.55 1.10044e+06 0.514071 4.97403 6.19829e+13 0 0 785.017 111081 0.324021 45.8495
27 0.0936189 7.08303 2192.9 5.68435 1.39869 0.0980311 4.48868e+06 6.40603e+07 199104 22.7648 5765.77 1.10034e+06 0.590139 4.97414 6.19154e+13 0 0 859.564 120929 0.323573 45.5222
28 0.0980311 7.07409 2176.53 5.67532 1.39877 0.102651 4.9206e+06 7.04e+07 219709 26.1346 5764.96 1.10024e+06 0.677455 4.97429 6.18448e+13 0 0 941.13 131610 0.323104 45.1837
29 0.102651 7.06475 2159.61 5.66589 1.39886 0.107489 5.39402e+06 7.72974e+07 242272 30.0032 5764.11 1.10013e+06 0.777683 4.97445 6.17709e+13 0 0 1030.37 143190 0.322615 44.8338
30 0.107489 7.05498 2142.13 5.65603 1.39895 0.112555 5.91291e+06 8.47989e+07 266978 34.4442 5763.22 1.10001e+06 0.892735 4.97459 6.16937e+13 0 0 1127.98 155739 0.322103 44.4724
31 0.112555 7.04476 2124.08 5.64572 1.39904 0.117859 6.48165e+06 9.29549e+07 294029 39.5423 5762.28 1.0999e+06 1.0248 4.97475 6.16128e+13 0 0 1234.75 169331 0.321568 44.0991
32 0.117859 7.03409 2105.45 5.63495 1.39914 0.123414 7.10501e+06 1.01819e+08 323644 45.3947 5761.31 1.09977e+06 1.17639 4.97493 6.15283e+13 0 0 1351.53 184046 0.32101 43.7139
33 0.123414 7.02294 2086.23 5.62369 1.39925 0.12923 7.78821e+06 1.1145e+08 356065 52.113 5760.28 1.09964e+06 1.35038 4.97511 6.14399e+13 0 0 1479.22 199968 0.320425 43.3165
34 0.12923 7.01129 2066.43 5.61193 1.39936 0.135321 8.53699e+06 1.2191e+08 391555 59.8252 5759.21 1.09951e+06 1.5501 4.97529 6.13475e+13 0 0 1618.85 217186 0.319815 42.9067
35 0.135321 6.99909 2046.02 5.59961 1.39948 0.141698 9.35762e+06 1.33266e+08 430401 68.6783 5758.09 1.09936e+06 1.77934 4.97548 6.12506e+13 0 0 1771.48 235797 0.319175 42.4845
36 0.141698 6.98629 2025 5.58669 1.3996 0.148376 1.0257e+07 1.45589e+08 472917 78.8409 5756.92 1.09921e+06 2.04246 4.97569 6.11488e+13 0 0 1938.3 255900 0.318503 42.0498
37 0.148376 6.97292 2003.37 5.57318 1.39974 0.155369 1.12426e+07 1.58957e+08 519446 90.5067 5755.69 1.09906e+06 2.34446 4.97589 6.10424e+13 0 0 2120.61 277603 0.317801 41.6023
38 0.155369 6.95896 1981.13 5.55908 1.39988 0.162691 1.23228e+07 1.73452e+08 570361 103.898 5754.41 1.09889e+06 2.69107 4.97613 6.09312e+13 0 0 2319.84 301018 0.317067 41.1421
39 0.162691 6.94437 1958.27 5.54435 1.40003 0.170358 1.35064e+07 1.89163e+08 626072 119.269 5753.07 1.09872e+06 3.08891 4.97634 6.08149e+13 0 0 2537.51 326265 0.316301 40.669
40 0.170358 6.92915 1934.79 5.52897 1.40018 0.178387 1.48035e+07 2.06182e+08 687024 136.914 5751.66 1.09854e+06 3.54549 4.97659 6.06934e+13 0 0 2775.29 353467 0.315501 40.183
41 0.178387 6.91326 1910.68 5.51291 1.40035 0.186794 1.62249e+07 2.24611e+08 753703 157.167 5750.19 1.09836e+06 4.06952 4.97684 6.05663e+13 0 0 3034.99 382757 0.314666 39.6841
42 0.186794 6.89667 1885.96 5.49615 1.40052 0.195598 1.77824e+07 2.44556e+08 826639 180.415 5748.64 1.09816e+06 4.67093 4.97711 6.04336e+13 0 0 3318.58 414272 0.313794 39.1723
43 0.195598 6.87935 1860.62 5.47865 1.4007 0.204816 1.9489e+07 2.66131e+08 906412 207.099 5747.03 1.09795e+06 5.36113 4.9774 6.02949e+13 0 0 3628.19 448156 0.312884 38.6476
44 0.204816 6.86128 1834.66 5.4604 1.40089 0.214469 2.1359e+07 2.89459e+08 993651 237.728 5745.34 1.09774e+06 6.15323 4.97769 6.01499e+13 0 0 3966.16 484560 0.311934 38.1102
45 0.214469 6.84244 1808.09 5.44135 1.40109 0.224576 2.34078e+07 3.14666e+08 1.08904e+06 272.884 5743.58 1.09751e+06 7.06227 4.97798 5.99985e+13 0 0 4334.99 523639 0.310943 37.56
46 0.224576 6.82277 1780.92 5.42147 1.4013 0.23516 2.56525e+07 3.4189e+08 1.19334e+06 313.235 5741.73 1.09728e+06 8.10542 4.97832 5.98403e+13 0 0 4737.41 565556 0.309909 36.9972
47 0.23516 6.80226 1753.15 5.40074 1.40152 0.246243 2.81118e+07 3.71275e+08 1.30735e+06 359.549 5739.79 1.09703e+06 9.30253 4.97864 5.96751e+13 0 0 5176.39 610479 0.308831 36.422
48 0.246243 6.78076 1724.79 5.379 1.40177 0.257848 3.08061e+07 4.02974e+08 1.43197e+06 412.706 5737.77 1.09677e+06 10.6762 4.97901 5.95015e+13 0 0 5654.97 658581 0.307697 35.8346
49 0.257848 6.75833 1695.86 5.3563 1.40202 0.27 3.37577e+07 4.37148e+08 1.56816e+06 473.716 5735.65 1.0965e+06 12.2525 4.97936 5.932e+13 0 0 6176.71 710041 0.306514 35.2352
50 0.27 6.73494 1666.37 5.33265 1.40229 0.282725 3.6991e+07 4.73967e+08 1.71698e+06 543.737 5733.44 1.09622e+06 14.0612 4.97976 5.91306e+13 0 0 6745.37 765041 0.305281 34.6241
51 0.282725 6.71058 1636.33 5.308 1.40258 0.296049 4.05329e+07 5.13611e+08 1.87956e+06 624.1 5731.12 1.09593e+06 16.1366 4.98014 5.89328e+13 0 0 7365 823767 0.303995 34.0015
52 0.296049 6.6852 1605.75 5.28231 1.40289 0.310001 4.44124e+07 5.56268e+08 2.05715e+06 716.33 5728.69 1.09562e+06 18.5179 4.98058 5.87264e+13 0 0 8039.95 886410 0.302654 33.3678
53 0.310001 6.65876 1574.67 5.25556 1.40321 0.324611 4.86618e+07 6.02134e+08 2.2511e+06 822.177 5726.15 1.09529e+06 21.2501 4.98101 5.85109e+13 0 0 8774.96 953161 0.301258 32.7235
54 0.324611 6.63124 1543.09 5.22769 1.40354 0.33991 5.33159e+07 6.51417e+08 2.46289e+06 943.649 5723.5 1.09496e+06 24.3848 4.98148 5.82861e+13 0 0 9575.11 1.02421e+06 0.299804 32.0689
55 0.33991 6.60257 1511.05 5.19867 1.4039 0.355929 5.8413e+07 7.04333e+08 2.69411e+06 1083.05 5720.72 1.0946e+06 27.9812 4.98196 5.80514e+13 0 0 10445.8 1.09976e+06 0.298288 31.4045
56 0.355929 6.57256 1478.56 5.16827 1.40429 0.372704 6.3995e+07 7.61107e+08 2.94648e+06 1243.02 5717.82 1.09423e+06 32.1071 4.98247 5.78051e+13 0 0 11392.6 1.17999e+06 0.296699 30.7308
57 0.372704 6.54134 1445.66 5.13664 1.40471 0.390269 7.01078e+07 8.21972e+08 3.22189e+06 1426.6 5714.78 1.09384e+06 36.8403 4.983 5.75482e+13 0 0 12422.1 1.26511e+06 0.295044 30.0483
58 0.390269 6.50888 1412.38 5.10373 1.40514 0.408662 7.68013e+07 8.87174e+08 3.52236e+06 1637.25 5711.6 1.09344e+06 42.2701 4.98356 5.72804e+13 0 0 13541.1 1.35528e+06 0.293323 29.3577
59 0.408662 6.47513 1378.73 5.06952 1.4056 0.427921 8.41303e+07 9.56963e+08 3.85012e+06 1878.98 5708.27 1.09301e+06 48.4988 4.98413 5.70012e+13 0 0 14756.9 1.4507e+06 0.291534 28.6596
60 0.427921 6.44005 1344.77 5.03396 1.40609 0.448088 9.21546e+07 1.0316e+09 4.20756e+06 2156.35 5704.8 1.09257e+06 55.6432 4.98475 5.67102e+13 0 0 16077.4 1.55153e+06 0.289673 27.9546
61 0.448088 6.40351 1310.52 4.9969 1.40661 0.469206 1.0094e+08 1.11135e+09 4.59725e+06 2474.6 5701.16 1.0921e+06 63.8383 4.98537 5.64062e+13 0 0 17510.4 1.65794e+06 0.287733 27.2435
62 0.469206 6.36544 1276.01 4.95826 1.40718 0.491319 1.10557e+08 1.1965e+09 5.022e+06 2839.77 5697.36 1.09162e+06 73.2374 4.98604 5.60882e+13 0 0 19064.6 1.77009e+06 0.285707 26.5271
63 0.491319 6.32591 1241.3 4.91814 1.40777 0.514474 1.21084e+08 1.28732e+09 5.48484e+06 3258.74 5693.38 1.09111e+06 84.0173 4.98674 5.57571e+13 0 0 20750 1.88811e+06 0.283604 25.806
64 0.514474 6.2848 1206.4 4.87639 1.40841 0.538721 1.32606e+08 1.3841e+09 5.98904e+06 3739.43 5689.22 1.09058e+06 96.3801 4.98748 5.54114e+13 0 0 22576.2 2.01212e+06 0.281413 25.0811
65 0.538721 6.24202 1171.38 4.83292 1.4091 0.56411 1.45217e+08 1.48714e+09 6.53811e+06 4290.92 5684.87 1.09002e+06 110.558 4.98822 5.50503e+13 0 0 24553.5 2.14223e+06 0.27913 24.3534
66 0.56411 6.19768 1136.27 4.78784 1.40983 0.590696 1.59018e+08 1.59674e+09 7.13588e+06 4923.61 5680.33 1.08944e+06 126.816 4.98902 5.46745e+13 0 0 26694 2.27851e+06 0.276762 23.6235
67 0.590696 6.15151 1101.11 4.74088 1.41063 0.618534 1.7412e+08 1.71318e+09 7.78644e+06 5649.42 5675.57 1.08883e+06 145.458 4.98987 5.42815e+13 0 0 29008 2.42104e+06 0.274291 22.8926
68 0.618534 6.10366 1065.95 4.69219 1.41147 0.647685 1.90644e+08 1.83679e+09 8.49422e+06 6482.04 5670.61 1.0882e+06 166.832 4.99073 5.38725e+13 0 0 31509.5 2.56983e+06 0.271728 22.1615
69 0.647685 6.05398 1030.83 4.64159 1.41239 0.678209 2.08722e+08 1.96786e+09 9.26397e+06 7437.14 5665.42 1.08753e+06 191.339 4.99164 5.34457e+13 0 0 34210.4 2.7249e+06 0.269062 21.4311
70 0.678209 6.0025 995.806 4.58913 1.41337 0.710172 2.28499e+08 2.10669e+09 1.01008e+07 8532.68 5659.99 1.08684e+06 219.434 4.9926 5.30013e+13 0 0 37125.3 2.88622e+06 0.266295 20.7025
71 0.710172 5.9491 960.923 4.53467 1.41443 0.743642 2.50132e+08 2.25358e+09 1.10102e+07 9789.28 5654.32 1.08611e+06 251.641 4.99361 5.25379e+13 0 0 40267.5 3.05371e+06 0.26342 19.9766
72 0.743642 5.89386 926.227 4.4783 1.41556 0.778689 2.73792e+08 2.40883e+09 1.19981e+07 11230.5 5648.39 1.08535e+06 288.559 4.99466 5.20559e+13 0 0 43653.3 3.22728e+06 0.260442 19.2544
73 0.778689 5.83658 891.766 4.41978 1.4168 0.815387 2.99666e+08 2.57272e+09 1.30708e+07 12883.5 5642.2 1.08456e+06 330.874 4.99576 5.15531e+13 0 0 47295.9 3.40678e+06 0.257346 18.5369
74 0.815387 5.7775 857.589 4.35939 1.41811 0.853815 3.27958e+08 2.74553e+09 1.4235e+07 14779.2 5635.73 1.08373e+06 379.372 4.9969 5.10316e+13 0 0 51214.9 3.59204e+06 0.25415 17.8252
75 0.853815 5.71647 823.743 4.29694 1.41953 0.894054 3.58891e+08 2.92755e+09 1.54981e+07 16953.1 5628.97 1.08287e+06 434.951 4.99809 5.04893e+13 0 0 55425.1 3.78282e+06 0.250842 17.1202
76 0.894054 5.6535 790.276 4.23245 1.42105 0.936189 3.92706e+08 3.11901e+09 1.68678e+07 19446 5621.91 1.08196e+06 498.639 4.99935 4.99262e+13 0 0 59944.4 3.97884e+06 0.247424 16.4229
77 0.936189 5.58861 757.232 4.16593 1.42268 0.980311 4.29666e+08 3.32017e+09 1.83524e+07 22304.4 5614.54 1.08101e+06 571.611 5.00068 4.93417e+13 0 0 64790.4 4.17977e+06 0.243896 15.7343
78 0.980311 5.52176 724.659 4.09732 1.42444 1.02651 4.70059e+08 3.53124e+09 1.99608e+07 25581.9 5606.84 1.08003e+06 655.219 5.00204 4.87353e+13 0 0 69980.6 4.38526e+06 0.240254 15.0553
79 1.02651 5.45297 692.6 4.02664 1.42633 1.07489 5.14197e+08 3.75245e+09 2.17023e+07 29339.5 5598.8 1.07899e+06 750.999 5.00347 4.81063e+13 0 0 75533 4.59485e+06 0.2365 14.3868
80 1.07489 5.38231 661.097 3.95394 1.42837 1.12555 5.62418e+08 3.98396e+09 2.35872e+07 33647.3 5590.41 1.07791e+06 860.709 5.00498 4.74551e+13 0 0 81467.3 4.80808e+06 0.232636 13.7298
81 1.12555 5.30968 630.192 3.8791 1.43058 1.17859 6.15094e+08 4.22594e+09 2.5626e+07 38585.6 5581.65 1.07679e+06 986.37 5.00654 4.67797e+13 0 0 87798.1 5.02442e+06 0.228654 13.0852
82 1.17859 5.23528 599.923 3.80233 1.43295 1.23414 6.72624e+08 4.47852e+09 2.78301e+07 44246.2 5572.5 1.07561e+06 1130.28 5.00818 4.60817e+13 0 0 94548.1 5.24328e+06 0.224567 12.4537
83 1.23414 5.15894 570.326 3.72341 1.43553 1.2923 7.35446e+08 4.74181e+09 3.02117e+07 50734.4 5562.96 1.07438e+06 1295.07 5.0099 4.53584e+13 0 0 101728 5.46403e+06 0.220361 11.836
84 1.2923 5.08072 541.437 3.64237 1.43834 1.35321 8.04034e+08 5.01587e+09 3.27835e+07 58170.4 5553 1.0731e+06 1483.74 5.0117 4.46095e+13 0 0 109353 5.68599e+06 0.216035 11.2331
85 1.35321 5.0007 513.286 3.55928 1.44141 1.41698 8.78901e+08 5.30075e+09 3.5559e+07 66692.2 5542.61 1.07176e+06 1699.74 5.01358 4.38347e+13 0 0 117438 5.90841e+06 0.211594 10.6455
86 1.41698 4.91897 485.902 3.47421 1.44476 1.48376 9.60608e+08 5.59646e+09 3.85525e+07 76457.4 5531.77 1.07036e+06 1946.98 5.01555 4.30341e+13 0 0 125997 6.13053e+06 0.20704 10.0738
87 1.48376 4.83558 459.311 3.38714 1.44844 1.55369 1.04976e+09 5.90294e+09 4.17792e+07 87646.4 5520.47 1.06891e+06 2229.95 5.0176 4.22067e+13 0 0 135038 6.35153e+06 0.202371 9.51857
88 1.55369 4.75083 433.536 3.2984 1.45243 1.62691 1.14701e+09 6.22014e+09 4.52551e+07 100466 5508.68 1.06738e+06 2553.77 5.01975 4.13548e+13 0 0 144581 6.57054e+06 0.197608 8.98037
89 1.62691 4.66489 408.597 3.20812 1.45677 1.70358 1.25308e+09 6.54794e+09 4.89975e+07 115151 5496.39 1.0658e+06 2924.27 5.02198 4.0479e+13 0 0 154640 6.78666e+06 0.192759 8.45959
90 1.70358 4.57794 384.51 3.11646 1.46148 1.78387 1.36874e+09 6.88617e+09 5.30245e+07 131973 5483.59 1.06414e+06 3348.13 5.02432 3.95799e+13 0 0 165225 6.99896e+06 0.187832 7.95658
91 1.78387 4.49016 361.288 3.02357 1.46659 1.86794 1.49481e+09 7.23463e+09 5.73553e+07 151241 5470.24 1.06241e+06 3832.95 5.02677 3.86582e+13 0 0 176346 7.20648e+06 0.182835 7.47165
92 1.86794 4.40169 338.942 2.92951 1.47217 1.95598 1.63221e+09 7.59309e+09 6.20103e+07 173306 5456.33 1.06061e+06 4387.38 5.02934 3.77135e+13 0 0 188003 7.40826e+06 0.17777 7.00502
93 1.95598 4.31265 317.478 2.83434 1.47832 2.04816 1.78191e+09 7.96123e+09 6.70113e+07 198574 5441.85 1.05873e+06 5021.35 5.03201 3.67453e+13 0 0 200188 7.6033e+06 0.172636 6.55686
94 2.04816 4.22332 296.899 2.73823 1.48509 2.14469 1.94497e+09 8.33873e+09 7.23811e+07 227504 5426.76 1.05677e+06 5746.1 5.03481 3.57544e+13 0 0 212897 7.79062e+06 0.167441 6.12724
95 2.14469 4.13413 277.206 2.64163 1.4925 2.24576 2.12253e+09 8.7252e+09 7.81447e+07 260625 5411.05 1.05473e+06 6574.5 5.03773 3.47447e+13 0 0 226151 7.96919e+06 0.162215 5.7162
96 2.24576 4.04546 258.396 2.54489 1.50057 2.3516 2.31582e+09 9.12019e+09 8.43287e+07 298537 5394.7 1.05261e+06 7521.18 5.04077 3.37189e+13 0 0 239963 8.13801e+06 0.156977 5.32368
97 2.3516 3.95764 240.463 2.44825 1.50939 2.46243 2.52616e+09 9.52324e+09 9.09622e+07 341930 5377.69 1.05039e+06 8602.8 5.04396 3.2679e+13 0 0 254338 8.2961e+06 0.151742 4.94957
98 2.46243 3.87091 223.399 2.35181 1.5191 2.57848 2.755e+09 9.93381e+09 9.80763e+07 391586 5359.99 1.04809e+06 9838.32 5.04729 3.16248e+13 0 0 269255 8.44249e+06 0.146507 4.59372
99 2.57848 3.78571 207.192 2.2559 1.52981 2.7 3.00386e+09 1.03513e+10 1.05705e+08 448404 5341.58 1.04569e+06 11249.4 5.05075 3.05593e+13 0 0 284721 8.57625e+06 0.141291 4.25589
100 2.7 3.7026 191.828 2.1611 1.5415 2.82725 3.27442e+09 1.07752e+10 1.13886e+08 513406 5322.43 1.04319e+06 12860.5 5.05438 2.94886e+13 0 0 300791 8.69643e+06 0.136131 3.93581
101 2.82725 3.62194 177.291 2.06762 1.55432 2.96049 3.56844e+09 1.12047e+10 1.22661e+08 587759 5302.53 1.04058e+06 14699.6 5.05818 2.84146e+13 0 0 317464 8.80218e+06 0.131035 3.63315
102 2.96049 3.5442 163.563 1.97574 1.56846 3.10001 3.88785e+09 1.16392e+10 1.32076e+08 672795 5281.85 1.03788e+06 16798.4 5.06213 2.734e+13 0 0 334753 8.89267e+06 0.126014 3.34754
103 3.10001 3.46994 150.623 1.88604 1.5839 3.24611 4.23471e+09 1.20779e+10 1.42183e+08 770032 5260.37 1.03506e+06 19193.1 5.06625 2.62719e+13 0 0 352752 8.96709e+06 0.121105 3.07854
104 3.24611 3.39963 138.449 1.79872 1.60091 3.3991 4.61121e+09 1.25201e+10 1.53041e+08 881202 5238.06 1.03213e+06 21924.5 5.07056 2.52126e+13 0 0 371473 9.02475e+06 0.116311 2.82572
105 3.3991 3.33384 127.016 1.7143 1.61954 3.55929 5.01972e+09 1.29649e+10 1.64716e+08 1.00828e+06 5214.91 1.02909e+06 25039.2 5.07507 2.41687e+13 0 0 391027 9.06496e+06 0.111661 2.58857
106 3.55929 3.27321 116.299 1.63302 1.64019 3.72704 5.46277e+09 1.34115e+10 1.77284e+08 1.15351e+06 5190.88 1.02592e+06 28589.9 5.07976 2.31434e+13 0 0 411450 9.08714e+06 0.107154 2.36658
107 3.72704 3.2187 106.268 1.55526 1.66344 3.90269 5.94307e+09 1.38589e+10 1.90836e+08 1.31945e+06 5165.95 1.02264e+06 32636.7 5.08463 2.21407e+13 0 0 432766 9.09078e+06 0.102789 2.15921
108 3.90269 3.17377 96.8747 1.48114 1.69263 4.08662 6.46349e+09 1.43061e+10 2.05487e+08 1.50903e+06 5140.1 1.01922e+06 37247 5.08974 2.11537e+13 0 0 454391 9.0756e+06 0.098429 1.96593
109 4.08662 3.13683 88.1167 1.41308 1.72374 4.27921 7.02712e+09 1.47522e+10 2.21365e+08 1.72556e+06 5113.31 1.01568e+06 42497.8 5.09508 2.02273e+13 0 0 477789 9.04077e+06 0.0943908 1.78607
110 4.27921 3.10307 79.9927 1.35094 1.75214 4.48088 7.63724e+09 1.51961e+10 2.38588e+08 1.97282e+06 5085.55 1.012e+06 48476.5 5.10061 1.93764e+13 0 0 504233 8.98577e+06 0.09085 1.61901
111 4.48088 3.07108 72.4726 1.29329 1.77779 4.69206 8.29734e+09 1.56372e+10 2.57278e+08 2.25511e+06 5056.81 1.00818e+06 55281.1 5.1064 1.85849e+13 0 0 533766 8.91051e+06 0.0877091 1.46419
112 4.69206 3.0398 65.526 1.23904 1.80076 4.91319 9.01114e+09 1.60744e+10 2.77562e+08 2.57731e+06 5027.05 1.00422e+06 63023.3 5.11244 1.78396e+13 0 0 566452 8.81503e+06 0.08489 1.32104
113 4.91319 3.00849 59.1227 1.18733 1.82116 5.14474 9.78258e+09 1.6507e+10 2.99573e+08 2.94498e+06 4996.26 1.00012e+06 71829.1 5.11871 1.71298e+13 0 0 602373 8.69944e+06 0.0823302 1.18901
114 5.14474 2.97664 53.2326 1.13752 1.83912 5.38721 1.06158e+10 1.6934e+10 3.23453e+08 3.36444e+06 4964.42 995867 81976.1 5.11678 1.64471e+13 0 0 641636 8.56395e+06 0.0799802 1.0675
115 5.38721 2.94396 47.8259 1.08913 1.85482 5.6411 1.15153e+10 1.73547e+10 3.4935e+08 3.84284e+06 4931.51 991460 93538.8 5.11451 1.5785e+13 0 0 684366 8.40887e+06 0.0778004 0.955941
116 5.6411 2.91028 42.8736 1.04182 1.86846 5.90696 1.24857e+10 1.77683e+10 3.77419e+08 4.38834e+06 4897.51 986898 106706 5.11215 1.51383e+13 0 0 730708 8.23457e+06 0.0757595 0.853757
117 5.90696 2.87559 38.3472 0.995358 1.88023 6.18534 1.3532e+10 1.81738e+10 4.07831e+08 5.01016e+06 4862.4 982176 121694 5.10971 1.45036e+13 0 0 780832 8.04153e+06 0.0738331 0.760383
118 6.18534 2.83993 34.2189 0.949594 1.89033 6.47685 1.46594e+10 1.85706e+10 4.40762e+08 5.71879e+06 4826.17 977290 138752 5.10717 1.38781e+13 0 0 834928 7.83029e+06 0.0720016 0.675261
119 6.47685 2.80341 30.462 0.904446 1.89897 6.78209 1.58732e+10 1.89579e+10 4.76407e+08 6.5261e+06 4788.8 972239 158156 5.10452 1.32602e+13 0 0 893212 7.60147e+06 0.0702503 0.597849
120 6.78209 2.76619 27.0505 0.85987 1.90632 7.10172 1.71794e+10 1.9335e+10 5.14972e+08 7.44556e+06 4750.27 967017 180224 5.10177 1.26486e+13 0 0 955920 7.35575e+06 0.068567 0.527619
121 7.10172 2.72843 23.9599 0.815845 1.91259 7.43642 1.85839e+10 1.97013e+10 5.5668e+08 8.49243e+06 4710.58 961623 205311 5.09892 1.20425e+13 0 0 1.02331e+06 7.09387e+06 0.0669421 0.464062
122 7.43642 2.69026 21.1666 0.772328 1.91793 7.78689 2.00931e+10 2.00561e+10 6.01772e+08 9.68396e+06 4669.72 956054 233820 5.09595 1.14409e+13 0 0 1.09562e+06 6.81662e+06 0.0653665 0.406689
123 7.78689 2.65167 18.6487 0.729171 1.92249 8.15387 2.17135e+10 2.03988e+10 6.50505e+08 1.10397e+07 4627.67 950306 266204 5.09287 1.08413e+13 0 0 1.17308e+06 6.52491e+06 0.0638296 0.355032
124 8.15387 2.61214 16.3857 0.685949 1.9262 8.53815 2.3452e+10 2.0729e+10 7.03144e+08 1.25818e+07 4584.43 944378 302978 5.08968 1.02379e+13 0 0 1.25576e+06 6.21977e+06 0.062316 0.308651
125 8.53815 2.56919 14.361 0.641245 1.92795 8.94054 2.53159e+10 2.10463e+10 7.59912e+08 1.43351e+07 4540 938266 344717 5.08638 9.61258e+12 0 0 1.34332e+06 5.90273e+06 0.0607955 0.267144
126 8.94054 2.51223 12.5652 0.590887 1.92134 9.36189 2.73125e+10 2.13507e+10 8.20776e+08 1.6328e+07 4494.38 931969 392075 5.08295 8.91607e+12 0 0 1.43504e+06 5.57685e+06 0.0592321 0.230188
127 9.36189 2.40799 11.0019 0.528386 1.8796 9.80311 2.94496e+10 2.1643e+10 8.84744e+08 1.85923e+07 4447.56 925485 445782 5.07943 8.09236e+12 0 0 1.53576e+06 5.24762e+06 0.0578118 0.19754
128 9.80311 2.21969 9.67598 0.466995 1.75269 10.2651 3.17352e+10 2.19248e+10 9.49398e+08 2.11641e+07 4399.54 918812 506668 5.07574 7.39284e+12 0 0 1.68168e+06 4.912e+06 0.0577348 0.168636
129 10.2651 2.02694 8.55785 0.481167 1.54577 10.7489 3.41775e+10 2.21982e+10 1.01413e+09 2.40838e+07 4350.34 911950 575658 5.07194 7.95992e+12 0 0 1.99112e+06 4.51699e+06 0.0623435 0.14143
130 10.7489 2.57663 7.42982 1.06789 1.50875 11.2555 3.6785e+10 2.24584e+10 1.10437e+09 2.73972e+07 4299.97 904896 653798 5.068 1.64672e+13 0 0 3.13593e+06 3.65748e+06 0.0895487 0.104442
131 11.2555 17.6347 0.719967 6.91777 10.7169 11.7859 3.95664e+10 2.2486e+10 1.7815e+09 3.1156e+07 4248.43 897650 742259 5.06394 4.45897e+13 0 0 2.16625e+06 59143.3 0.0564159 0.00154028
132 11.7859 16.943 0.159709 0 16.943 12.3414 4.25308e+10 2.24927e+10 2.49484e+09 3.54181e+07 4195.73 890212 851946 5.00278 0 0 0 918721 0 0.0218211 0
133 12.3414 14.5412 0 0 14.5412 12.923 4.56871e+10 2.24927e+10 3.16612e+09 4.02488e+07 4141.9 882582 966447 4.99847 0 0 0 857433 0 0.0185735 0
134 12.923 12.4375 0 0 12.4375 13.5321 4.90449e+10 2.24927e+10 3.79569e+09 4.57217e+07 4086.96 874760 1.09588e+06 4.99403 0 0 0 797094 0 0.0157472 0
135 13.5321 10.6003 0 0 10.6003 14.1698 5.26134e+10 2.24927e+10 4.38402e+09 5.19193e+07 4030.93 866746 1.24214e+06 4.98942 0 0 0 738014 0 0.0132971 0
136 14.1698 9.00111 0 0 9.00111 14.8376 5.64024e+10 2.24927e+10 4.9318e+09 5.89342e+07 3973.83 858542 1.4073e+06 4.98468 0 0 0 680475 0 0.0111816 0
137 14.8376 7.6136 0 0 7.6136 15.5369 6.04216e+10 2.24927e+10 5.43984e+09 6.68706e+07 3915.7 850149 1.59373e+06 4.97979 0 0 0 624737 0 0.00936247 0
138 15.5369 6.41392 0 0 6.41392 16.2691 6.46807e+10 2.24927e+10 5.90912e+09 7.58453e+07 3856.57 841568 1.80404e+06 4.97474 0 0 0 571030 0 0.00780463 0
139 16.2691 5.38039 0 0 5.38039 17.0358 6.91896e+10 2.24927e+10 6.34075e+09 8.5989e+07 3796.48 832803 2.04117e+06 4.96954 0 0 0 519556 0 0.00647629 0
140 17.0358 4.49338 0 0 4.49338 17.8387 7.39581e+10 2.24927e+10 6.73601e+09 9.74483e+07 3735.46 823855 2.30841e+06 4.96417 0 0 0 470487 0 0.00534861 0
141 17.8387 3.73514 0 0 3.73514 18.6794 7.89961e+10 2.24927e+10 7.09627e+09 1.10387e+08 3673.55 814728 2.60939e+06 4.95865 0 0 0 423963 0 0.00439563 0
142 18.6794 3.08971 0 0 3.08971 19.5598 8.43134e+10 2.24927e+10 7.42303e+09 1.2499e+08 3610.81 805425 2.9482e+06 4.95295 0 0 0 380096 0 0.00359407 0
143 19.5598 2.54273 0 0 2.54273 20.4816 8.99195e+10 2.24927e+10 7.71788e+09 1.4146e+08 3547.29 795950 3.32936e+06 4.94711 0 0 0 338965 0 0.00292313 0
144 20.4816 2.08134 0 0 2.08134 21.4469 9.58242e+10 2.24927e+10 7.98251e+09 1.60029e+08 3483.02 786308 3.85179e+06 4.82069 0 0 0 300622 0 0.00236436 0
145 21.4469 1.69406 0 0 1.69406 22.4576 1.02037e+11 2.24927e+10 8.21869e+09 1.8095e+08 3418.07 776502 4.35634e+06 4.80259 0 0 0 265088 0 0.00190144 0
146 22.4576 1.37067 0 0 1.37067 23.516 1.08566e+11 2.24927e+10 8.42822e+09 2.04511e+08 3352.5 766539 4.92484e+06 4.78401 0 0 0 232356 0 0.00152002 0
147 23.516 1.10213 0 0 1.10213 24.6243 1.15422e+11 2.24927e+10 8.61295e+09 2.31028e+08 3286.36 756423 5.56505e+06 4.76498 0 0 0 202396 0 0.00120752 0
148 24.6243 0.880411 0 0 0.880411 25.7848 1.22612e+11 2.24927e+10 8.77475e+09 2.60857e+08 3219.71 746161 6.28565e+06 4.74549 0 0 0 175150 0 0.000953024 0
149 25.7848 0.698477 0 0 0.698477 27 1.30145e+11 2.24927e+10 8.91551e+09 2.94391e+08 3152.61 735759 7.09632e+06 4.72556 0 0 0 150540 0 0.00074704 0
150 27 0.550152 0 0 0.550152 28.2725 1.3803e+11 2.24927e+10 9.03707e+09 3.32069e+08 3085.14 725223 8.00788e+06 4.70514 0 0 0 128465 0 0.000581406 0
151 28.2725 0.430052 0 0 0.430052 29.6049 1.46273e+11 2.24927e+10 9.14126e+09 3.74379e+08 3017.35 714560 9.0323e+06 4.68428 0 0 0 108811 0 0.000449123 0
152 29.6049 0.333505 0 0 0.333505 31.0001 1.54882e+11 2.24927e+10 9.22985e+09 4.21861e+08 2949.31 703778 1.05971e+07 4.48074 0 0 0 91443.9 0 0.000344229 0
153 31.0001 0.256481 0 0 0.256481 32.4611 1.63863e+11 2.24927e+10 9.30456e+09 4.75118e+08 2881.1 692885 1.21292e+07 4.3908 0 0 0 76220.6 0 0.000261677 0
154 32.4611 0.195524 0 0 0.195524 33.991 1.73223e+11 2.24927e+10 9.367e+09 5.34815e+08 2812.78 681887 1.38817e+07 4.3004 0 0 0 62987.4 0 0.000197218 0
155 33.991 0.147689 0 0 0.147689 35.5929 1.82968e+11 2.24927e+10 9.41872e+09 6.0169e+08 2744.42 670794 1.58861e+07 4.20969 0 0 0 51584.4 0 0.000147303 0
156 35.5929 0.110485 0 0 0.110485 37.2704 1.93103e+11 2.24927e+10 9.46115e+09 6.76562e+08 2676.09 659613 1.81784e+07 4.1187 0 0 0 41848.2 0 0.000108986 0
157 37.2704 0.0818192 0 0 0.0818192 39.0269 2.03632e+11 2.24927e+10 9.4956e+09 7.60334e+08 2607.86 648353 2.07999e+07 4.02753 0 0 0 33614.5 0 7.984e-05 0
158 39.0269 0.0599504 0 0 0.0599504 40.8662 2.14561e+11 2.24927e+10 9.52327e+09 8.54007e+08 2539.8 637023 2.37975e+07 3.93627 0 0 0 26721.4 0 5.78832e-05 0
159 40.8662 0.0434396 0 0 0.0434396 42.7921 2.25891e+11 2.24927e+10 9.54526e+09 9.58686e+08 2471.98 625631 2.79426e+07 3.74622 0 0 0 21011.2 0 4.15092e-05 0
160 42.7921 0.0311099 0 0 0.0311099 44.8088 2.37627e+11 2.24927e+10 9.56253e+09 1.07559e+09 2404.47 614187 3.22011e+07 3.63047 0 0 0 16333.1 0 2.94281e-05 0
161 44.8088 0.022008 0 0 0.022008 46.9206 2.49771e+11 2.24927e+10 9.57592e+09 1.20607e+09 2337.32 602700 3.71118e+07 3.51579 0 0 0 12544.9 0 2.06139e-05 0
162 46.9206 0.01537 0 0 0.01537 49.1319 2.62325e+11 2.24927e+10 9.58618e+09 1.3516e+09 2270.62 591178 4.27747e+07 3.40231 0 0 0 9514.57 0 1.42588e-05 0
163 49.1319 0.0105902 0 0 0.0105902 51.4474 2.75289e+11 2.24927e+10 9.59392e+09 1.51382e+09 2204.42 579632 4.9306e+07 3.29011 0 0 0 7121.35 0 9.7332e-06 0
164 51.4474 0.00719423 0 0 0.00719423 53.8721 2.88665e+11 2.24927e+10 9.5997e+09 1.69453e+09 2138.79 568069 5.68395e+07 3.17931 0 0 0 5256.57 0 6.55234e-06 0
165 53.8721 0.00481522 0 0 0.00481522 56.411 3.02452e+11 2.24927e+10 9.60393e+09 1.89571e+09 2073.79 556499 6.48489e+07 3.10225 0 0 0 3823.95 0 4.34716e-06 0
166 56.411 0.0031731 0 0 0.0031731 59.0696 3.1665e+11 2.24927e+10 9.60699e+09 2.11953e+09 2009.46 544931 7.32156e+07 3.05697 0 0 0 2739.53 0 2.84033e-06 0
167 59.0696 0.00205712 0 0 0.00205712 61.8534 3.31258e+11 2.24927e+10 9.60917e+09 2.36838e+09 1945.88 533375 8.26335e+07 3.01144 0 0 0 1931.37 0 1.82625e-06 0
168 61.8534 0.00131099 0 0 0.00131099 64.7685 3.46275e+11 2.24927e+10 9.61069e+09 2.64487e+09 1883.09 521838 9.32308e+07 2.9657 0 0 0 1338.87 0 1.1546e-06 0
169 64.7685 0.000820617 0 0 0.000820617 67.8209 3.61697e+11 2.24927e+10 9.61173e+09 2.95188e+09 1821.14 510330 1.05151e+08 2.91975 0 0 0 911.859 0 7.17168e-07 0
170 67.8209 0.000504086 0 0 0.000504086 71.0172 3.77523e+11 2.24927e+10 9.61243e+09 3.29257e+09 1760.08 498859 1.19346e+08 2.85458 0 0 0 609.619 0 4.37272e-07 0
171 71.0172 0.000303596 0 0 0.000303596 74.3642 3.93748e+11 2.24927e+10 9.6129e+09 3.67036e+09 1699.96 487433 1.3143e+08 2.87449 0 0 0 399.698 0 2.61472e-07 0
172 74.3642 0.000179101 0 0 0.000179101 77.8689 4.10371e+11 2.24927e+10 9.6132e+09 4.08904e+09 1640.82 476061 1.44624e+08 2.89492 0 0 0 256.762 0 1.53188e-07 0
173 77.8689 0.000103389 0 0 0.000103389 81.5387 4.27385e+11 2.24927e+10 9.61339e+09 4.55271e+09 1582.7 464751 1.59017e+08 2.91588 0 0 0 161.443 0 8.78439e-08 0
174 81.5387 5.83411e-05 0 0 5.83411e-05 85.3815 4.44788e+11 2.24927e+10 9.61351e+09 5.06588e+09 1525.62 453510 1.74704e+08 2.93738 0 0 0 99.2515 0 4.92527e-08 0
175 85.3815 3.21451e-05 0 0 3.21451e-05 89.4054 4.62573e+11 2.24927e+10 9.61358e+09 5.63346e+09 1469.64 442345 1.91787e+08 2.95941 0 0 0 59.5946 0 2.69712e-08 0
176 89.4054 1.72742e-05 0 0 1.72742e-05 93.6189 4.80736e+11 2.24927e+10 9.61362e+09 6.26079e+09 1414.76 431265 2.10372e+08 2.98203 0 0 0 34.9081 0 1.44085e-08 0
177 93.6189 9.04271e-06 0 0 9.04271e-06 98.0311 4.99271e+11 2.24927e+10 9.61364e+09 6.95371e+09 1361.03 420275 2.30574e+08 3.0052 0 0 0 19.9236 0 7.50001e-09 0
178 98.0311 4.60541e-06 0 0 4.60541e-06 102.651 5.18171e+11 2.24927e+10 9.61366e+09 7.71856e+09 1308.46 409383 2.52511e+08 3.02898 0 0 0 11.0658 0 3.79905e-09 0
179 102.651 2.27893e-06 0 0 2.27893e-06 107.489 5.37432e+11 2.24927e+10 9.61366e+09 8.56225e+09 1257.08 398594 2.76314e+08 3.05335 0 0 0 5.97294 0 1.87017e-09 0
180 107.489 1.09417e-06 0 0 1.09417e-06 112.555 5.57045e+11 2.24927e+10 9.61367e+09 9.49226e+09 1206.9 387915 3.04977e+08 3.04945 0 0 0 3.12884 0 8.93463e-10 0
181 112.555 5.08979e-07 0 0 5.08979e-07 117.859 5.77005e+11 2.24927e+10 9.61367e+09 1.05167e+10 1157.94 377351 3.40625e+08 3.00763 0 0 0 1.5883 0 4.13644e-10 0
182 117.859 2.29042e-07 0 0 2.29042e-07 123.414 5.97305e+11 2.24927e+10 9.61367e+09 1.16445e+10 1110.2 366908 3.80267e+08 2.96572 0 0 0 0.780145 0 1.85297e-10 0
183 123.414 9.95493e-08 0 0 9.95493e-08 129.23 6.17936e+11 2.24927e+10 9.61367e+09 1.28851e+10 1063.7 356590 4.24327e+08 2.92372 0 0 0 0.370181 0 8.01876e-11 0
184 129.23 4.172e-08 0 0 4.172e-08 135.321 6.38893e+11 2.24927e+10 9.61367e+09 1.42489e+10 1018.45 346402 4.95865e+08 2.75037 0 0 0 0.169403 0 3.34669e-11 0
185 135.321 1.68297e-08 0 0 1.68297e-08 141.698 6.60167e+11 2.24927e+10 9.61367e+09 1.57471e+10 974.435 336349 5.6933e+08 2.63151 0 0 0 0.0746343 0 1.34472e-11 0
186 141.698 6.52288e-09 0 0 6.52288e-09 148.376 6.81752e+11 2.24927e+10 9.61367e+09 1.73918e+10 931.67 326435 6.53678e+08 2.51602 0 0 0 0.0315985 0 5.19229e-12 0
187 148.376 2.42438e-09 0 0 2.42438e-09 155.369 7.03639e+11 2.24927e+10 9.61367e+09 1.9196e+10 890.149 316663 7.50524e+08 2.40389 0 0 0 0.0128313 0 1.92293e-12 0
188 155.369 8.62367e-10 0 0 8.62367e-10 162.691 7.25821e+11 2.24927e+10 9.61367e+09 2.11737e+10 849.869 307036 9.1364e+08 2.16467 0 0 0 0.00498743 0 6.81664e-13 0
189 162.691 2.92954e-10 0 0 2.92954e-10 170.358 7.4829e+11 2.24927e+10 9.61367e+09 2.33401e+10 810.822 297558 1.10297e+09 1.96417 0 0 0 0.00185171 0 2.30816e-13 0
190 170.358 9.4835e-11 0 0 9.4835e-11 178.387 7.71039e+11 2.24927e+10 9.61367e+09 2.57114e+10 773.002 288232 1.33257e+09 1.77953 0 0 0 0.000655238 0 7.44891e-14 0
191 178.387 2.91877e-11 0 0 2.91877e-11 186.794 7.9406e+11 2.24927e+10 9.61367e+09 2.83052e+10 736.398 279060 1.65795e+09 1.56443 0 0 0 0.000220473 0 2.28585e-14 0
192 186.794 8.52014e-12 0 0 8.52014e-12 195.598 8.17345e+11 2.24927e+10 9.61367e+09 3.11401e+10 700.998 270043 1.8932e+09 1.3854 0 0 0 7.03703e-05 0 6.654e-15 0
193 195.598 2.35294e-12 0 0 2.35294e-12 204.816 8.40886e+11 2.24927e+10 9.61367e+09 3.42361e+10 666.788 261184 1.97455e+09 1.22454 0 0 0 2.12522e-05 0 1.83273e-15 0
194 204.816 6.13122e-13 0 0 6.13122e-13 214.469 8.64677e+11 2.24927e+10 9.61367e+09 3.76147e+10 633.754 252485 2.05779e+09 1.08028 0 0 0 6.05688e-06 0 4.76368e-16 0
195 214.469 1.50331e-13 0 0 1.50331e-13 224.576 8.88709e+11 2.24927e+10 9.61367e+09 4.12987e+10 601.878 243946 2.14283e+09 0.99673 0 0 0 1.6245e-06 0 1.16523e-16 0
196 224.576 3.45826e-14 0 0 3.45826e-14 235.16 9.12975e+11 2.24927e+10 9.61367e+09 4.53125e+10 571.143 235569 2.22959e+09 0.926211 0 0 0 4.08837e-07 0 2.67451e-17 0
197 235.16 7.44137e-15 0 0 7.44137e-15 246.243 9.37468e+11 2.24927e+10 9.61367e+09 4.96821e+10 541.53 227355 2.31794e+09 0.859683 0 0 0 9.62549e-08 0 5.7427e-18 0
198 246.243 1.49297e-15 0 0 1.49297e-15 257.848 9.6218e+11 2.24927e+10 9.61367e+09 5.44349e+10 513.019 219303 2.40776e+09 0.821203 0 0 0 2.11325e-08 0 1.14986e-18 0
199 257.848 2.78359e-16 0 0 2.78359e-16 270 9.87105e+11 2.24927e+10 9.61367e+09 5.44349e+10 0 0 0 0 0 0 0 4.31205e-09 0 2.13982e-19 0
