#i RadiusInner RadiusOuter RadiusIso SDensityCold SDensityStar SDensityColdMolecular SDensityColdAtomic MassProfHalo MassProfStar MassProfCold MassProfHot DensityProfHot TemperatureProfHot CoolingRate CoolingTime SDensitySFR SDensityOFR SDensityCAR StellarAge MassProfDM MassProfDMContracted MassMetalCold MassMetalStar SDensityMetalCold SDensityMetalStar MetallicityCold MetallicityStar MassStar MassHalo
0 0.0315009 0.0329855 0.0092157 206.694 19913.5 206.057 0.636872 507865 5.98927e+06 61591.3 737.171 4.83246e+06 50629.6 2.91605e+06 1.75448e-05 1.08446e+14 9.92868e+10 1.91057e+12 8.33287 0 0 8000.89 323755 26.6019 1076.44 0.128702 0.0540559 1.17223e+11 9.98021e+11
1 0.0329855 0.0345401 0.00965002 206.638 19778 206.001 0.637213 556819 1.25117e+07 129107 841.269 4.67466e+06 52094.6 393252 1.7719e-05 1.08407e+14 9.9251e+10 1.91008e+12 8.31817 0 0 8764.78 352446 26.5776 1068.73 0.128619 0.0540362 1.17223e+11 9.98021e+11
2 0.0345401 0.0361679 0.0101048 206.581 19633.4 205.943 0.637571 610490 1.96111e+07 203115 956.882 4.5218e+06 53600.2 417092 1.78965e-05 1.08366e+14 9.92135e+10 1.90957e+12 8.30151 0 0 9601.18 383568 26.5521 1060.76 0.128531 0.0540284 1.17223e+11 9.98021e+11
3 0.0361679 0.0378724 0.010581 206.52 19484.1 205.882 0.637943 669331 2.73362e+07 284241 1085.28 4.37371e+06 55147.4 442354 1.8077e-05 1.08323e+14 9.91743e+10 1.90904e+12 8.28415 0 0 10517 417314 26.5256 1052.54 0.12844 0.0540202 1.17223e+11 9.98021e+11
4 0.0378724 0.0396573 0.0110797 206.457 19330.2 205.819 0.638329 733841 3.57397e+07 373165 1227.86 4.23025e+06 56737.4 469123 1.82749e-05 1.08278e+14 9.91334e+10 1.90848e+12 8.26615 0 0 11519.7 453888 26.4981 1044.05 0.128346 0.0540116 1.17223e+11 9.98021e+11
5 0.0396573 0.0415263 0.0116019 206.391 19171.5 205.753 0.638731 804565 4.48784e+07 470638 1386.18 4.09129e+06 58371.2 497486 1.85491e-05 1.08232e+14 9.90906e+10 1.9079e+12 8.24744 0 0 12617.4 493511 26.4694 1035.31 0.128249 0.0540025 1.17223e+11 9.98021e+11
6 0.0415263 0.0434834 0.0121487 206.322 19008.1 205.683 0.63915 882102 5.48133e+07 577479 1561.98 3.95668e+06 60049.9 527535 1.88289e-05 1.08183e+14 9.90459e+10 1.90729e+12 8.22792 0 0 13819.1 536418 26.4395 1026.31 0.128147 0.0539931 1.17223e+11 9.98021e+11
7 0.0434834 0.0455327 0.0127212 206.25 18839.9 205.61 0.639587 967106 6.56103e+07 694587 1757.18 3.82629e+06 61774.7 559369 1.91143e-05 1.08132e+14 9.89991e+10 1.90665e+12 8.20741 0 0 15134.5 582858 26.4084 1017.04 0.128041 0.0539832 1.17223e+11 9.98021e+11
8 0.0455327 0.0476786 0.0133207 206.175 18666.8 205.535 0.640043 1.0603e+06 7.73403e+07 822946 1973.9 3.69999e+06 63546.6 593090 1.98337e-05 1.08078e+14 9.89501e+10 1.90598e+12 8.18625 0 0 16574.2 633099 26.376 1007.5 0.12793 0.0539729 1.17223e+11 9.98021e+11
9 0.0476786 0.0499256 0.0139485 206.096 18488.9 205.455 0.640514 1.16246e+06 9.00793e+07 963636 2214.5 3.57765e+06 65366.9 628810 2.04772e-05 1.08022e+14 9.8899e+10 1.90528e+12 8.16425 0 0 18150.2 687426 26.3424 997.7 0.127816 0.0539621 1.17223e+11 9.98021e+11
10 0.0499256 0.0522785 0.0146059 206.013 18306.1 205.372 0.641009 1.27446e+06 1.03909e+08 1.11784e+06 2481.59 3.45917e+06 67236.7 666642 2.11428e-05 1.07964e+14 9.88454e+10 1.90454e+12 8.14158 0 0 19874.7 746140 26.3072 987.631 0.127697 0.0539508 1.17223e+11 9.98021e+11
11 0.0522785 0.0547423 0.0152943 205.927 18118.5 205.285 0.641525 1.39725e+06 1.18918e+08 1.28684e+06 2778.08 3.34441e+06 69157.4 706708 2.18314e-05 1.07903e+14 9.87894e+10 1.90377e+12 8.11781 0 0 21761.8 809565 26.2705 977.296 0.127572 0.053939 1.17223e+11 9.98021e+11
12 0.0547423 0.0573223 0.016015 205.834 17925.9 205.192 0.64209 1.53185e+06 1.352e+08 1.47207e+06 3107.19 3.23326e+06 71130 749138 2.21343e-05 1.07837e+14 9.87292e+10 1.90297e+12 8.0948 0 0 23825.1 878038 26.2307 966.691 0.127436 0.0539271 1.17223e+11 9.98021e+11
13 0.0573223 0.0600238 0.0167698 205.736 17728.4 205.093 0.64269 1.67941e+06 1.52856e+08 1.67508e+06 3472.47 3.12562e+06 73155.9 794066 2.31164e-05 1.07768e+14 9.86657e+10 1.90213e+12 8.07164 0 0 26081.8 951924 26.1886 955.821 0.127292 0.0539147 1.17223e+11 9.98021e+11
14 0.0600238 0.0628526 0.0175601 205.634 17526.1 204.99 0.643312 1.84118e+06 1.71995e+08 1.89755e+06 3877.89 3.02137e+06 75236.4 841637 2.41433e-05 1.07695e+14 9.85994e+10 1.90125e+12 8.04752 0 0 28550.4 1.03161e+06 26.1449 944.691 0.127143 0.0539018 1.17223e+11 9.98021e+11
15 0.0628526 0.0658148 0.0183877 205.527 17319.2 204.883 0.643958 2.01851e+06 1.92732e+08 2.14137e+06 4327.81 2.92041e+06 77372.8 892000 2.52171e-05 1.07619e+14 9.85301e+10 1.90033e+12 8.02252 0 0 31250.6 1.1175e+06 26.0995 933.304 0.126989 0.0538883 1.17223e+11 9.98021e+11
16 0.0658148 0.0689165 0.0192543 205.415 17107.7 204.77 0.644628 2.21291e+06 2.15193e+08 2.40856e+06 4827.1 2.82265e+06 79566.4 945316 2.63456e-05 1.07541e+14 9.84579e+10 1.89936e+12 7.99651 0 0 34203.9 1.21004e+06 26.0525 921.665 0.126829 0.0538742 1.17223e+11 9.98021e+11
17 0.0689165 0.0721645 0.0201617 205.298 16891.7 204.653 0.645323 2.42601e+06 2.39509e+08 2.70136e+06 5381.13 2.72797e+06 81818.6 1.00175e+06 2.78558e-05 1.07458e+14 9.83823e+10 1.89835e+12 7.96952 0 0 37433.6 1.30967e+06 26.0038 909.779 0.126663 0.0538594 1.17223e+11 9.98021e+11
18 0.0721645 0.0755655 0.0211119 205.177 16671.4 204.531 0.646043 2.65961e+06 2.65824e+08 3.02223e+06 5995.86 2.63629e+06 84130.8 1.06149e+06 2.94537e-05 1.07372e+14 9.83035e+10 1.89729e+12 7.94151 0 0 40965.4 1.41688e+06 25.9532 897.651 0.126492 0.0538439 1.17223e+11 9.98021e+11
19 0.0755655 0.0791268 0.0221069 205.05 16446.7 204.403 0.646789 2.91569e+06 2.94288e+08 3.37383e+06 6677.91 2.54752e+06 86504.3 1.12471e+06 3.11443e-05 1.07282e+14 9.82213e+10 1.89619e+12 7.91238 0 0 44827.1 1.53218e+06 25.9009 885.288 0.126315 0.0538277 1.17223e+11 9.98021e+11
20 0.0791268 0.0828559 0.0231488 204.917 16217.9 204.269 0.647564 3.19639e+06 3.25065e+08 3.7591e+06 7434.58 2.46157e+06 88940.6 1.1916e+06 3.29328e-05 1.07188e+14 9.81353e+10 1.89503e+12 7.88229 0 0 49048.9 1.65611e+06 25.8466 872.697 0.126132 0.0538108 1.17223e+11 9.98021e+11
21 0.0828559 0.0867608 0.0242398 204.778 15985 204.13 0.648366 3.50408e+06 3.58326e+08 4.18126e+06 8273.97 2.37834e+06 91441.1 1.26239e+06 3.56313e-05 1.0709e+14 9.80457e+10 1.89382e+12 7.851 0 0 53664.2 1.78923e+06 25.7905 859.886 0.125943 0.0537931 1.17223e+11 9.98021e+11
22 0.0867608 0.0908497 0.0253821 204.633 15748.4 203.984 0.649195 3.84136e+06 3.94257e+08 4.64381e+06 9205.08 2.29776e+06 94007.3 1.33729e+06 3.78979e-05 1.06988e+14 9.79521e+10 1.89255e+12 7.81857 0 0 58709.1 1.93214e+06 25.7324 846.863 0.125749 0.0537746 1.17223e+11 9.98021e+11
23 0.0908497 0.0951313 0.0265784 204.482 15508 203.832 0.650055 4.21106e+06 4.33052e+08 5.15063e+06 10237.8 2.21974e+06 96640.8 1.41652e+06 4.03099e-05 1.06881e+14 9.78544e+10 1.89122e+12 7.78508 0 0 64222.5 2.08547e+06 25.6721 833.639 0.125547 0.0537553 1.17223e+11 9.98021e+11
24 0.0951313 0.0996147 0.027831 204.325 15264.2 203.674 0.650944 4.6163e+06 4.74922e+08 5.7059e+06 11383.2 2.14421e+06 99343 1.50033e+06 4.28767e-05 1.0677e+14 9.77525e+10 1.88984e+12 7.75033 0 0 70248 2.24987e+06 25.6099 820.223 0.125339 0.0537351 1.17223e+11 9.98021e+11
25 0.0996147 0.104309 0.0291426 204.16 15017.1 203.508 0.651862 5.06048e+06 5.20088e+08 6.31426e+06 12653.5 2.07109e+06 102115 1.58898e+06 4.60691e-05 1.06654e+14 9.76463e+10 1.88838e+12 7.71435 0 0 76831.9 2.42604e+06 25.5456 806.627 0.125125 0.053714 1.17223e+11 9.98021e+11
26 0.104309 0.109225 0.030516 203.988 14766.9 203.336 0.652814 5.54734e+06 5.68786e+08 6.98076e+06 14062.1 2.0003e+06 104960 1.68274e+06 4.84805e-05 1.06533e+14 9.75353e+10 1.88686e+12 7.67723 0 0 84025 2.61471e+06 25.479 792.862 0.124904 0.0536919 1.17223e+11 9.98021e+11
27 0.109225 0.114373 0.0319542 203.809 14513.8 203.155 0.653797 6.08097e+06 6.21268e+08 7.71091e+06 15624 1.93177e+06 107877 1.78187e+06 5.10206e-05 1.06406e+14 9.74196e+10 1.88527e+12 7.6388 0 0 91883 2.81663e+06 25.4103 778.939 0.124677 0.0536688 1.17223e+11 9.98021e+11
28 0.114373 0.119763 0.0334602 203.622 14258.1 202.967 0.654811 6.66585e+06 6.77799e+08 8.51077e+06 17355.7 1.86544e+06 110870 1.8867e+06 5.36967e-05 1.06275e+14 9.72989e+10 1.88361e+12 7.59908 0 0 100466 3.0326e+06 25.3393 764.872 0.124443 0.0536447 1.17223e+11 9.98021e+11
29 0.119763 0.125407 0.0350371 203.427 14000 202.771 0.65586 7.30689e+06 7.38662e+08 9.38696e+06 19275.6 1.80123e+06 113939 1.99752e+06 5.73867e-05 1.06137e+14 9.71731e+10 1.88187e+12 7.55805 0 0 109840 3.26345e+06 25.266 750.673 0.124202 0.0536195 1.17223e+11 9.98021e+11
30 0.125407 0.131318 0.0366884 203.223 13739.7 202.567 0.656943 8.00947e+06 8.04156e+08 1.03467e+07 21403.8 1.73909e+06 117086 2.11467e+06 6.00893e-05 1.05994e+14 9.70418e+10 1.88005e+12 7.51576 0 0 120077 3.51005e+06 25.1903 736.356 0.123954 0.0535932 1.17223e+11 9.98021e+11
31 0.131318 0.137507 0.0384174 203.011 13477.6 202.353 0.658061 8.77948e+06 8.74599e+08 1.1398e+07 23762.8 1.67894e+06 120314 2.23849e+06 6.29229e-05 1.05844e+14 9.69049e+10 1.87815e+12 7.47211 0 0 131253 3.77332e+06 25.1122 721.935 0.123699 0.0535657 1.17223e+11 9.98021e+11
32 0.137507 0.143987 0.040228 202.789 13213.7 202.13 0.659214 9.62339e+06 9.50326e+08 1.25494e+07 26377.3 1.62072e+06 123622 2.36935e+06 6.58948e-05 1.05688e+14 9.67621e+10 1.87615e+12 7.42709 0 0 143454 4.05419e+06 25.0316 707.422 0.123436 0.053537 1.17223e+11 9.98021e+11
33 0.143987 0.150773 0.0421239 202.558 12948.5 201.898 0.660404 1.05482e+07 1.03169e+09 1.38105e+07 29274.9 1.56438e+06 127014 2.50762e+06 6.89518e-05 1.05526e+14 9.66133e+10 1.87407e+12 7.38069 0 0 156772 4.35366e+06 24.9485 692.834 0.123167 0.053507 1.17223e+11 9.98021e+11
34 0.150773 0.157879 0.0441091 202.317 12682.1 201.656 0.661631 1.15618e+07 1.11907e+09 1.51916e+07 32485.8 1.50985e+06 130491 2.65372e+06 7.22008e-05 1.05356e+14 9.64581e+10 1.87189e+12 7.33289 0 0 171307 4.67274e+06 24.8628 678.182 0.12289 0.0534756 1.17223e+11 9.98021e+11
35 0.157879 0.165319 0.0461879 202.066 12414.8 201.403 0.662896 1.26725e+07 1.21287e+09 1.6704e+07 36043.6 1.45709e+06 134055 2.80806e+06 7.56084e-05 1.0518e+14 9.62964e+10 1.86961e+12 7.28368 0 0 187167 5.01251e+06 24.7745 663.482 0.122606 0.0534429 1.17223e+11 9.98021e+11
36 0.165319 0.17311 0.0483647 201.804 12146.8 201.139 0.664201 1.38898e+07 1.31349e+09 1.83602e+07 39985.4 1.40603e+06 137707 2.97109e+06 7.91824e-05 1.04995e+14 9.61277e+10 1.86723e+12 7.23306 0 0 204471 5.37405e+06 24.6834 648.748 0.122314 0.0534087 1.17223e+11 9.98021e+11
37 0.17311 0.181269 0.050644 201.53 11878.5 200.865 0.665545 1.52236e+07 1.42138e+09 2.01738e+07 44352.1 1.35662e+06 141449 3.14326e+06 8.30007e-05 1.04803e+14 9.5952e+10 1.86473e+12 7.18099 0 0 223346 5.7585e+06 24.5896 633.992 0.122015 0.053373 1.17223e+11 9.98021e+11
38 0.181269 0.189812 0.0530308 201.245 11610 200.578 0.666931 1.66852e+07 1.537e+09 2.21595e+07 49189.1 1.30882e+06 145282 3.32507e+06 8.69571e-05 1.04603e+14 9.57688e+10 1.86213e+12 7.12743 0 0 243931 6.16705e+06 24.493 619.23 0.121707 0.0533358 1.17223e+11 9.98021e+11
39 0.189812 0.198757 0.0555301 200.948 11341.6 200.279 0.668358 1.82868e+07 1.66086e+09 2.43335e+07 54546.4 1.26257e+06 149209 3.51703e+06 9.11094e-05 1.04395e+14 9.55778e+10 1.8594e+12 7.07239 0 0 266379 6.6009e+06 24.3935 604.474 0.121392 0.0532968 1.17223e+11 9.98021e+11
40 0.198757 0.208125 0.0581471 200.637 11073.6 199.968 0.669829 2.00417e+07 1.79345e+09 2.67137e+07 60479.5 1.21783e+06 153232 3.71968e+06 9.54675e-05 1.04177e+14 9.53788e+10 1.85655e+12 7.01584 0 0 290851 7.06129e+06 24.291 589.737 0.121069 0.0532562 1.17223e+11 9.98021e+11
41 0.208125 0.217933 0.0608875 200.314 10806.1 199.643 0.671345 2.19645e+07 1.93532e+09 2.93192e+07 67049.4 1.17454e+06 157351 3.93357e+06 0.000100042 1.03951e+14 9.51714e+10 1.85357e+12 6.95776 0 0 317527 7.54949e+06 24.1855 575.032 0.120738 0.0532138 1.17223e+11 9.98021e+11
42 0.217933 0.228204 0.063757 199.977 10539.3 199.304 0.672906 2.40712e+07 2.08704e+09 3.21713e+07 74323.8 1.13266e+06 161569 4.1593e+06 0.000104844 1.03715e+14 9.49553e+10 1.85046e+12 6.89815 0 0 346598 8.0668e+06 24.0769 560.371 0.120398 0.0531694 1.17223e+11 9.98021e+11
43 0.228204 0.238959 0.0667618 199.625 10273.6 198.95 0.674514 2.63794e+07 2.2492e+09 3.52931e+07 82377.1 1.09215e+06 165888 4.39748e+06 0.000109886 1.03469e+14 9.47301e+10 1.8472e+12 6.83696 0 0 378272 8.61454e+06 23.9651 545.766 0.120051 0.0531231 1.17223e+11 9.98021e+11
44 0.238959 0.250221 0.0699082 199.258 10009.1 198.582 0.676171 2.89082e+07 2.42243e+09 3.87098e+07 91291.9 1.05297e+06 170309 4.64876e+06 0.000115181 1.03213e+14 9.44954e+10 1.8438e+12 6.77419 0 0 412776 9.19405e+06 23.85 531.228 0.119694 0.0530748 1.17223e+11 9.98021e+11
45 0.250221 0.262013 0.0732029 198.876 9745.89 198.198 0.677877 3.16785e+07 2.60737e+09 4.24489e+07 101159 1.01507e+06 174833 4.91381e+06 0.00012074 1.02945e+14 9.42509e+10 1.84024e+12 6.70981 0 0 450353 9.80668e+06 23.7316 516.769 0.119329 0.0530243 1.17223e+11 9.98021e+11
46 0.262013 0.274362 0.0766528 198.477 9484.3 197.798 0.679635 3.47134e+07 2.80472e+09 4.65406e+07 112079 978423 179464 5.19335e+06 0.000129035 1.02667e+14 9.39961e+10 1.83652e+12 6.64379 0 0 491267 1.04538e+07 23.6098 502.398 0.118955 0.0529715 1.17223e+11 9.98021e+11
47 0.274362 0.287292 0.0802654 198.061 9224.47 197.38 0.681447 3.8038e+07 3.01518e+09 5.10176e+07 124163 942977 184201 5.4881e+06 0.000135995 1.02377e+14 9.37306e+10 1.83264e+12 6.57612 0 0 535802 1.11367e+07 23.4844 488.126 0.118571 0.0529164 1.17223e+11 9.98021e+11
48 0.287292 0.300832 0.0840482 197.628 8966.57 196.945 0.683314 4.16797e+07 3.23949e+09 5.59158e+07 137532 908700 189048 5.79884e+06 0.000143342 1.02075e+14 9.34541e+10 1.82858e+12 6.50677 0 0 584268 1.18569e+07 23.3553 473.962 0.118178 0.0528588 1.17223e+11 9.98021e+11
49 0.300832 0.315009 0.0880092 197.176 8710.77 196.491 0.685239 4.56686e+07 3.47843e+09 6.12743e+07 152322 875555 194006 6.12638e+06 0.000151097 1.0176e+14 9.3166e+10 1.82434e+12 6.4357 0 0 636996 1.26155e+07 23.2226 459.917 0.117776 0.0527986 1.17223e+11 9.98021e+11
50 0.315009 0.329855 0.092157 196.705 8457.22 196.018 0.687223 5.00376e+07 3.73279e+09 6.71357e+07 168682 843506 199075 6.47156e+06 0.000159284 1.01433e+14 9.28658e+10 1.81991e+12 6.36288 0 0 694344 1.3414e+07 23.086 445.998 0.117364 0.0527358 1.17223e+11 9.98021e+11
51 0.329855 0.345401 0.0965002 196.213 8206.09 195.524 0.689268 5.48227e+07 4.00341e+09 7.35466e+07 186776 812520 204259 6.83526e+06 0.000175891 1.01091e+14 9.25531e+10 1.81528e+12 6.28829 0 0 756699 1.42536e+07 22.9455 432.215 0.116942 0.05267 1.17223e+11 9.98021e+11
52 0.345401 0.361679 0.101048 195.701 7957.51 195.01 0.691377 6.00632e+07 4.29115e+09 8.05577e+07 206785 782564 209559 7.21839e+06 0.000191242 1.00735e+14 9.22274e+10 1.81045e+12 6.21189 0 0 824476 1.51356e+07 22.8009 418.576 0.116509 0.0526013 1.17223e+11 9.98021e+11
53 0.361679 0.378724 0.10581 195.167 7711.64 194.473 0.693553 6.58023e+07 4.59691e+09 8.82241e+07 228907 753605 214975 7.62192e+06 0.000207925 1.00365e+14 9.18881e+10 1.8054e+12 6.13365 0 0 898123 1.60611e+07 22.6522 405.089 0.116066 0.0525295 1.17223e+11 9.98021e+11
54 0.378724 0.396573 0.110797 194.61 7468.61 193.914 0.695798 7.20868e+07 4.9216e+09 9.66063e+07 253364 725612 220510 8.04684e+06 0.000226058 9.99788e+13 9.15348e+10 1.80013e+12 6.05354 0 0 978121 1.70313e+07 22.4992 391.761 0.115612 0.0524544 1.17223e+11 9.98021e+11
55 0.396573 0.415263 0.116019 194.029 7228.55 193.331 0.698114 7.89683e+07 5.26617e+09 1.0577e+08 280397 698555 226165 8.49418e+06 0.000245807 9.95769e+13 9.11668e+10 1.79463e+12 5.97152 0 0 1.06499e+06 1.80472e+07 22.3418 378.602 0.115147 0.0523759 1.17223e+11 9.98021e+11
56 0.415263 0.434834 0.121487 193.424 6991.61 192.724 0.700505 8.65029e+07 5.63159e+09 1.15786e+08 310273 672404 231942 8.96502e+06 0.000279639 9.91583e+13 9.07836e+10 1.78889e+12 5.88756 0 0 1.15927e+06 1.91097e+07 22.1799 365.618 0.11467 0.0522938 1.17223e+11 9.98021e+11
57 0.434834 0.455327 0.127212 192.793 6757.9 192.09 0.702974 9.47522e+07 6.01888e+09 1.26733e+08 343286 647132 237841 9.46049e+06 0.000318059 9.87224e+13 9.03845e+10 1.78289e+12 5.80163 0 0 1.26157e+06 2.02197e+07 22.0134 352.816 0.114181 0.052208 1.17223e+11 9.98021e+11
58 0.455327 0.476786 0.133207 192.135 6527.55 191.43 0.705523 1.03783e+08 6.42907e+09 1.38694e+08 379760 622710 243865 9.98175e+06 0.000361677 9.82686e+13 8.9969e+10 1.77664e+12 5.71369 0 0 1.37253e+06 2.13779e+07 21.8422 340.204 0.113681 0.0521182 1.17223e+11 9.98021e+11
59 0.476786 0.499256 0.139485 191.45 6300.68 190.742 0.708156 1.1367e+08 6.86319e+09 1.51764e+08 420051 599113 250014 1.053e+07 0.000411183 9.77962e+13 8.95365e+10 1.77011e+12 5.62371 0 0 1.49281e+06 2.2585e+07 21.6661 327.788 0.113168 0.0520243 1.17223e+11 9.98021e+11
60 0.499256 0.522785 0.146059 190.735 6077.4 190.024 0.710877 1.24491e+08 7.32233e+09 1.6604e+08 464550 576313 256290 1.11065e+07 0.000495442 9.73044e+13 8.90862e+10 1.76331e+12 5.53167 0 0 1.62316e+06 2.38413e+07 21.485 315.576 0.112643 0.0519261 1.17223e+11 9.98021e+11
61 0.522785 0.547423 0.152943 189.99 5857.83 189.277 0.713689 1.36336e+08 7.80757e+09 1.81633e+08 513689 554286 262693 1.17126e+07 0.00059147 9.67925e+13 8.86176e+10 1.75621e+12 5.43753 0 0 1.76433e+06 2.51471e+07 21.2988 303.572 0.112104 0.0518233 1.17223e+11 9.98021e+11
62 0.547423 0.573223 0.16015 189.214 5642.07 188.498 0.716597 1.49299e+08 8.32004e+09 1.9866e+08 567943 533009 269225 1.23497e+07 0.000705775 9.62599e+13 8.81299e+10 1.7488e+12 5.34127 0 0 1.91717e+06 2.65026e+07 21.1074 291.785 0.111553 0.0517159 1.17223e+11 9.98021e+11
63 0.573223 0.600238 0.167698 188.405 5430.23 187.686 0.719603 1.63485e+08 8.86085e+09 2.17251e+08 627832 512456 275886 1.3019e+07 0.000841761 9.57056e+13 8.76225e+10 1.74108e+12 5.24285 0 0 2.08254e+06 2.79076e+07 20.9106 280.219 0.110987 0.0516034 1.17223e+11 9.98021e+11
64 0.600238 0.628526 0.175601 187.563 5222.4 186.84 0.722712 1.79008e+08 9.43114e+09 2.37543e+08 693931 492606 282678 1.37221e+07 0.00100108 9.5129e+13 8.70946e+10 1.73303e+12 5.14224 0 0 2.26138e+06 2.93619e+07 20.7084 268.88 0.110408 0.0514858 1.17223e+11 9.98021e+11
65 0.628526 0.658148 0.183877 186.685 5018.67 185.959 0.725929 1.95992e+08 1.00321e+10 2.5969e+08 766869 473436 289601 1.44605e+07 0.00116988 9.45293e+13 8.65455e+10 1.72465e+12 5.03944 0 0 2.45467e+06 3.08648e+07 20.5006 257.773 0.109814 0.0513628 1.17223e+11 9.98021e+11
66 0.658148 0.689165 0.192543 185.77 4819.12 185.041 0.729259 2.14573e+08 1.06647e+10 2.83854e+08 847339 454925 296655 1.52356e+07 0.00136658 9.39056e+13 8.59745e+10 1.71591e+12 4.93441 0 0 2.66347e+06 3.24155e+07 20.2872 246.904 0.109206 0.0512341 1.17223e+11 9.98021e+11
67 0.689165 0.721645 0.201617 184.818 4623.84 184.085 0.732706 2.34899e+08 1.13304e+10 3.10213e+08 936101 437052 303842 1.60492e+07 0.00159567 9.32571e+13 8.53807e+10 1.70681e+12 4.82713 0 0 2.88887e+06 3.4013e+07 20.0679 236.276 0.108582 0.0510996 1.17223e+11 9.98021e+11
68 0.721645 0.755655 0.211119 183.826 4432.89 183.089 0.736275 2.57132e+08 1.20301e+10 3.38961e+08 1.03399e+06 419797 311161 1.69029e+07 0.00186233 9.25829e+13 8.47635e+10 1.69733e+12 4.7176 0 0 3.13205e+06 3.56559e+07 19.8428 225.895 0.107944 0.0509588 1.17223e+11 9.98021e+11
69 0.755655 0.791268 0.221069 182.793 4246.35 182.053 0.739972 2.81448e+08 1.2765e+10 3.70305e+08 1.14192e+06 403141 318613 1.77982e+07 0.00214983 9.18823e+13 8.41221e+10 1.68746e+12 4.6058 0 0 3.39422e+06 3.73425e+07 19.6116 215.763 0.107289 0.0508116 1.17223e+11 9.98021e+11
70 0.791268 0.828559 0.231488 181.717 4064.26 180.973 0.743803 3.08038e+08 1.35363e+10 4.04471e+08 1.2609e+06 387063 326197 1.87371e+07 0.00242559 9.11544e+13 8.34556e+10 1.67718e+12 4.49171 0 0 3.67666e+06 3.90707e+07 19.3744 205.885 0.106618 0.0506576 1.17223e+11 9.98021e+11
71 0.828559 0.867608 0.242398 180.598 3886.67 179.85 0.747773 3.37113e+08 1.4345e+10 4.41703e+08 1.39204e+06 371547 333914 1.97213e+07 0.00273596 9.03982e+13 8.27634e+10 1.66649e+12 4.37534 0 0 3.98071e+06 4.08381e+07 19.1309 196.264 0.105931 0.0504966 1.17223e+11 9.98021e+11
72 0.867608 0.908497 0.253821 179.433 3713.64 178.681 0.75189 3.68899e+08 1.51923e+10 4.82263e+08 1.53653e+06 356575 341764 2.07525e+07 0.00308519 8.9613e+13 8.20445e+10 1.65537e+12 4.25667 0 0 4.30778e+06 4.2642e+07 18.8811 186.901 0.105227 0.0503283 1.17223e+11 9.98021e+11
73 0.908497 0.951313 0.265784 178.22 3545.19 177.464 0.75616 4.03646e+08 1.60792e+10 5.26436e+08 1.69571e+06 342128 349745 2.18328e+07 0.00347801 8.87978e+13 8.12981e+10 1.64381e+12 4.1357 0 0 4.65931e+06 4.44791e+07 18.625 177.799 0.104505 0.0501523 1.17223e+11 9.98021e+11
74 0.951313 0.996147 0.27831 176.959 3381.36 176.199 0.76059 4.41624e+08 1.70067e+10 5.74529e+08 1.87102e+06 328191 357857 2.2964e+07 0.00386648 8.79518e+13 8.05236e+10 1.63178e+12 4.01243 0 0 5.03681e+06 4.63459e+07 18.3624 168.961 0.103766 0.0499683 1.17223e+11 9.98021e+11
75 0.996147 1.04309 0.291426 175.648 3222.15 174.882 0.765188 4.83126e+08 1.79758e+10 6.2687e+08 2.06406e+06 314747 366100 2.41481e+07 0.00420033 8.70742e+13 7.972e+10 1.61928e+12 3.88688 0 0 5.44181e+06 4.82383e+07 18.0933 160.386 0.103009 0.049776 1.17223e+11 9.98021e+11
76 1.04309 1.09225 0.30516 174.284 3067.59 173.514 0.769962 5.28474e+08 1.89874e+10 6.83816e+08 2.27658e+06 301781 374473 2.53871e+07 0.00456278 8.61639e+13 7.88867e+10 1.6063e+12 3.75905 0 0 5.87592e+06 5.01518e+07 17.8176 152.076 0.102233 0.049575 1.17223e+11 9.98021e+11
77 1.09225 1.14373 0.319542 172.866 2917.68 172.091 0.774921 5.78016e+08 2.00424e+10 7.45748e+08 2.51047e+06 289277 382973 2.6683e+07 0.00495626 8.52203e+13 7.80228e+10 1.59282e+12 3.62895 0 0 6.34074e+06 5.20815e+07 17.5353 144.032 0.101439 0.0493651 1.17223e+11 9.98021e+11
78 1.14373 1.19763 0.334602 171.393 2772.42 170.612 0.780073 6.32131e+08 2.11416e+10 8.13076e+08 2.76781e+06 277221 391600 2.8038e+07 0.00538341 8.42425e+13 7.71275e+10 1.57882e+12 3.49661 0 0 6.83792e+06 5.40219e+07 17.2464 136.252 0.100625 0.0491457 1.17223e+11 9.98021e+11
79 1.19763 1.25407 0.350371 169.862 2631.79 169.076 0.785428 6.91231e+08 2.22858e+10 8.86241e+08 3.0509e+06 265598 400352 2.94541e+07 0.00582736 8.32296e+13 7.62002e+10 1.56429e+12 3.36205 0 0 7.36912e+06 5.59671e+07 16.9508 128.738 0.0997916 0.0489166 1.17223e+11 9.98021e+11
80 1.25407 1.31318 0.366884 168.272 2495.78 167.481 0.790997 7.55763e+08 2.34755e+10 9.65714e+08 3.36222e+06 254395 409227 3.09335e+07 0.0062462 8.21809e+13 7.52401e+10 1.54922e+12 3.2253 0 0 7.93598e+06 5.79107e+07 16.6485 121.488 0.098938 0.0486773 1.17223e+11 9.98021e+11
81 1.31318 1.37507 0.384174 166.621 2364.37 165.824 0.79679 8.26213e+08 2.47112e+10 1.052e+09 3.70449e+06 243598 418223 3.24783e+07 0.00669549 8.10957e+13 7.42465e+10 1.5336e+12 3.0864 0 0 8.54014e+06 5.98457e+07 16.3395 114.501 0.0980639 0.0484275 1.17223e+11 9.98021e+11
82 1.37507 1.43987 0.40228 164.908 2237.53 164.105 0.80282 9.0311e+08 2.59936e+10 1.14564e+09 4.08068e+06 233194 427336 3.40908e+07 0.00717752 7.99733e+13 7.32189e+10 1.51741e+12 2.9454 0 0 9.18319e+06 6.17648e+07 16.0239 107.774 0.0971688 0.0481667 1.17223e+11 9.98021e+11
83 1.43987 1.50773 0.421239 163.13 2115.21 162.321 0.809098 9.87027e+08 2.73227e+10 1.2472e+09 4.49404e+06 223170 436566 3.57731e+07 0.00769468 7.88129e+13 7.21565e+10 1.50064e+12 2.80233 0 0 9.86669e+06 6.36599e+07 15.7017 101.307 0.0962524 0.0478945 1.17223e+11 9.98021e+11
84 1.50773 1.57879 0.441091 161.287 1997.39 160.471 0.815637 1.07858e+09 2.86989e+10 1.35731e+09 4.94811e+06 213515 445907 3.75275e+07 0.00824958 7.76141e+13 7.10589e+10 1.48328e+12 2.65726 0 0 1.05921e+07 6.55226e+07 15.3729 95.0967 0.0953142 0.0476106 1.17223e+11 9.98021e+11
85 1.57879 1.65319 0.461879 159.375 1884 158.553 0.822453 1.17845e+09 3.01223e+10 1.47661e+09 5.44675e+06 204216 455358 3.93561e+07 0.00887908 7.63762e+13 6.99256e+10 1.46532e+12 2.51025 0 0 1.13607e+07 6.73441e+07 15.0377 89.1403 0.0943538 0.0473145 1.17223e+11 9.98021e+11
86 1.65319 1.7311 0.483647 157.395 1774.99 156.566 0.82956 1.28737e+09 3.15926e+10 1.60579e+09 5.99416e+06 195263 464913 4.12611e+07 0.00956016 7.50989e+13 6.87562e+10 1.44674e+12 2.36136 0 0 1.21739e+07 6.9115e+07 14.6961 83.4346 0.0933709 0.0470057 1.17223e+11 9.98021e+11
87 1.7311 1.81269 0.50644 155.344 1670.3 154.507 0.836974 1.40612e+09 3.31098e+10 1.74559e+09 6.59493e+06 186643 474570 4.32447e+07 0.0102937 7.37818e+13 6.75504e+10 1.42754e+12 2.21068 0 0 1.30325e+07 7.08254e+07 14.3484 77.9764 0.092365 0.0466839 1.17223e+11 9.98021e+11
88 1.81269 1.89812 0.530308 153.221 1569.88 152.376 0.844712 1.53556e+09 3.46732e+10 1.89679e+09 7.25404e+06 178347 484324 4.53092e+07 0.0110838 7.24247e+13 6.63078e+10 1.40771e+12 2.05828 0 0 1.39375e+07 7.24651e+07 13.9946 72.7618 0.0913358 0.0463486 1.17223e+11 9.98021e+11
89 1.89812 1.98757 0.555301 151.025 1473.64 150.172 0.852793 1.67661e+09 3.62825e+10 2.06019e+09 7.97693e+06 170363 494169 4.74566e+07 0.0119348 7.10273e+13 6.50285e+10 1.38724e+12 1.90425 0 0 1.48894e+07 7.40237e+07 13.6349 67.7868 0.0902828 0.0459994 1.17223e+11 9.98021e+11
90 1.98757 2.08125 0.581471 148.753 1381.52 147.892 0.861236 1.83028e+09 3.79367e+10 2.23667e+09 8.76949e+06 162682 504102 4.9689e+07 0.0126787 6.95897e+13 6.37123e+10 1.36612e+12 1.7487 0 0 1.58886e+07 7.54902e+07 13.2697 63.0471 0.0892057 0.0456358 1.17223e+11 9.98021e+11
91 2.08125 2.17933 0.608875 146.406 1293.44 145.536 0.870063 1.99766e+09 3.96348e+10 2.42712e+09 9.63814e+06 155294 514116 5.20085e+07 0.0138693 6.8112e+13 6.23594e+10 1.34435e+12 1.59172 0 0 1.69349e+07 7.68535e+07 12.899 58.538 0.0881042 0.0452575 1.17223e+11 9.98021e+11
92 2.17933 2.28204 0.63757 143.983 1209.32 143.103 0.879297 2.17989e+09 4.13757e+10 2.63249e+09 1.05899e+07 148189 524206 5.44171e+07 0.0151692 6.65944e+13 6.097e+10 1.32193e+12 1.43342 0 0 1.80279e+07 7.81023e+07 12.5233 54.2548 0.0869779 0.0448639 1.17223e+11 9.98021e+11
93 2.28204 2.38959 0.667618 141.481 1129.07 140.592 0.888961 2.37826e+09 4.31578e+10 2.85375e+09 1.16322e+07 141357 534365 5.69167e+07 0.0165882 6.50374e+13 5.95444e+10 1.29885e+12 1.27393 0 0 1.91667e+07 7.92253e+07 12.1429 50.1924 0.0858265 0.0444547 1.17223e+11 9.98021e+11
94 2.38959 2.50221 0.699082 138.902 1052.6 138.003 0.899083 2.59411e+09 4.49796e+10 3.09195e+09 1.27734e+07 134791 544587 5.95091e+07 0.0181367 6.34415e+13 5.80834e+10 1.27511e+12 1.11339 0 0 2.03498e+07 8.0211e+07 11.758 46.3456 0.0846497 0.0440295 1.17223e+11 9.98021e+11
95 2.50221 2.62013 0.732029 136.244 979.833 135.334 0.909691 2.8289e+09 4.6839e+10 3.34812e+09 1.40223e+07 128482 554864 6.2196e+07 0.0198264 6.18076e+13 5.65874e+10 1.25073e+12 0.951944 0 0 2.15752e+07 8.10481e+07 11.3692 42.7088 0.0834472 0.0435878 1.17223e+11 9.98021e+11
96 2.62013 2.74362 0.766528 133.507 910.667 132.587 0.920815 3.08423e+09 4.87339e+10 3.62337e+09 1.53886e+07 122420 565190 6.26078e+07 0.0218233 6.01366e+13 5.50576e+10 1.22569e+12 0.789748 0 0 2.28403e+07 8.17257e+07 10.9768 39.2765 0.0822188 0.0431294 1.17223e+11 9.98021e+11
97 2.74362 2.87292 0.802654 130.692 845.01 129.76 0.932489 3.36177e+09 5.06618e+10 3.91881e+09 1.68828e+07 116599 575557 6.1079e+07 0.0244622 5.84297e+13 5.34949e+10 1.20001e+12 0.626966 0 0 2.41417e+07 8.2233e+07 10.5814 36.0429 0.0809641 0.0426539 1.17223e+11 9.98021e+11
98 2.87292 3.00832 0.840482 127.799 782.767 126.854 0.944749 3.66336e+09 5.262e+10 4.23558e+09 1.8516e+07 111009 585955 5.95973e+07 0.0274047 5.66884e+13 5.19006e+10 1.17369e+12 0.463779 0 0 2.54753e+07 8.25597e+07 10.1834 33.0022 0.0796831 0.0421609 1.17223e+11 9.98021e+11
99 3.00832 3.15009 0.880092 124.828 723.841 123.87 0.957632 3.99096e+09 5.46055e+10 4.57484e+09 2.03006e+07 105644 596377 5.81611e+07 0.0306835 5.49144e+13 5.02764e+10 1.14676e+12 0.300373 0 0 2.6836e+07 8.26964e+07 9.78344 30.1482 0.0783756 0.0416503 1.17223e+11 9.98021e+11
100 3.15009 3.29855 0.92157 121.78 668.135 120.809 0.971182 4.34666e+09 5.6615e+10 4.93774e+09 2.22497e+07 100495 606813 5.6769e+07 0.0343343 5.31095e+13 4.8624e+10 1.11921e+12 0.136951 0 0 2.8218e+07 8.26344e+07 9.38212 27.4748 0.0770414 0.0411217 1.17223e+11 9.98021e+11
101 3.29855 3.45401 0.965002 118.658 615.55 117.672 0.985444 4.73271e+09 5.8645e+10 5.32546e+09 2.43776e+07 95556.1 617255 5.54198e+07 0.0383961 5.1276e+13 4.69454e+10 1.09108e+12 -0.0262644 0 0 2.96146e+07 8.23659e+07 8.98007 24.9759 0.0756805 0.040575 1.17223e+11 9.98021e+11
102 3.45401 3.61679 1.01048 115.462 565.988 114.461 1.00047 5.15154e+09 6.06916e+10 5.73912e+09 2.66997e+07 90819.8 627691 5.41125e+07 0.0429118 4.94164e+13 4.52428e+10 1.06238e+12 -0.189028 0 0 3.10178e+07 8.18845e+07 8.57797 22.6452 0.0742928 0.0400101 1.17223e+11 9.98021e+11
103 3.61679 3.78724 1.0581 112.195 519.347 111.178 1.01631 5.60571e+09 6.27507e+10 6.17986e+09 2.92325e+07 86279.3 638111 5.39361e+07 0.0469593 4.75333e+13 4.35188e+10 1.03313e+12 -0.351051 0 0 3.24187e+07 8.11851e+07 8.17655 20.4763 0.0728784 0.0394269 1.17223e+11 9.98021e+11
104 3.78724 3.96573 1.10797 108.859 475.53 107.826 1.03302 6.098e+09 6.4818e+10 6.64875e+09 3.19939e+07 81928.1 648506 5.28533e+07 0.0522462 4.56298e+13 4.1776e+10 1.00337e+12 -0.511987 0 0 3.38075e+07 8.02644e+07 7.77655 18.4628 0.0714372 0.0388257 1.17223e+11 9.98021e+11
105 3.96573 4.15263 1.16019 105.457 434.437 104.406 1.05067 6.63134e+09 6.68889e+10 7.1468e+09 3.5003e+07 77759.7 658863 5.17987e+07 0.0580938 4.37089e+13 4.00173e+10 9.73126e+11 -0.671414 0 0 3.51729e+07 7.91209e+07 7.37873 16.5984 0.0699693 0.0382066 1.17223e+11 9.98021e+11
106 4.15263 4.34834 1.21487 101.992 395.969 100.923 1.06934 7.20887e+09 6.89585e+10 7.67495e+09 3.82807e+07 73768 669172 5.07717e+07 0.0645566 4.17741e+13 3.82459e+10 9.42432e+11 -0.82885 0 0 3.65025e+07 7.77555e+07 6.98388 14.8767 0.0684747 0.0375703 1.17223e+11 9.98021e+11
107 4.34834 4.55327 1.27212 98.4681 360.027 97.379 1.0891 7.83395e+09 7.10218e+10 8.23404e+09 4.1849e+07 69946.9 679419 4.97716e+07 0.0716937 3.98288e+13 3.64649e+10 9.11329e+11 -0.983666 0 0 3.77829e+07 7.61716e+07 6.59279 13.2913 0.0669536 0.0369175 1.17223e+11 9.98021e+11
108 4.55327 4.76786 1.33207 94.888 326.513 93.778 1.11005 8.51014e+09 7.30735e+10 8.82478e+09 4.57318e+07 66290.5 689594 4.87977e+07 0.0795695 3.78766e+13 3.46777e+10 8.7986e+11 -1.13512 0 0 3.8999e+07 7.43754e+07 6.20623 11.836 0.0654058 0.0362496 1.17223e+11 9.98021e+11
109 4.76786 4.99256 1.39485 91.2551 295.331 90.1228 1.13227 9.24121e+09 7.51084e+10 9.44769e+09 4.99547e+07 62793.3 699682 4.78494e+07 0.0882534 3.59211e+13 3.28872e+10 8.48071e+11 -1.28218 0 0 4.01346e+07 7.23771e+07 5.82496 10.5045 0.0638316 0.0355685 1.17223e+11 9.98021e+11
110 4.99256 5.22785 1.46059 87.5721 266.386 86.4162 1.15589 1.00312e+10 7.71209e+10 1.01031e+10 5.4545e+07 59449.6 709673 4.97005e+07 0.0923597 3.39652e+13 3.10966e+10 8.16015e+11 -1.42356 0 0 4.11716e+07 7.01907e+07 5.44969 9.29082 0.0622309 0.0348773 1.17223e+11 9.98021e+11
111 5.22785 5.47423 1.52943 83.835 239.584 82.6541 1.18098 1.08843e+10 7.91055e+10 1.07911e+10 5.95321e+07 56254.1 719551 4.95637e+07 0.10062 3.21214e+13 2.94085e+10 7.83746e+11 -1.55775 0 0 4.20896e+07 6.78388e+07 5.08099 8.18941 0.0606071 0.0341818 1.17223e+11 9.98021e+11
112 5.47423 5.73223 1.6015 79.8683 215.021 78.6625 1.20585 1.18051e+10 8.10586e+10 1.15097e+10 6.49474e+07 53201.6 729304 4.94131e+07 0.109591 3.10675e+13 2.84436e+10 7.51323e+11 -1.6873 0 0 4.285e+07 6.54423e+07 4.71764 7.20498 0.0590678 0.0335083 1.17223e+11 9.98021e+11
113 5.73223 6.00238 1.67698 75.5307 192.829 74.302 1.22872 1.27983e+10 8.2979e+10 1.22548e+10 7.08243e+07 50287.1 738919 4.92483e+07 0.119333 2.98953e+13 2.73704e+10 7.18808e+11 -1.81098 0 0 4.34087e+07 6.3146e+07 4.35864 6.34045 0.0577068 0.0328812 1.17223e+11 9.98021e+11
114 6.00238 6.28526 1.75601 70.7067 172.97 69.4588 1.24786 1.38689e+10 8.48678e+10 1.30194e+10 7.71987e+07 47505.6 748380 4.90696e+07 0.129905 2.85657e+13 2.61531e+10 6.86268e+11 -1.92913 0 0 4.37034e+07 6.11348e+07 4.00211 5.59839 0.0566016 0.0323662 1.17223e+11 9.98021e+11
115 6.28526 6.58148 1.83877 64.9262 155.774 63.6681 1.25814 1.50223e+10 8.6733e+10 1.3789e+10 8.41087e+07 44852.3 757674 4.88766e+07 0.141377 2.69342e+13 2.46594e+10 6.53773e+11 -2.0336 0 0 4.35348e+07 5.99757e+07 3.63589 5.00898 0.0560004 0.0321554 1.17223e+11 9.98021e+11
116 6.58148 6.89165 1.92543 57.7317 141.549 56.4785 1.25314 1.6264e+10 8.85914e+10 1.45388e+10 9.1595e+07 42322.7 766786 4.86692e+07 0.15382 2.48376e+13 2.27398e+10 6.21394e+11 -2.11541 0 0 4.26109e+07 6.04459e+07 3.2456 4.60406 0.0562187 0.0325262 1.17223e+11 9.98021e+11
117 6.89165 7.21645 2.01617 51.2234 128.262 49.9749 1.24856 1.75998e+10 9.04378e+10 1.52677e+10 9.97009e+07 39912.2 775703 4.84475e+07 0.167312 2.28627e+13 2.09318e+10 5.89206e+11 -2.20303 0 0 4.15945e+07 6.07326e+07 2.88942 4.21887 0.0564082 0.0328927 1.17223e+11 9.98021e+11
118 7.21645 7.55655 2.11119 45.3512 115.898 44.1068 1.24437 1.90359e+10 9.22671e+10 1.59747e+10 1.08472e+08 37616.3 784410 4.82113e+07 0.181937 2.10057e+13 1.92316e+10 5.57287e+11 -2.2944 0 0 4.04935e+07 6.08209e+07 2.56543 3.85325 0.0565681 0.0332471 1.17223e+11 9.98021e+11
119 7.55655 7.91268 2.21069 40.0667 104.419 38.8262 1.24056 2.05786e+10 9.40744e+10 1.66591e+10 1.17958e+08 35431 792892 4.79607e+07 0.197784 1.92625e+13 1.76357e+10 5.25715e+11 -2.39 0 0 3.93165e+07 6.06967e+07 2.27169 3.50703 0.0566976 0.033586 1.17223e+11 9.98021e+11
120 7.91268 8.28559 2.31488 35.3248 93.7894 34.0877 1.23708 2.22347e+10 9.58542e+10 1.732e+10 1.2821e+08 33351.9 801135 4.87353e+07 0.210364 1.76294e+13 1.61405e+10 4.94571e+11 -2.49052 0 0 3.8074e+07 6.03453e+07 2.00633 3.17993 0.0567967 0.0339051 1.17223e+11 9.98021e+11
121 8.28559 8.67608 2.42398 31.0825 83.969 29.8486 1.2339 2.40111e+10 9.76014e+10 1.79571e+10 1.39284e+08 31375.1 809125 4.86424e+07 0.227648 1.61026e+13 1.47426e+10 4.63934e+11 -2.59684 0 0 3.67783e+07 5.97528e+07 1.76753 2.87166 0.0568656 0.034199 1.17223e+11 9.98021e+11
122 8.67608 9.08497 2.53821 27.2992 74.9201 26.0683 1.23095 2.59151e+10 9.93107e+10 1.85701e+10 1.51236e+08 29496.7 816848 4.8525e+07 0.246321 1.46783e+13 1.34386e+10 4.33886e+11 -2.71019 0 0 3.54427e+07 5.89057e+07 1.55346 2.58185 0.056905 0.0344614 1.17223e+11 9.98021e+11
123 9.08497 9.51313 2.65784 23.9371 66.6045 22.709 1.22815 2.79543e+10 1.00977e+11 1.91588e+10 1.6413e+08 27712.8 824289 4.83829e+07 0.266491 1.33533e+13 1.22255e+10 4.04506e+11 -2.8322 0 0 3.4083e+07 5.779e+07 1.36242 2.31008 0.0569167 0.0346835 1.17223e+11 9.98021e+11
124 9.51313 9.96147 2.7831 20.9608 58.9838 19.7353 1.22541 3.01364e+10 1.02595e+11 1.97234e+10 1.78029e+08 26019.8 831434 4.82159e+07 0.288275 1.21242e+13 1.11002e+10 3.7587e+11 -2.96506 0 0 3.27167e+07 5.63913e+07 1.19273 2.05583 0.0569032 0.0348541 1.17223e+11 9.98021e+11
125 9.96147 10.4309 2.91426 18.3378 52.0194 17.1152 1.22261 3.24696e+10 1.04159e+11 2.02645e+10 1.93003e+08 24414 838272 4.8024e+07 0.311799 1.09884e+13 1.00603e+10 3.48056e+11 -3.1118 0 0 3.13647e+07 5.46928e+07 1.04283 1.81846 0.056868 0.0349575 1.17223e+11 9.98021e+11
126 10.4309 10.9225 3.0516 16.0385 45.6725 14.8189 1.21964 3.49621e+10 1.05666e+11 2.07828e+10 2.09124e+08 22892 844787 4.78073e+07 0.337196 9.94393e+12 9.10408e+09 3.21134e+11 -3.27658 0 0 3.00507e+07 5.2675e+07 0.911232 1.59727 0.0568152 0.0349723 1.17223e+11 9.98021e+11
127 10.9225 11.4373 3.19542 14.035 39.9047 12.8186 1.21642 3.76225e+10 1.07109e+11 2.12796e+10 2.26467e+08 21450.2 850969 4.75657e+07 0.364613 8.98878e+12 8.22961e+09 2.95172e+11 -3.46263 0 0 2.87988e+07 5.03191e+07 0.796432 1.39158 0.0567462 0.0348725 1.17223e+11 9.98021e+11
128 11.4373 11.9763 3.34602 12.302 34.6771 11.089 1.21303 4.04597e+10 1.08483e+11 2.17567e+10 2.45113e+08 20085.6 856804 4.72993e+07 0.394206 8.12172e+12 7.43577e+09 2.70234e+11 -3.6722 0 0 2.76342e+07 4.76038e+07 0.696982 1.20065 0.056656 0.0346237 1.17223e+11 9.98021e+11
129 11.9763 12.5407 3.50371 10.8145 29.9517 9.60462 1.20983 4.34826e+10 1.09786e+11 2.22161e+10 2.65145e+08 18794.7 862281 4.70084e+07 0.426142 7.34065e+12 6.72067e+09 2.46375e+11 -3.90399 0 0 2.65737e+07 4.45194e+07 0.61126 1.02406 0.0565225 0.0341902 1.17223e+11 9.98021e+11
130 12.5407 13.1318 3.66884 9.54644 25.6924 8.33876 1.20768 4.67005e+10 1.1101e+11 2.26605e+10 2.86652e+08 17574.5 867389 4.66932e+07 0.4606 6.64175e+12 6.0808e+09 2.23647e+11 -4.15948 0 0 2.56181e+07 4.10775e+07 0.537429 0.861745 0.0562963 0.0335408 1.17223e+11 9.98021e+11
131 13.1318 13.7507 3.84174 8.47719 21.8611 7.2691 1.20809 5.01227e+10 1.12153e+11 2.3093e+10 3.09725e+08 16422 872118 4.63541e+07 0.497773 6.02244e+12 5.51379e+09 2.02091e+11 -4.43708 0 0 2.47645e+07 3.72867e+07 0.473809 0.713392 0.0558922 0.0326329 1.17223e+11 9.98021e+11
132 13.7507 14.3987 4.0228 7.59353 18.4156 6.37977 1.21376 5.37587e+10 1.13208e+11 2.35178e+10 3.34463e+08 15334.1 876459 4.59913e+07 0.53787 5.48274e+12 5.01968e+09 1.81743e+11 -4.72875 0 0 2.4007e+07 3.31393e+07 0.418902 0.578253 0.0551656 0.0314002 1.17223e+11 9.98021e+11
133 14.3987 15.0773 4.21239 6.88793 15.3102 5.65844 1.22949 5.76183e+10 1.1417e+11 2.39404e+10 3.60965e+08 14308.1 880401 4.56051e+07 0.581117 5.02373e+12 4.59944e+09 1.62628e+11 -5.03414 0 0 2.33191e+07 2.86268e+07 0.371095 0.455561 0.0538762 0.0297554 1.17223e+11 9.98021e+11
134 15.0773 15.7879 4.41091 6.36237 12.4915 5.09827 1.2641 6.17111e+10 1.15031e+11 2.43688e+10 3.89337e+08 13341.2 883938 4.51963e+07 0.627748 4.64832e+12 4.25573e+09 1.44763e+11 -5.34769 0 0 2.26359e+07 2.37337e+07 0.328527 0.344461 0.051636 0.0275755 1.17223e+11 9.98021e+11
135 15.7879 16.5319 4.61879 6.03119 9.89412 4.69631 1.33488 6.6047e+10 1.15778e+11 2.48148e+10 4.19689e+08 12430.6 887061 4.47652e+07 0.678025 4.3589e+12 3.99076e+09 1.28156e+11 -5.66756 0 0 2.18038e+07 1.84603e+07 0.288607 0.24435 0.0478524 0.0246965 1.17223e+11 9.98021e+11
136 16.5319 17.311 4.83647 5.91245 7.44544 4.43591 1.47653 7.06359e+10 1.16395e+11 2.52952e+10 4.52135e+08 11573.8 889766 4.43128e+07 0.732219 4.1418e+12 3.79199e+09 1.12805e+11 -5.95331 0 0 2.04744e+07 1.29338e+07 0.247164 0.156135 0.0418039 0.0209705 1.17223e+11 9.98021e+11
137 17.311 18.1269 5.0644 6.02546 5.06699 4.25559 1.76986 7.54875e+10 1.16855e+11 2.58335e+10 4.86796e+08 10768.2 892047 4.46511e+07 0.776256 3.93568e+12 3.60328e+09 9.8697e+10 -6.13228 0 0 1.79961e+07 7.50755e+06 0.198131 0.0826556 0.0328824 0.0163126 1.17223e+11 9.98021e+11
138 18.1269 18.9812 5.30308 6.33502 2.73489 3.89442 2.4406 8.06118e+10 1.17128e+11 2.64559e+10 5.23795e+08 10011.4 893899 4.41666e+07 0.837712 3.49457e+12 3.19942e+09 8.58115e+10 -6.05873 0 0 1.34571e+07 2.97621e+06 0.135122 0.0298839 0.0213294 0.0109269 1.17223e+11 9.98021e+11
139 18.9812 19.8757 5.55301 6.51941 0.77752 2.4092 4.11021 8.60185e+10 1.17213e+11 2.71597e+10 5.63261e+08 9300.97 895319 4.36575e+07 0.90399 1.99925e+12 1.8304e+09 7.4118e+10 -4.10304 0 0 7.15181e+06 489627 0.0654923 0.00448373 0.0100457 0.00576671 1.17223e+11 9.98021e+11
140 19.8757 20.8125 5.81471 5.80211 0.0836415 0.15095 5.65116 9.17172e+10 1.17223e+11 2.78468e+10 6.05327e+08 8634.66 896305 4.31248e+07 0.975467 7.59477e+10 6.95333e+07 6.35775e+10 13.0615 0 0 3.92844e+06 2954 0.0328091 2.46709e-05 0.00565468 0.00029496 1.17223e+11 9.98021e+11
141 20.8125 21.7933 6.08875 4.69714 0.00312978 0 4.69714 9.77174e+10 1.17223e+11 2.84564e+10 6.50134e+08 8010.25 896856 4.25697e+07 1.05254 0 0 5.41432e+10 13.8654 0 0 3.49111e+06 0 0.0265912 0 0.00566114 0 1.17223e+11 9.98021e+11
142 21.7933 22.8204 6.3757 3.77147 0 0 3.77147 1.04029e+11 1.17223e+11 2.89927e+10 6.97824e+08 7425.58 896973 4.19934e+07 1.13565 0 0 4.57611e+10 nan 0 0 3.0977e+06 0 0.0215186 0 0.00570562 0 1.17223e+11 9.98021e+11
143 22.8204 23.8959 6.67618 3.0047 0 0 3.0047 1.1066e+11 1.17223e+11 2.94609e+10 7.48545e+08 6878.6 896656 4.13967e+07 1.22526 0 0 3.83712e+10 nan 0 0 2.72677e+06 0 0.0172752 0 0.00574938 0 1.17223e+11 9.98021e+11
144 23.8959 25.0221 6.99082 2.37434 0 0 2.37434 1.1762e+11 1.17223e+11 2.98664e+10 8.02453e+08 6367.31 895907 4.0781e+07 1.32188 0 0 3.19088e+10 nan 0 0 2.38029e+06 0 0.0137532 0 0.00579243 0 1.17223e+11 9.98021e+11
145 25.0221 26.2013 7.32029 1.86024 0 0 1.86024 1.24918e+11 1.17223e+11 3.02144e+10 8.59706e+08 5889.8 894731 4.01476e+07 1.42605 0 0 2.63052e+10 nan 0 0 2.05976e+06 0 0.010854 0 0.00583474 0 1.17223e+11 9.98021e+11
146 26.2013 27.4362 7.66528 1.44445 0 0 1.44445 1.32561e+11 1.17223e+11 3.05105e+10 9.20467e+08 5444.21 893132 3.94977e+07 1.53836 0 0 2.14891e+10 nan 0 0 1.76617e+06 0 0.00848802 0 0.00587631 0 1.17223e+11 9.98021e+11
147 27.4362 28.7292 8.02654 1.1111 0 0 1.1111 1.40558e+11 1.17223e+11 3.076e+10 9.84907e+08 5028.77 891115 3.81345e+07 1.68981 0 0 1.73883e+10 nan 0 0 1.5e+06 0 0.00657456 0 0.00591714 0 1.17223e+11 9.98021e+11
148 28.7292 30.0832 8.40482 0.84632 0 0 0.84632 1.48916e+11 1.17223e+11 3.09682e+10 1.0532e+09 4641.79 888687 3.74884e+07 1.82173 0 0 1.39303e+10 nan 0 0 1.26126e+06 0 0.00504171 0 0.00595721 0 1.17223e+11 9.98021e+11
149 30.0832 31.5009 8.80092 0.638025 0 0 0.638025 1.57643e+11 1.17223e+11 3.11402e+10 1.12553e+09 4281.61 885857 3.68327e+07 1.96367 0 0 1.1044e+10 nan 0 0 1.04945e+06 0 0.00382593 0 0.00599653 0 1.17223e+11 9.98021e+11
150 31.5009 32.9855 9.2157 0.475828 0 0 0.475828 1.66744e+11 1.17223e+11 3.12807e+10 1.20207e+09 3946.68 882633 3.61688e+07 2.11638 0 0 8.66048e+09 nan 0 0 863692 0 0.00287166 0 0.00603508 0 1.17223e+11 9.98021e+11
151 32.9855 34.5401 9.65002 0.350872 0 0 0.350872 1.76226e+11 1.17223e+11 3.13942e+10 1.28303e+09 3635.5 879026 3.54976e+07 2.28065 0 0 6.71398e+09 nan 0 0 702698 0 0.0021308 0 0.00607287 0 1.17223e+11 9.98021e+11
152 34.5401 36.1679 10.1048 0.255682 0 0 0.255682 1.86095e+11 1.17223e+11 3.14848e+10 1.3686e+09 3346.63 875046 3.48203e+07 2.45736 0 0 5.14289e+09 nan 0 0 564883 0 0.00156219 0 0.00610989 0 1.17223e+11 9.98021e+11
153 36.1679 37.8724 10.581 0.184016 0 0 0.184016 1.96356e+11 1.17223e+11 3.15562e+10 1.45898e+09 3078.71 870705 3.41383e+07 2.64741 0 0 3.89026e+09 nan 0 0 448419 0 0.00113099 0 0.00614613 0 1.17223e+11 9.98021e+11
154 37.8724 39.6573 11.0797 0.130727 0 0 0.130727 2.07013e+11 1.17223e+11 3.16118e+10 1.55438e+09 2830.42 866017 3.34525e+07 2.85178 0 0 2.90426e+09 nan 0 0 351310 0 0.000808099 0 0.0061816 0 1.17223e+11 9.98021e+11
155 39.6573 41.5263 11.6019 0.0916117 0 0 0.0916117 2.18071e+11 1.17223e+11 3.16544e+10 1.65501e+09 2600.53 860994 3.2764e+07 3.07156 0 0 2.13851e+09 nan 0 0 271462 0 0.000569486 0 0.0062163 0 1.17223e+11 9.98021e+11
156 41.5263 43.4834 12.1487 0.0632903 0 0 0.0632903 2.29532e+11 1.17223e+11 3.16867e+10 1.76111e+09 2387.85 855652 3.2074e+07 3.30787 0 0 1.55211e+09 nan 0 0 206756 0 0.000395579 0 0.00625023 0 1.17223e+11 9.98021e+11
157 43.4834 45.5327 12.7212 0.0430751 0 0 0.0430751 2.41399e+11 1.17223e+11 3.17108e+10 1.8729e+09 2191.26 850006 3.13836e+07 3.56193 0 0 1.10962e+09 nan 0 0 155112 0 0.000270657 0 0.00628338 0 1.17223e+11 9.98021e+11
158 45.5327 47.6786 13.3207 0.0288609 0 0 0.0288609 2.53676e+11 1.17223e+11 3.17284e+10 1.99061e+09 2009.7 844071 3.06939e+07 3.83507 0 0 7.80827e+08 nan 0 0 114541 0 0.000182279 0 0.00631577 0 1.17223e+11 9.98021e+11
159 47.6786 49.9256 13.9485 0.0190223 0 0 0.0190223 2.66363e+11 1.17223e+11 3.17411e+10 2.11449e+09 1842.14 837865 3.00058e+07 4.12869 0 0 5.40436e+08 nan 0 0 83192.4 0 0.000120742 0 0.00634739 0 1.17223e+11 9.98021e+11
160 49.9256 52.2785 14.6059 0.0123239 0 0 0.0123239 2.79461e+11 1.17223e+11 3.17502e+10 2.2448e+09 1687.64 831405 2.93205e+07 4.4443 0 0 3.67622e+08 nan 0 0 59384.7 0 7.86048e-05 0 0.00637825 0 1.17223e+11 9.98021e+11
161 52.2785 54.7423 15.2943 0.00784166 0 0 0.00784166 2.92971e+11 1.17223e+11 3.17565e+10 2.3818e+09 1545.3 824707 2.8639e+07 4.78353 0 0 2.45569e+08 nan 0 0 41627.5 0 5.02521e-05 0 0.00640835 0 1.17223e+11 9.98021e+11
162 54.7423 57.3223 16.015 0.00489635 0 0 0.00489635 3.06893e+11 1.17223e+11 3.17608e+10 2.52575e+09 1414.25 817791 2.79619e+07 5.14817 0 0 1.60948e+08 nan 0 0 28630.5 0 3.15212e-05 0 0.0064377 0 1.17223e+11 9.98021e+11
163 57.3223 60.0238 16.7698 0.00299745 0 0 0.00299745 3.21227e+11 1.17223e+11 3.17637e+10 2.67694e+09 1293.7 810675 2.72905e+07 5.54006 0 0 1.03407e+08 nan 0 0 19303.4 0 1.93824e-05 0 0.00646631 0 1.17223e+11 9.98021e+11
164 60.0238 62.8526 17.5601 0.00179737 0 0 0.00179737 3.3597e+11 1.17223e+11 3.17655e+10 2.83566e+09 1182.88 803377 2.66257e+07 5.96122 0 0 6.5067e+07 nan 0 0 12746.4 0 1.16724e-05 0 0.00649417 0 1.17223e+11 9.98021e+11
165 62.8526 65.8148 18.3877 0.00105464 0 0 0.00105464 3.51121e+11 1.17223e+11 3.17668e+10 3.00222e+09 1081.09 795917 2.59679e+07 6.41387 0 0 4.0058e+07 nan 0 0 8235.01 0 6.87763e-06 0 0.00652131 0 1.17223e+11 9.98021e+11
166 65.8148 68.9165 19.2543 0.000604925 0 0 0.000604925 3.66678e+11 1.17223e+11 3.17675e+10 3.17692e+09 987.666 788313 2.49387e+07 7.00535 0 0 2.4104e+07 nan 0 0 5200.18 0 3.96089e-06 0 0.00654774 0 1.17223e+11 9.98021e+11
167 68.9165 72.1645 20.1617 0.000338816 0 0 0.000338816 3.82637e+11 1.17223e+11 3.1768e+10 3.36011e+09 901.972 780586 2.44034e+07 7.50648 0 0 1.41609e+07 nan 0 0 3206.15 0 2.22719e-06 0 0.00657345 0 1.17223e+11 9.98021e+11
168 72.1645 75.5655 21.1119 0.000185098 0 0 0.000185098 3.98997e+11 1.17223e+11 3.17683e+10 3.55211e+09 823.425 772754 2.38753e+07 8.0421 0 0 8.11351e+06 nan 0 0 1927.83 0 1.22136e-06 0 0.00659846 0 1.17223e+11 9.98021e+11
169 75.5655 79.1268 22.1069 9.85142e-05 0 0 9.85142e-05 4.15751e+11 1.17223e+11 3.17684e+10 3.7533e+09 751.476 764837 2.33544e+07 8.6147 0 0 4.5282e+06 nan 0 0 1129.19 0 6.52439e-07 0 0.00662279 0 1.17223e+11 9.98021e+11
170 79.1268 82.8559 23.1488 5.10176e-05 0 0 5.10176e-05 4.32898e+11 1.17223e+11 3.17685e+10 3.96406e+09 685.615 756855 2.28415e+07 9.22678 0 0 2.4587e+06 nan 0 0 643.479 0 3.39085e-07 0 0.00664644 0 1.17223e+11 9.98021e+11
171 82.8559 86.7608 24.2398 2.56745e-05 0 0 2.56745e-05 4.50431e+11 1.17223e+11 3.17686e+10 4.18477e+09 625.364 748825 2.23367e+07 9.88116 0 0 1.29714e+06 nan 0 0 356.3 0 1.71234e-07 0 0.00666943 0 1.17223e+11 9.98021e+11
172 86.7608 90.8497 25.3821 1.25388e-05 0 0 1.25388e-05 4.68346e+11 1.17223e+11 3.17686e+10 4.41586e+09 570.277 740769 2.18404e+07 10.5808 0 0 664017 nan 0 0 191.435 0 8.39064e-08 0 0.00669176 0 1.17223e+11 9.98021e+11
173 90.8497 95.1313 26.5784 5.93419e-06 0 0 5.93419e-06 4.86637e+11 1.17223e+11 3.17686e+10 4.65777e+09 519.942 732705 2.1353e+07 11.329 0 0 329356 nan 0 0 99.6631 0 3.9839e-08 0 0.00671347 0 1.17223e+11 9.98021e+11
174 95.1313 99.6147 27.831 2.71755e-06 0 0 2.71755e-06 5.05299e+11 1.17223e+11 3.17686e+10 4.91096e+09 473.974 724650 2.08746e+07 12.1292 0 0 158053 nan 0 0 50.2009 0 1.83015e-08 0 0.00673455 0 1.17223e+11 9.98021e+11
175 99.6147 104.309 29.1426 1.20233e-06 0 0 1.20233e-06 5.24325e+11 1.17223e+11 3.17686e+10 5.17593e+09 432.016 716625 2.04055e+07 12.9851 0 0 73267.2 nan 0 0 24.4274 0 8.12179e-09 0 0.00675502 0 1.17223e+11 9.98021e+11
176 104.309 109.225 30.516 5.13093e-07 0 0 5.13093e-07 5.43709e+11 1.17223e+11 3.17686e+10 5.4532e+09 393.738 708647 1.99461e+07 13.9009 0 0 32755.3 nan 0 0 11.4637 0 3.47616e-09 0 0.00677491 0 1.17223e+11 9.98021e+11
177 109.225 114.373 31.9542 2.10838e-07 0 0 2.10838e-07 5.63445e+11 1.17223e+11 3.17686e+10 5.74332e+09 358.833 700734 1.86902e+07 15.5228 0 0 14098.6 nan 0 0 5.17982 0 1.43248e-09 0 0.00679422 0 1.17223e+11 9.98021e+11
178 114.373 119.763 33.4602 8.32739e-08 0 0 8.32739e-08 5.83525e+11 1.17223e+11 3.17686e+10 6.0469e+09 327.018 692904 1.85169e+07 16.3945 0 0 5832 nan 0 0 2.24942 0 5.67342e-10 0 0.00681296 0 1.17223e+11 9.98021e+11
179 119.763 125.407 35.0371 3.15545e-08 0 0 3.15545e-08 6.03944e+11 1.17223e+11 3.17686e+10 6.36455e+09 298.032 685173 1.83449e+07 17.3157 0 0 2314.15 nan 0 0 0.937091 0 2.15554e-10 0 0.00683116 0 1.17223e+11 9.98021e+11
180 125.407 131.318 36.6884 1.14487e-08 0 0 1.14487e-08 6.24692e+11 1.17223e+11 3.17686e+10 6.69696e+09 271.633 677560 1.81743e+07 18.2902 0 0 879.116 nan 0 0 0.373765 0 7.84102e-11 0 0.00684884 0 1.17223e+11 9.98021e+11
181 131.318 137.507 38.4174 3.96918e-09 0 0 3.96918e-09 6.45764e+11 1.17223e+11 3.17686e+10 7.04486e+09 247.6 670079 1.80047e+07 19.3223 0 0 319.073 nan 0 0 0.142439 0 2.72524e-11 0 0.006866 0 1.17223e+11 9.98021e+11
182 137.507 143.987 40.228 1.31209e-09 0 0 1.31209e-09 6.67152e+11 1.17223e+11 3.17686e+10 7.409e+09 225.727 662747 1.7836e+07 20.4164 0 0 110.406 nan 0 0 0.0517542 0 9.03067e-12 0 0.00688266 0 1.17223e+11 9.98021e+11
183 143.987 150.773 42.1239 4.12636e-10 0 0 4.12636e-10 6.88848e+11 1.17223e+11 3.17686e+10 7.79024e+09 205.826 655579 1.7668e+07 21.5777 0 0 36.3388 nan 0 0 0.0178883 0 2.84671e-12 0 0.00689884 0 1.17223e+11 9.98021e+11
184 150.773 157.879 44.1091 1.23166e-10 0 0 1.23166e-10 7.10845e+11 1.17223e+11 3.17686e+10 8.18946e+09 187.724 648591 1.75005e+07 22.812 0 0 11.3502 nan 0 0 0.00586785 0 8.51635e-13 0 0.00691456 0 1.17223e+11 9.98021e+11
185 157.879 165.319 46.1879 3.48063e-11 0 0 3.48063e-11 7.33134e+11 1.17223e+11 3.17686e+10 8.60763e+09 171.261 641798 1.73332e+07 24.1254 0 0 3.356 nan 0 0 0.00182224 0 2.41202e-13 0 0.00692983 0 1.17223e+11 9.98021e+11
186 165.319 173.11 48.3647 9.28865e-12 0 0 9.28865e-12 7.55709e+11 1.17223e+11 3.17686e+10 9.04579e+09 156.294 635213 1.71661e+07 25.5249 0 0 0.936912 nan 0 0 0.000534354 0 6.45065e-14 0 0.00694466 0 1.17223e+11 9.98021e+11
187 173.11 181.269 50.644 2.33452e-12 0 0 2.33452e-12 7.78561e+11 1.17223e+11 3.17686e+10 9.50507e+09 142.687 628851 1.67039e+07 27.4954 0 0 0.246298 nan 0 0 0.000147562 0 1.62461e-14 0 0.00695908 0 1.17223e+11 9.98021e+11
188 181.269 189.812 53.0308 5.51019e-13 0 0 5.51019e-13 8.01683e+11 1.17223e+11 3.17686e+10 9.98669e+09 130.318 622725 1.65717e+07 29.0624 0 0 0.0607964 nan 0 0 3.82664e-05 0 3.84231e-15 0 0.00697309 0 1.17223e+11 9.98021e+11
189 189.812 198.757 55.5301 1.21778e-13 0 0 1.21778e-13 8.25068e+11 1.17223e+11 3.17686e+10 1.0492e+10 119.077 616847 1.64376e+07 30.7385 0 0 0.0140495 nan 0 0 9.29116e-06 0 8.50832e-16 0 0.00698672 0 1.17223e+11 9.98021e+11
190 198.757 208.125 58.1471 2.51224e-14 0 0 2.51224e-14 8.48707e+11 1.17223e+11 3.17686e+10 1.10223e+10 108.86 611231 1.63013e+07 32.5344 0 0 0.00303011 nan 0 0 2.10564e-06 0 1.75856e-16 0 0.00699998 0 1.17223e+11 9.98021e+11
191 208.125 217.933 60.8875 4.82201e-15 0 0 4.82201e-15 8.72593e+11 1.17223e+11 3.17686e+10 1.15793e+10 99.5751 605888 1.61625e+07 34.4617 0 0 0.000607937 nan 0 0 4.43967e-07 0 3.38162e-17 0 0.00701289 0 1.17223e+11 9.98021e+11
192 217.933 228.204 63.757 8.58211e-16 0 0 8.58211e-16 8.96719e+11 1.17223e+11 3.17686e+10 1.21646e+10 91.1361 600831 1.60212e+07 36.5334 0 0 0.000113079 nan 0 0 8.67948e-08 0 6.02932e-18 0 0.00702545 0 1.17223e+11 9.98021e+11
193 228.204 238.959 66.7618 1.41127e-16 0 0 1.41127e-16 9.21077e+11 1.17223e+11 3.17686e+10 1.27801e+10 83.4659 596071 1.58769e+07 38.7648 0 0 1.94303e-05 nan 0 0 1.56771e-08 0 9.9321e-19 0 0.00703768 0 1.17223e+11 9.98021e+11
194 238.959 250.221 69.9082 2.13629e-17 0 0 2.13629e-17 9.45659e+11 1.17223e+11 3.17686e+10 1.34277e+10 76.4935 591619 1.57297e+07 41.1717 0 0 3.07276e-06 nan 0 0 2.60645e-09 0 1.506e-19 0 0.00704961 0 1.17223e+11 9.98021e+11
195 250.221 262.013 73.2029 2.96512e-18 0 0 2.96512e-18 9.7046e+11 1.17223e+11 3.17686e+10 1.41096e+10 70.1548 587485 1.55792e+07 43.773 0 0 4.45482e-07 nan 0 0 3.97328e-10 0 2.09374e-20 0 0.00706123 0 1.17223e+11 9.98021e+11
196 262.013 274.362 76.6528 3.75825e-19 0 0 3.75825e-19 9.9547e+11 1.17223e+11 3.17686e+10 1.41096e+10 0 0 0 0 0 0 5.89665e-08 nan 0 0 5.53081e-11 0 2.65805e-21 0 0.00707258 0 1.17223e+11 9.98021e+11
197 274.362 287.292 80.2654 4.33138e-20 0 0 4.33138e-20 9.98021e+11 1.17223e+11 3.17686e+10 1.41096e+10 0 0 0 0 0 0 7.09562e-09 nan 0 0 7.00018e-12 0 3.0682e-22 0 0.00708365 0 1.17223e+11 9.98021e+11
198 287.292 300.832 84.0482 4.51876e-21 0 0 4.51876e-21 9.98021e+11 1.17223e+11 3.17686e+10 1.41096e+10 0 0 0 0 0 0 7.72744e-10 nan 0 0 8.01982e-13 0 3.20582e-23 0 0.00709446 0 1.17223e+11 9.98021e+11
199 300.832 315.009 88.0092 4.24742e-22 0 0 4.24742e-22 9.98021e+11 1.17223e+11 3.17686e+10 1.41096e+10 0 0 0 0 0 0 7.5805e-11 nan 0 0 8.27783e-14 0 3.0178e-24 0 0.00710503 0 1.17223e+11 9.98021e+11
