9.98021e+11 263.241 127.672 2.57841e+09 0.496385 2.78534e+09 2.48424e+09 1.36439e+08 3.12851e+10 1.29356e+11 3.38622e+06 1.21716e+06 3.39855e+06 1.43087e+08
9.98021e+11 263.241 127.672 3.60534e+10 1.64374 8.72348e+09 3.77442e+09 2.62541e+09 1.61404e+10 1.05172e+11 2.71173e+07 1.01177e+08 5.43698e+08 1.42876e+09
9.98021e+11 263.241 127.672 2.16411e+09 2.37871 3.8734e+10 3.8637e+10 5.92032e+07 3.22067e+10 9.26714e+10 2.34325e+06 5.84786e+06 3.21618e+06 1.16961e+08
9.98021e+11 263.241 127.672 6.64138e+08 2.00207 7.22092e+10 7.21919e+10 8.83571e+06 3.66143e+10 5.62251e+10 509561 2.89143e+06 541119 3.61476e+07
9.98021e+11 263.241 127.672 6.21398e+09 3.38259 3.02563e+10 2.98186e+10 3.17553e+08 2.73027e+10 1.02142e+11 6.2675e+06 1.6577e+07 2.30544e+07 3.20203e+08
9.98021e+11 263.241 127.672 6.93865e+09 1.50248 8.40695e+09 7.56776e+09 4.75643e+08 2.58816e+10 1.24858e+11 7.49569e+06 8.01266e+06 2.3896e+07 3.67361e+08
9.98021e+11 263.241 127.672 8.77096e+09 1.79852 1.0386e+10 9.7234e+09 4.58463e+08 2.46632e+10 1.22129e+11 8.98035e+06 1.14264e+07 3.70721e+07 4.57044e+08
9.98021e+11 263.241 127.672 1.11295e+10 2.40186 1.39135e+10 1.27667e+10 7.63091e+08 2.34168e+10 1.17578e+11 1.07622e+07 1.93919e+07 6.02041e+07 5.62537e+08
9.98021e+11 263.241 127.672 3.85651e+10 1.72664 9.14287e+09 3.8281e+09 2.82636e+09 1.60279e+10 1.02362e+11 2.90538e+07 1.15741e+08 6.21853e+08 1.47822e+09
9.98021e+11 263.241 127.672 8.20177e+09 3.21164 2.60052e+10 2.55973e+10 3.29899e+08 2.5554e+10 1.06088e+11 7.90298e+06 1.87717e+07 3.68804e+07 4.19714e+08
9.98021e+11 263.241 127.672 1.87539e+09 2.4115 4.26297e+10 4.2553e+10 4.53369e+07 3.25789e+10 8.86811e+10 1.9719e+06 5.47739e+06 2.59815e+06 1.01424e+08
9.98021e+11 263.241 127.672 1.80483e+10 2.17362 9.3413e+09 7.6702e+09 1.13768e+09 1.93611e+10 1.19295e+11 1.53531e+07 2.82876e+07 1.49573e+08 8.61506e+08
9.98021e+11 263.241 127.672 1.12033e+10 0.727648 3.29075e+09 1.88602e+09 6.88706e+08 2.29794e+10 1.28574e+11 1.11121e+07 9.58443e+06 5.81653e+07 5.76642e+08
9.98021e+11 263.241 127.672 3.39304e+09 1.34698 1.07176e+10 1.04509e+10 1.56812e+08 3.08262e+10 1.20987e+11 4.24036e+06 3.90919e+06 6.02432e+06 1.85064e+08
9.98021e+11 263.241 127.672 6.39955e+09 1.03759 5.43714e+09 4.6034e+09 4.37999e+08 2.64196e+10 1.27823e+11 7.14065e+06 5.69251e+06 1.97961e+07 3.42349e+08
9.98021e+11 263.241 127.672 8.7588e+09 0.448204 2.32156e+09 1.17636e+09 5.57288e+08 2.46662e+10 1.30289e+11 9.14486e+06 6.14836e+06 3.49623e+07 4.63112e+08
9.98021e+11 263.241 127.672 2.4356e+09 1.15487 1.02648e+10 9.65963e+09 2.85799e+08 3.14756e+10 1.22213e+11 3.13977e+06 3.01203e+06 3.18452e+06 1.3367e+08
9.98021e+11 263.241 127.672 6.38988e+09 1.12311 6.09481e+09 5.34964e+09 4.21585e+08 2.6528e+10 1.27036e+11 7.14339e+06 6.1523e+06 1.95834e+07 3.41576e+08
9.98021e+11 263.241 127.672 4.31175e+09 1.95455 1.83251e+10 1.748e+10 4.15552e+08 2.95839e+10 1.13947e+11 4.95035e+06 7.75978e+06 9.98644e+06 2.31263e+08
9.98021e+11 263.241 127.672 3.27872e+09 2.31192 2.74605e+10 2.64569e+10 4.643e+08 3.09511e+10 1.04678e+11 3.77475e+06 8.12738e+06 6.41203e+06 1.75214e+08
9.98021e+11 263.241 127.672 6.61439e+09 0.338021 1.77977e+09 9.23852e+08 4.23972e+08 2.65068e+10 1.3113e+11 7.33977e+06 3.95724e+06 2.01119e+07 3.56489e+08
9.98021e+11 263.241 127.672 2.86783e+09 1.80985 1.93234e+10 1.91371e+10 1.11264e+08 3.11398e+10 1.12539e+11 3.42698e+06 4.81549e+06 4.70828e+06 1.56044e+08
9.98021e+11 263.241 127.672 1.04369e+10 2.01015 1.00093e+10 9.25577e+09 5.36441e+08 2.35857e+10 1.21943e+11 1.03409e+07 1.39915e+07 5.34943e+07 5.33512e+08
9.98021e+11 263.241 127.672 1.42535e+10 2.65967 1.33303e+10 1.23097e+10 7.87617e+08 2.12228e+10 1.17171e+11 1.27866e+07 2.50178e+07 9.74152e+07 6.99461e+08
9.98021e+11 263.241 127.672 7.23367e+09 2.71412 1.97415e+10 1.88027e+10 5.43852e+08 2.59235e+10 1.13187e+11 7.36414e+06 1.50427e+07 2.81461e+07 3.74706e+08
9.98021e+11 263.241 127.672 1.30077e+10 1.82287 9.13102e+09 8.0213e+09 7.5654e+08 2.20072e+10 1.21836e+11 1.22849e+07 1.79716e+07 7.80896e+07 6.53546e+08
9.98021e+11 263.241 127.672 3.00254e+09 2.76126 4.23293e+10 4.14698e+10 4.23659e+08 3.14486e+10 8.94683e+10 3.06797e+06 9.45475e+06 6.24408e+06 1.59715e+08
9.98021e+11 263.241 127.672 9.12132e+09 3.81294 3.06445e+10 3.02751e+10 3.0272e+08 2.48671e+10 1.01189e+11 8.17957e+06 2.34214e+07 4.8209e+07 4.58617e+08
9.98021e+11 263.241 127.672 6.59613e+09 2.37769 1.78449e+10 1.72127e+10 4.2139e+08 2.6637e+10 1.14921e+11 6.99319e+06 1.24714e+07 2.26591e+07 3.45413e+08
9.98021e+11 263.241 127.672 9.62268e+09 1.27995 5.67877e+09 4.7583e+09 5.45059e+08 2.38224e+10 1.26903e+11 9.78099e+06 9.35179e+06 4.46488e+07 4.99427e+08
9.98021e+11 263.241 127.672 7.30704e+09 2.76871 2.17579e+10 2.12877e+10 3.5824e+08 2.61529e+10 1.10685e+11 7.42703e+06 1.51488e+07 2.84147e+07 3.78853e+08
9.98021e+11 263.241 127.672 9.374e+09 3.60048 2.82016e+10 2.76516e+10 4.47938e+08 2.479e+10 1.0352e+11 8.75403e+06 2.40706e+07 4.8587e+07 4.70661e+08
9.98021e+11 263.241 127.672 7.43964e+09 3.1736 2.58629e+10 2.54496e+10 2.90785e+08 2.5948e+10 1.06612e+11 7.15265e+06 1.66897e+07 3.12944e+07 3.83652e+08
9.98021e+11 263.241 127.672 4.82615e+09 3.3311 3.78935e+10 3.77095e+10 1.37343e+08 2.94519e+10 9.36103e+10 4.83533e+06 1.35675e+07 1.51941e+07 2.52204e+08
9.98021e+11 263.241 127.672 4.46438e+09 0.510541 2.55577e+09 2.00729e+09 2.54809e+08 2.87544e+10 1.30245e+11 5.41976e+06 2.27287e+06 9.77964e+06 2.44089e+08
9.98021e+11 263.241 127.672 5.09644e+09 1.58287 1.09665e+10 1.05611e+10 2.62707e+08 2.8144e+10 1.21739e+11 5.87947e+06 6.3803e+06 1.31093e+07 2.73659e+08
9.98021e+11 263.241 127.672 8.10593e+08 2.11044 6.60329e+10 6.60107e+10 1.15146e+07 3.5631e+10 6.32389e+10 724801 3.1892e+06 711330 4.40379e+07
9.98021e+11 263.241 127.672 2.62916e+09 2.68099 4.12264e+10 4.1114e+10 7.14617e+07 3.16817e+10 9.02386e+10 2.70368e+06 7.50806e+06 4.89685e+06 1.41103e+08
9.98021e+11 263.241 127.672 7.55836e+09 2.28127 1.38321e+10 1.33226e+10 3.66583e+08 2.54177e+10 1.19147e+11 7.81209e+06 1.18773e+07 2.97473e+07 3.93963e+08
9.98021e+11 263.241 127.672 4.59193e+09 0.824751 4.94831e+09 4.38864e+09 2.82767e+08 2.87715e+10 1.27706e+11 5.50921e+06 3.40087e+06 1.02295e+07 2.50175e+08
9.98021e+11 263.241 127.672 2.79495e+09 2.83346 4.05342e+10 4.04278e+10 6.92052e+07 3.14516e+10 9.09893e+10 2.9404e+06 8.1142e+06 5.56452e+06 1.49171e+08
9.98021e+11 263.241 127.672 3.31182e+09 2.47894 2.77513e+10 2.75932e+10 1.02119e+08 3.08315e+10 1.03924e+11 3.76914e+06 7.44793e+06 6.83972e+06 1.77442e+08
9.98021e+11 263.241 127.672 4.5586e+09 1.35577 9.76924e+09 9.12705e+09 3.51604e+08 2.89867e+10 1.22776e+11 5.42195e+06 5.64094e+06 1.03576e+07 2.4608e+08
9.98021e+11 263.241 127.672 9.71957e+09 1.75273 9.36718e+09 8.61964e+09 5.08511e+08 2.39691e+10 1.22902e+11 9.77154e+06 1.21115e+07 4.51808e+07 5.02741e+08
9.98021e+11 263.241 127.672 3.61325e+09 3.06314 4.30629e+10 4.19796e+10 5.00824e+08 3.09669e+10 8.85987e+10 3.63576e+06 1.18721e+07 9.08501e+06 1.90063e+08
9.98021e+11 263.241 127.672 4.02132e+09 3.00356 3.85943e+10 3.84327e+10 1.16395e+08 3.07964e+10 9.23681e+10 4.17324e+06 1.10331e+07 1.06065e+07 2.12447e+08
9.98021e+11 263.241 127.672 2.96537e+09 2.63159 3.39601e+10 3.38284e+10 8.54042e+07 3.12536e+10 9.76125e+10 3.31417e+06 7.63532e+06 5.73766e+06 1.58555e+08
9.98021e+11 263.241 127.672 5.90873e+09 1.75647 1.33354e+10 1.29053e+10 2.90974e+08 2.74644e+10 1.19203e+11 6.46898e+06 8.1995e+06 1.74879e+07 3.15271e+08
9.98021e+11 263.241 127.672 6.75481e+09 3.25495 2.55349e+10 2.52476e+10 2.19897e+08 2.643e+10 1.07122e+11 6.71684e+06 1.55034e+07 2.6642e+07 3.48902e+08
9.98021e+11 263.241 127.672 4.57973e+10 3.55496 1.44253e+10 9.76626e+09 3.40211e+09 1.56909e+10 9.01873e+10 3.57129e+07 1.64852e+08 8.92053e+08 1.56123e+09
9.98021e+11 263.241 127.672 4.08885e+10 3.65073 1.42011e+10 1.05399e+10 2.83287e+09 1.58692e+10 9.51213e+10 3.13587e+07 1.24758e+08 7.28211e+08 1.48833e+09
9.98021e+11 263.241 127.672 1.71818e+10 0.730417 3.92684e+09 1.61403e+09 1.14007e+09 1.99324e+10 1.25011e+11 1.4993e+07 2.12003e+07 1.29288e+08 8.3982e+08
9.98021e+11 263.241 127.672 8.37556e+09 4.03586 3.31957e+10 3.29075e+10 2.36464e+08 2.53408e+10 9.88954e+10 7.44997e+06 2.29123e+07 4.30101e+07 4.21439e+08
9.98021e+11 263.241 127.672 1.59909e+09 2.48467 5.28555e+10 5.27995e+10 3.30131e+07 3.32678e+10 7.80179e+10 1.53109e+06 5.39473e+06 2.15084e+06 8.64298e+07
9.98021e+11 263.241 127.672 5.31937e+09 2.86107 3.23499e+10 3.13082e+10 4.9422e+08 2.88535e+10 9.95573e+10 5.29819e+06 1.3756e+07 1.68608e+07 2.79206e+08
9.98021e+11 263.241 127.672 2.8036e+09 0.882885 6.14175e+09 5.87326e+09 1.39527e+08 3.10945e+10 1.25926e+11 3.61931e+06 2.17783e+06 4.05695e+06 1.54542e+08
9.98021e+11 263.241 127.672 5.74517e+09 0.681337 3.44646e+09 2.62287e+09 3.87995e+08 2.71474e+10 1.29733e+11 6.59852e+06 3.93947e+06 1.5779e+07 3.1031e+08
9.98021e+11 263.241 127.672 2.08261e+09 2.25706 3.79702e+10 3.6994e+10 5.05413e+08 3.23322e+10 9.43524e+10 2.32836e+06 6.49215e+06 2.89928e+06 1.11814e+08
9.98021e+11 263.241 127.672 7.26629e+10 4.51676 2.16554e+10 1.12949e+10 7.02526e+09 1.50241e+10 5.68568e+10 6.09271e+07 5.34528e+08 2.09577e+09 1.48473e+09
9.98021e+11 263.241 127.672 5.2065e+09 2.26867 1.94396e+10 1.91267e+10 2.19612e+08 2.8296e+10 1.12929e+11 5.74087e+06 9.34799e+06 1.45638e+07 2.76664e+08
9.98021e+11 263.241 127.672 2.07097e+10 3.17814 1.52008e+10 1.37186e+10 1.21121e+09 1.86604e+10 1.11409e+11 1.67154e+07 4.38115e+07 1.98487e+08 9.52428e+08
9.98021e+11 263.241 127.672 2.38875e+09 1.29945 1.23645e+10 1.21742e+10 1.05285e+08 3.16018e+10 1.19554e+11 3.04503e+06 2.9931e+06 3.06195e+06 1.3116e+08
9.98021e+11 263.241 127.672 3.61394e+09 2.16548 2.09893e+10 2.06631e+10 1.81263e+08 3.04857e+10 1.10864e+11 4.19237e+06 6.76689e+06 7.6975e+06 1.94377e+08
9.98021e+11 263.241 127.672 1.77919e+09 1.83392 2.52507e+10 2.51362e+10 6.69449e+07 3.25153e+10 1.0631e+11 2.20567e+06 3.61286e+06 1.94115e+06 9.6834e+07
9.98021e+11 263.241 127.672 5.87745e+09 3.21535 3.33758e+10 3.31199e+10 1.98208e+08 2.81065e+10 9.84422e+10 5.81924e+06 1.50539e+07 2.07828e+07 3.05826e+08
9.98021e+11 263.241 127.672 1.54817e+09 2.14198 3.91278e+10 3.9057e+10 3.93038e+07 3.30609e+10 9.20369e+10 1.7289e+06 4.2514e+06 1.71021e+06 8.41358e+07
9.98021e+11 263.241 127.672 3.87246e+09 1.78857 1.42841e+10 1.39555e+10 2.07495e+08 2.9942e+10 1.17876e+11 4.68413e+06 5.81656e+06 8.15805e+06 2.08607e+08
9.98021e+11 263.241 127.672 5.25038e+09 0.381013 1.7626e+09 1.07067e+09 3.24363e+08 2.76476e+10 1.314e+11 6.14072e+06 2.51687e+06 1.33905e+07 2.85485e+08
9.98021e+11 263.241 127.672 6.13111e+08 2.08649 7.86315e+10 7.8618e+10 6.96771e+06 3.69128e+10 4.95428e+10 444052 2.96943e+06 525332 3.31337e+07
9.98021e+11 263.241 127.672 5.11394e+09 2.64321 2.60057e+10 2.53449e+10 3.44836e+08 2.85549e+10 1.06323e+11 5.36187e+06 1.13274e+07 1.49987e+07 2.70307e+08
9.98021e+11 263.241 127.672 1.50604e+10 1.35015 5.48799e+09 4.03603e+09 8.20282e+08 2.05469e+10 1.24933e+11 1.33815e+07 1.63717e+07 1.06547e+08 7.44089e+08
9.98021e+11 263.241 127.672 6.48782e+09 3.21411 3.30104e+10 3.20945e+10 5.31932e+08 2.75707e+10 9.89559e+10 6.32907e+06 1.84361e+07 2.46809e+07 3.339e+08
9.98021e+11 263.241 127.672 6.07973e+09 1.19861 7.45555e+09 6.65797e+09 4.46387e+08 2.71004e+10 1.25432e+11 6.81788e+06 6.61655e+06 1.76553e+07 3.25669e+08
9.98021e+11 263.241 127.672 4.82281e+10 1.16565 9.03784e+09 1.886e+09 3.5902e+09 1.57758e+10 9.30635e+10 3.53013e+07 1.67489e+08 9.57411e+08 1.6463e+09
9.98021e+11 263.241 127.672 1.17893e+09 2.20798 5.36022e+10 5.35444e+10 3.24176e+07 3.41299e+10 7.68572e+10 1.15097e+06 4.02583e+06 1.2076e+06 6.40638e+07
9.98021e+11 263.241 127.672 2.37106e+09 0.432207 2.45561e+09 2.15885e+09 1.32891e+08 3.15624e+10 1.2962e+11 3.13669e+06 1.08285e+06 2.81348e+06 1.31907e+08
9.98021e+11 263.241 127.672 1.77244e+09 2.78878 6.14425e+10 6.07002e+10 3.0458e+08 3.33501e+10 6.96647e+10 1.68609e+06 7.74289e+06 2.87742e+06 9.31763e+07
9.98021e+11 263.241 127.672 1.5227e+09 2.51961 5.63261e+10 5.62755e+10 3.0136e+07 3.35998e+10 7.42788e+10 1.48566e+06 5.36102e+06 2.01303e+06 8.19745e+07
9.98021e+11 263.241 127.672 2.91533e+09 0.795664 5.42873e+09 5.12385e+09 1.55328e+08 3.10484e+10 1.26582e+11 3.75212e+06 2.11741e+06 4.26613e+06 1.60833e+08
9.98021e+11 263.241 127.672 1.00089e+10 3.21218 2.07401e+10 2.0252e+10 3.96719e+08 2.39518e+10 1.11177e+11 9.4161e+06 2.06202e+07 5.33264e+07 5.04851e+08
9.98021e+11 263.241 127.672 4.30685e+09 2.03281 1.91646e+10 1.88531e+10 2.12075e+08 2.97982e+10 1.1263e+11 4.97982e+06 7.57238e+06 9.96202e+06 2.3084e+08
9.98021e+11 263.241 127.672 3.47093e+09 0.0956267 5.48657e+08 1.33504e+08 3.4327e+08 3.09947e+10 1.3102e+11 5.04805e+06 2.87015e+06 5.86521e+06 1.87528e+08
9.98021e+11 263.241 127.672 3.22418e+10 2.88669 1.07947e+10 8.03905e+09 1.99927e+09 1.62582e+10 1.06776e+11 2.41423e+07 7.0621e+07 4.66483e+08 1.31421e+09
9.98021e+11 263.241 127.672 1.54443e+09 1.06157 1.24298e+10 1.22942e+10 6.72485e+07 3.27257e+10 1.19219e+11 2.00725e+06 1.74402e+06 1.33026e+06 8.57713e+07
9.98021e+11 263.241 127.672 4.26902e+09 0.33439 1.64102e+09 1.09808e+09 2.58435e+08 2.9248e+10 1.30866e+11 5.26059e+06 1.98055e+06 8.737e+06 2.34156e+08
9.98021e+11 263.241 127.672 3.12019e+09 2.63178 3.79716e+10 3.78346e+10 9.15668e+07 3.12724e+10 9.34182e+10 3.21616e+06 8.2279e+06 6.46127e+06 1.67362e+08
9.98021e+11 263.241 127.672 4.27313e+09 2.97345 4.22367e+10 4.18427e+10 2.21167e+08 3.07825e+10 8.85689e+10 4.00662e+06 1.21089e+07 1.23683e+07 2.26116e+08
9.98021e+11 263.241 127.672 3.96369e+09 3.44747 4.36741e+10 4.35426e+10 9.52292e+07 3.07039e+10 8.74155e+10 4.00782e+06 1.24537e+07 1.13001e+07 2.0724e+08
9.98021e+11 263.241 127.672 1.05138e+10 1.56321 7.28754e+09 6.36752e+09 5.93482e+08 2.3504e+10 1.247e+11 1.05436e+07 1.20447e+07 5.28162e+07 5.4007e+08
9.98021e+11 263.241 127.672 7.21866e+09 1.97898 1.46287e+10 1.36581e+10 5.40058e+08 2.61514e+10 1.18056e+11 7.49809e+06 1.14436e+07 2.59928e+07 3.79755e+08
9.98021e+11 263.241 127.672 3.8568e+10 4.4607 1.69689e+10 1.42934e+10 2.34423e+09 1.59843e+10 9.45151e+10 2.87117e+07 1.09953e+08 6.75799e+08 1.42549e+09
9.98021e+11 263.241 127.672 8.50009e+09 0.126245 9.16782e+08 1.3978e+08 5.57522e+08 2.52345e+10 1.31389e+11 8.86733e+06 6.96506e+06 3.25461e+07 4.49987e+08
9.98021e+11 263.241 127.672 2.11583e+09 2.55353 4.79298e+10 4.69333e+10 5.14623e+08 3.25043e+10 8.40617e+10 2.1599e+06 7.62325e+06 3.34499e+06 1.12914e+08
9.98021e+11 263.241 127.672 2.26324e+09 2.71865 5.34773e+10 5.33861e+10 5.77731e+07 3.2475e+10 7.7535e+10 2.03006e+06 7.47081e+06 4.14174e+06 1.21746e+08
9.98021e+11 263.241 127.672 6.70007e+10 0.988326 1.09104e+10 1.20983e+09 5.13559e+09 1.54477e+10 7.27655e+10 4.81884e+07 2.94959e+08 1.83307e+09 1.71186e+09
9.98021e+11 263.241 127.672 3.14738e+09 0.663382 3.93741e+09 3.57523e+09 1.76296e+08 3.08321e+10 1.28081e+11 4.0584e+06 1.94027e+06 4.92925e+06 1.73522e+08
9.98021e+11 263.241 127.672 1.12096e+10 1.43741 7.15934e+09 5.90772e+09 7.36559e+08 2.31852e+10 1.24483e+11 1.10899e+07 1.32316e+07 5.818e+07 5.74232e+08
9.98021e+11 263.241 127.672 4.06822e+09 0.173696 7.92174e+08 3.65542e+08 2.4468e+08 2.95257e+10 1.31647e+11 5.06149e+06 1.78315e+06 8.20737e+06 2.23108e+08
9.98021e+11 263.241 127.672 8.44805e+08 1.98942 5.60002e+10 5.59712e+10 1.44929e+07 3.51237e+10 7.37615e+10 853564 2.88668e+06 678996 4.60611e+07
9.98021e+11 263.241 127.672 5.748e+09 2.7474 2.27225e+10 2.21226e+10 3.20433e+08 2.73645e+10 1.10148e+11 5.92811e+06 1.19735e+07 1.90012e+07 3.01869e+08
9.98021e+11 263.241 127.672 9.24422e+09 0.203635 1.24192e+09 2.83688e+08 5.77184e+08 2.43635e+10 1.31196e+11 9.48336e+06 5.83176e+06 3.91508e+07 4.87104e+08
9.98021e+11 263.241 127.672 9.75961e+09 4.13009 3.26913e+10 3.16955e+10 5.91164e+08 2.44763e+10 9.90431e+10 8.53842e+06 2.76994e+07 5.6317e+07 4.83596e+08
9.98021e+11 263.241 127.672 9.37739e+08 2.06543 5.49807e+10 5.4949e+10 1.61826e+07 3.47801e+10 7.50342e+10 930483 3.23648e+06 803124 5.10785e+07
9.98021e+11 263.241 127.672 4.97919e+09 2.39346 2.51914e+10 2.45587e+10 3.4067e+08 2.90083e+10 1.06807e+11 5.23835e+06 1.03692e+07 1.39108e+07 2.64812e+08
9.98021e+11 263.241 127.672 9.00671e+08 2.18848 6.39081e+10 6.3882e+10 1.3751e+07 3.52177e+10 6.56928e+10 807531 3.55435e+06 844628 4.88332e+07
9.98021e+11 263.241 127.672 1.78182e+09 2.43257 4.48936e+10 4.48212e+10 4.29131e+07 3.28542e+10 8.62258e+10 1.91825e+06 5.40378e+06 2.36768e+06 9.60418e+07
9.98021e+11 263.241 127.672 4.74831e+08 1.8477 7.98395e+10 7.98284e+10 5.3864e+06 3.72224e+10 4.81578e+10 347779 2.28476e+06 329394 2.57556e+07
9.98021e+11 263.241 127.672 3.18549e+09 2.43201 3.12071e+10 3.08511e+10 2.16006e+08 3.1181e+10 1.00394e+11 3.61083e+06 7.97317e+06 6.16713e+06 1.70081e+08
9.98021e+11 263.241 127.672 2.83095e+10 0.286682 3.10091e+09 2.69957e+08 1.85227e+09 1.70637e+10 1.17581e+11 2.07778e+07 3.67485e+07 3.40679e+08 1.25823e+09
9.98021e+11 263.241 127.672 2.50806e+09 0.841333 5.8072e+09 5.57001e+09 1.19782e+08 3.1355e+10 1.26297e+11 3.27292e+06 1.87743e+06 3.29896e+06 1.38548e+08
9.98021e+11 263.241 127.672 2.02712e+10 3.32448 1.45458e+10 1.33964e+10 9.68048e+08 1.86274e+10 1.12515e+11 1.59761e+07 3.89634e+07 1.9774e+08 9.32523e+08
9.98021e+11 263.241 127.672 6.40787e+09 0.312713 1.56363e+09 7.31388e+08 4.15029e+08 2.65499e+10 1.31531e+11 7.18367e+06 3.53051e+06 1.91385e+07 3.45618e+08
9.98021e+11 263.241 127.672 4.27236e+10 1.13547 8.26358e+09 1.96165e+09 3.1562e+09 1.59418e+10 9.91673e+10 3.13334e+07 1.32391e+08 7.53292e+08 1.57262e+09
9.98021e+11 263.241 127.672 4.17309e+09 2.68536 3.12535e+10 3.10553e+10 1.37728e+08 3.02482e+10 1.00137e+11 4.39572e+06 9.83298e+06 1.06681e+07 2.22184e+08
9.98021e+11 263.241 127.672 2.29429e+10 0.412395 3.00342e+09 5.20166e+08 1.38532e+09 1.80634e+10 1.22047e+11 1.7799e+07 2.51616e+07 2.33949e+08 1.06441e+09
9.98021e+11 263.241 127.672 7.74424e+09 4.13278 3.45616e+10 3.42985e+10 2.17163e+08 2.58806e+10 9.76188e+10 7.10557e+06 2.22735e+07 3.77337e+07 3.89956e+08
9.98021e+11 263.241 127.672 4.49506e+09 1.41621 1.07972e+10 1.04364e+10 2.2318e+08 2.915e+10 1.21483e+11 5.29223e+06 5.25563e+06 1.01662e+07 2.43378e+08
9.98021e+11 263.241 127.672 1.60067e+10 3.32909 1.94577e+10 1.84564e+10 8.28654e+08 2.07484e+10 1.09708e+11 1.35085e+07 3.44859e+07 1.24895e+08 7.66848e+08
9.98021e+11 263.241 127.672 4.21094e+09 3.07841 4.34485e+10 4.22303e+10 5.28401e+08 3.07826e+10 8.77191e+10 4.08881e+06 1.38854e+07 1.20207e+07 2.20285e+08
9.98021e+11 263.241 127.672 4.03584e+09 2.37615 2.5222e+10 2.50019e+10 1.49723e+08 3.03578e+10 1.06216e+11 4.57162e+06 8.36201e+06 9.36496e+06 2.15675e+08
9.98021e+11 263.241 127.672 1.12524e+09 2.2105 5.43935e+10 5.4354e+10 2.13479e+07 3.43655e+10 7.58462e+10 1.14682e+06 3.7722e+06 1.11855e+06 6.10529e+07
9.98021e+11 263.241 127.672 5.22301e+09 2.1026 1.87296e+10 1.83895e+10 2.29114e+08 2.83258e+10 1.13601e+11 5.66575e+06 8.77996e+06 1.44946e+07 2.78863e+08
9.98021e+11 263.241 127.672 3.63091e+09 1.84894 1.7672e+10 1.74274e+10 1.56834e+08 3.07934e+10 1.13782e+11 4.37265e+06 5.91938e+06 7.13427e+06 1.96103e+08
9.98021e+11 263.241 127.672 1.17056e+09 2.07514 4.42483e+10 4.41972e+10 2.66345e+07 3.40359e+10 8.62982e+10 1.36188e+06 3.35023e+06 1.08436e+06 6.33574e+07
9.98021e+11 263.241 127.672 4.38349e+10 0.17999 3.34476e+09 9.68253e+07 2.85244e+09 1.61452e+10 1.02734e+11 2.96242e+07 6.69868e+07 8.03499e+08 1.66333e+09
9.98021e+11 263.241 127.672 5.09388e+08 1.92983 8.19885e+10 8.19773e+10 5.67798e+06 3.72045e+10 4.59904e+10 356754 2.51814e+06 390394 2.75761e+07
9.98021e+11 263.241 127.672 1.18489e+09 1.79391 3.35899e+10 3.35262e+10 3.20626e+07 3.3745e+10 9.72697e+10 1.44913e+06 2.80156e+06 980846 6.47494e+07
9.98021e+11 263.241 127.672 4.12595e+09 2.63376 3.13805e+10 3.11818e+10 1.39447e+08 3.05683e+10 9.97301e+10 4.42753e+06 9.69154e+06 1.03227e+07 2.19676e+08
9.98021e+11 263.241 127.672 9.02533e+09 0.692279 3.54094e+09 2.36754e+09 5.74669e+08 2.45918e+10 1.28864e+11 9.35235e+06 7.69639e+06 3.70829e+07 4.7516e+08
9.98021e+11 263.241 127.672 7.81346e+09 1.5869 8.55755e+09 7.87533e+09 4.45955e+08 2.52113e+10 1.24416e+11 8.2755e+06 9.22372e+06 2.97364e+07 4.10612e+08
9.98021e+11 263.241 127.672 1.64231e+09 2.69914 6.22171e+10 6.21685e+10 3.04413e+07 3.37375e+10 6.81182e+10 1.45839e+06 6.20832e+06 2.51821e+06 8.80539e+07
9.98021e+11 263.241 127.672 4.2176e+09 0.147658 7.5931e+08 2.95128e+08 2.83841e+08 2.96644e+10 1.31392e+11 5.24543e+06 2.483e+06 8.39367e+06 2.30863e+08
9.98021e+11 263.241 127.672 6.86235e+09 0.557733 2.88624e+09 1.97174e+09 4.38747e+08 2.63092e+10 1.29965e+11 7.55029e+06 4.86761e+06 2.16927e+07 3.68423e+08
9.98021e+11 263.241 127.672 3.59319e+09 2.9011 4.04135e+10 4.02671e+10 1.03018e+08 3.10351e+10 9.07287e+10 3.71527e+06 1.00247e+07 8.62512e+06 1.90653e+08
9.98021e+11 263.241 127.672 2.43123e+09 2.82146 5.081e+10 5.07254e+10 5.58854e+07 3.21921e+10 8.03087e+10 2.33559e+06 7.8933e+06 4.60439e+06 1.30108e+08
9.98021e+11 263.241 127.672 7.58611e+08 2.19681 7.63459e+10 7.6328e+10 9.78932e+06 3.64205e+10 5.21825e+10 540542 3.48879e+06 742279 4.11055e+07
9.98021e+11 263.241 127.672 2.75945e+09 2.82948 4.39059e+10 4.37999e+10 7.03312e+07 3.16696e+10 8.74248e+10 2.84909e+06 8.26524e+06 5.46163e+06 1.47254e+08
9.98021e+11 263.241 127.672 3.8785e+09 3.12767 3.77795e+10 3.76331e+10 1.0289e+08 3.06742e+10 9.3444e+10 4.04835e+06 1.0906e+07 1.01917e+07 2.04624e+08
9.98021e+11 263.241 127.672 3.68288e+09 3.35718 4.37185e+10 4.3593e+10 8.62456e+07 3.07731e+10 8.75903e+10 3.60868e+06 1.15286e+07 1.00402e+07 1.9367e+08
9.98021e+11 263.241 127.672 6.67415e+09 0.0465023 5.17681e+08 1.52869e+07 8.35648e+08 3.08994e+10 1.27866e+11 9.30924e+06 1.38438e+07 2.08241e+07 3.38505e+08
9.98021e+11 263.241 127.672 2.80061e+10 4.62127 2.02322e+10 1.83869e+10 1.59795e+09 1.67815e+10 1.00979e+11 2.01093e+07 7.39797e+07 3.75174e+08 1.16556e+09
9.98021e+11 263.241 127.672 8.15383e+09 3.59537 2.71554e+10 2.68244e+10 2.66934e+08 2.53268e+10 1.052e+11 7.71352e+06 1.97581e+07 3.85364e+07 4.14258e+08
9.98021e+11 263.241 127.672 1.10086e+09 2.41741 7.03352e+10 7.03066e+10 1.65771e+07 3.5084e+10 5.91932e+10 812278 4.63448e+06 1.36321e+06 5.96105e+07
9.98021e+11 263.241 127.672 2.11251e+09 2.80222 5.2062e+10 5.19916e+10 4.47977e+07 3.25067e+10 7.90567e+10 2.07414e+06 7.13861e+06 3.62357e+06 1.13023e+08
9.98021e+11 263.241 127.672 3.33265e+09 3.09786 4.76029e+10 4.74834e+10 8.50064e+07 3.13784e+10 8.3435e+10 3.30721e+06 1.04309e+07 8.08254e+06 1.76096e+08
9.98021e+11 263.241 127.672 8.38755e+09 0.978906 4.64559e+09 3.7275e+09 4.91646e+08 2.47712e+10 1.28207e+11 8.85987e+06 7.29684e+06 3.3021e+07 4.42048e+08
9.98021e+11 263.241 127.672 1.76821e+09 0.710568 5.87527e+09 5.69837e+09 8.29567e+07 3.22873e+10 1.26034e+11 2.35561e+06 1.20454e+06 1.66605e+06 9.85252e+07
9.98021e+11 263.241 127.672 2.31669e+09 2.93815 5.4205e+10 5.41307e+10 4.90353e+07 3.23831e+10 7.6828e+10 2.2059e+06 8.02091e+06 4.41882e+06 1.23487e+08
9.98021e+11 263.241 127.672 8.67033e+08 2.24065 7.03578e+10 7.0335e+10 1.24198e+07 3.57414e+10 5.87478e+10 660589 3.72365e+06 865694 4.70502e+07
9.98021e+11 263.241 127.672 6.28353e+09 0.43477 2.14734e+09 1.276e+09 4.15722e+08 2.67151e+10 1.30905e+11 7.08515e+06 3.85911e+06 1.83468e+07 3.38968e+08
9.98021e+11 263.241 127.672 4.43789e+09 3.25021 4.36427e+10 4.34854e+10 1.17986e+08 3.05635e+10 8.71244e+10 4.14326e+06 1.30773e+07 1.36639e+07 2.3337e+08
9.98021e+11 263.241 127.672 6.18416e+10 3.82734 1.7283e+10 9.23292e+09 5.35135e+09 1.52562e+10 7.17957e+10 5.01945e+07 3.46696e+08 1.56354e+09 1.60446e+09
9.98021e+11 263.241 127.672 4.10242e+09 0.524762 2.72961e+09 2.10501e+09 2.81625e+08 2.93986e+10 1.29856e+11 5.09635e+06 2.29018e+06 8.24425e+06 2.24723e+08
9.98021e+11 263.241 127.672 2.23809e+09 2.99494 5.32189e+10 5.31493e+10 4.49897e+07 3.2383e+10 7.78915e+10 2.26203e+06 7.85266e+06 4.138e+06 1.18647e+08
9.98021e+11 263.241 127.672 1.06404e+09 2.39832 6.5936e+10 6.59072e+10 1.61318e+07 3.49958e+10 6.3712e+10 966092 4.19595e+06 1.18915e+06 5.73186e+07
9.98021e+11 263.241 127.672 1.44947e+10 0.0615271 7.48056e+08 2.16623e+07 8.84465e+08 2.31526e+10 1.27621e+11 1.28706e+07 2.27301e+07 9.24786e+07 7.20033e+08
9.98021e+11 263.241 127.672 5.98608e+09 2.51081 2.25681e+10 2.21383e+10 3.13414e+08 2.76775e+10 1.09676e+11 6.32044e+06 1.22648e+07 1.92886e+07 3.14628e+08
9.98021e+11 263.241 127.672 1.65597e+09 2.72225 5.71124e+10 5.70642e+10 2.90533e+07 3.32089e+10 7.37498e+10 1.57256e+06 6.08022e+06 2.47808e+06 8.87632e+07
9.98021e+11 263.241 127.672 2.84896e+09 1.0523 8.36625e+09 8.11384e+09 1.37436e+08 3.10821e+10 1.23648e+11 3.6181e+06 2.65185e+06 4.22619e+06 1.56769e+08
9.98021e+11 263.241 127.672 3.37148e+09 1.08796 7.83128e+09 7.54305e+09 1.60165e+08 3.07883e+10 1.2396e+11 4.26388e+06 3.02898e+06 5.95491e+06 1.84626e+08
9.98021e+11 263.241 127.672 2.54671e+10 1.71899 7.24841e+09 4.39681e+09 1.63763e+09 1.71858e+10 1.16166e+11 1.99096e+07 4.64556e+07 2.86226e+08 1.13216e+09
9.98021e+11 263.241 127.672 1.90437e+09 1.80923 2.48983e+10 2.47834e+10 6.41477e+07 3.23192e+10 1.06709e+11 2.30848e+06 3.8276e+06 2.20154e+06 1.03989e+08
9.98021e+11 263.241 127.672 1.4155e+10 1.88242 8.13276e+09 6.83781e+09 8.37425e+08 2.10275e+10 1.2273e+11 1.27902e+07 1.82001e+07 9.52704e+07 7.01679e+08
9.98021e+11 263.241 127.672 5.51794e+09 3.39709 3.46976e+10 3.4485e+10 1.61368e+08 2.8265e+10 9.73147e+10 5.44625e+06 1.48636e+07 1.91722e+07 2.86873e+08
9.98021e+11 263.241 127.672 1.48208e+09 2.23589 4.27426e+10 4.26813e+10 3.39161e+07 3.32035e+10 8.83343e+10 1.61451e+06 4.37565e+06 1.657e+06 8.03797e+07
9.98021e+11 263.241 127.672 2.48803e+09 0.114788 6.12123e+08 2.47952e+08 2.74344e+08 3.16411e+10 1.31288e+11 4.07806e+06 1.67613e+06 3.19746e+06 1.34417e+08
9.98021e+11 263.241 127.672 8.86021e+09 0.668423 2.94182e+09 1.86787e+09 5.14498e+08 2.42911e+10 1.29959e+11 9.14092e+06 5.96053e+06 3.77537e+07 4.65882e+08
9.98021e+11 263.241 127.672 3.07085e+09 3.03373 4.91596e+10 4.90541e+10 7.34386e+07 3.15161e+10 8.20015e+10 2.88538e+06 9.79758e+06 7.13601e+06 1.63274e+08
9.98021e+11 263.241 127.672 5.17629e+09 0.539126 2.81763e+09 2.1509e+09 3.14206e+08 2.80237e+10 1.29993e+11 6.08387e+06 3.12353e+06 1.26283e+07 2.81639e+08
9.98021e+11 263.241 127.672 6.82619e+10 1.88329 1.49208e+10 3.33214e+09 5.8845e+09 1.52937e+10 6.76773e+10 5.21248e+07 4.1157e+08 1.84483e+09 1.64179e+09
9.98021e+11 263.241 127.672 4.50598e+09 1.56923 1.06536e+10 1.03429e+10 1.92941e+08 2.86966e+10 1.2207e+11 5.28247e+06 5.34359e+06 1.07561e+07 2.43048e+08
9.98021e+11 263.241 127.672 2.46666e+10 2.23094 8.53978e+09 6.43879e+09 1.41814e+09 1.73035e+10 1.15531e+11 1.91577e+07 4.20405e+07 2.76701e+08 1.10004e+09
9.98021e+11 263.241 127.672 1.22017e+09 2.46398 6.26405e+10 6.26061e+10 1.96437e+07 3.43027e+10 6.75571e+10 1.07476e+06 4.75037e+06 1.48492e+06 6.58596e+07
9.98021e+11 263.241 127.672 4.4344e+10 1.28963 8.65192e+09 2.22926e+09 3.21636e+09 1.5866e+10 9.72441e+10 3.26981e+07 1.4208e+08 8.21009e+08 1.58414e+09
9.98021e+11 263.241 127.672 5.11583e+09 0.884983 4.68994e+09 4.172e+09 2.68287e+08 2.77411e+10 1.28454e+11 5.94919e+06 3.54674e+06 1.3121e+07 2.77228e+08
9.98021e+11 263.241 127.672 2.36034e+09 1.50807 1.58078e+10 1.56358e+10 9.53926e+07 3.15711e+10 1.1616e+11 2.91728e+06 3.41343e+06 3.18162e+06 1.29433e+08
9.98021e+11 263.241 127.672 6.49198e+09 0.960657 5.23415e+09 4.52903e+09 3.85255e+08 2.65654e+10 1.27704e+11 7.22845e+06 5.57005e+06 1.98422e+07 3.48032e+08
9.98021e+11 263.241 127.672 1.64944e+09 0.5471 4.40075e+09 4.10451e+09 1.42999e+08 3.24912e+10 1.27686e+11 2.22974e+06 1.02265e+06 1.42522e+06 9.20868e+07
9.98021e+11 263.241 127.672 1.39894e+09 1.53844 2.22368e+10 2.21452e+10 4.8859e+07 3.31375e+10 1.09068e+11 1.79594e+06 2.42291e+06 1.19246e+06 7.67473e+07
9.98021e+11 263.241 127.672 2.12721e+10 3.97256 2.11617e+10 1.94603e+10 1.3701e+09 1.87228e+10 1.04835e+11 1.66405e+07 5.47295e+07 2.16803e+08 9.58116e+08
9.98021e+11 263.241 127.672 4.03329e+09 1.32899 9.65794e+09 9.20355e+09 2.66169e+08 2.97689e+10 1.22572e+11 4.94578e+06 4.73985e+06 8.24303e+06 2.18616e+08
9.98021e+11 263.241 127.672 3.81324e+10 0.260986 3.76836e+09 2.10249e+08 2.55263e+09 1.62688e+10 1.0789e+11 2.63851e+07 6.17164e+07 6.05284e+08 1.53857e+09
9.98021e+11 263.241 127.672 2.59558e+09 2.09282 2.47294e+10 2.459e+10 8.3484e+07 3.14171e+10 1.07091e+11 3.05151e+06 5.29647e+06 4.13208e+06 1.40657e+08
9.98021e+11 263.241 127.672 1.06714e+10 2.89666 1.88823e+10 1.77221e+10 7.31812e+08 2.36788e+10 1.12804e+11 1.00521e+07 2.15249e+07 5.7855e+07 5.37805e+08
9.98021e+11 263.241 127.672 3.74519e+10 2.69879 1.07326e+10 6.88497e+09 2.55093e+09 1.60148e+10 1.01898e+11 2.85053e+07 1.00383e+08 6.10953e+08 1.43563e+09
9.98021e+11 263.241 127.672 2.02088e+10 0.943475 4.56124e+09 1.99923e+09 1.2753e+09 1.86763e+10 1.22619e+11 1.66432e+07 2.70519e+07 1.8215e+08 9.54659e+08
9.98021e+11 263.241 127.672 1.25767e+09 1.9386 3.66246e+10 3.65638e+10 3.13843e+07 3.35861e+10 9.431e+10 1.47976e+06 3.19157e+06 1.12795e+06 6.86418e+07
9.98021e+11 263.241 127.672 2.84261e+09 2.45834 3.3719e+10 3.35848e+10 8.63472e+07 3.14091e+10 9.7824e+10 3.11913e+06 7.03301e+06 5.18852e+06 1.5295e+08
9.98021e+11 263.241 127.672 1.96005e+09 2.57921 4.36958e+10 4.36227e+10 4.36677e+07 3.24347e+10 8.76683e+10 2.08688e+06 5.98691e+06 2.9073e+06 1.05395e+08
9.98021e+11 263.241 127.672 2.12749e+10 0.245375 2.42428e+09 2.57144e+08 1.41635e+09 1.88037e+10 1.23546e+11 1.70865e+07 2.34734e+07 1.94064e+08 1.01188e+09
9.98021e+11 263.241 127.672 2.34133e+10 0.605816 3.88173e+09 9.48774e+08 1.50231e+09 1.79039e+10 1.20864e+11 1.83693e+07 3.19099e+07 2.39274e+08 1.07877e+09
9.98021e+11 263.241 127.672 3.92134e+09 3.4481 4.53796e+10 4.52061e+10 1.31411e+08 3.08078e+10 8.56821e+10 3.97608e+06 1.2704e+07 1.10709e+07 2.04424e+08
9.98021e+11 263.241 127.672 4.14099e+09 3.33399 4.40154e+10 4.38705e+10 1.07128e+08 3.07814e+10 8.68174e+10 4.10835e+06 1.26325e+07 1.20167e+07 2.1704e+08
9.98021e+11 263.241 127.672 3.45221e+09 0.230138 1.07369e+09 6.64058e+08 2.07358e+08 3.06504e+10 1.30861e+11 4.45731e+06 1.35231e+06 5.95259e+06 1.90421e+08
9.98021e+11 263.241 127.672 2.75257e+09 0.248008 1.16713e+09 8.24127e+08 1.68651e+08 3.11903e+10 1.30916e+11 3.64018e+06 1.05414e+06 3.79473e+06 1.5265e+08
9.98021e+11 263.241 127.672 5.38629e+09 2.80023 2.93904e+10 2.91322e+10 1.89389e+08 2.85059e+10 1.02536e+11 5.42641e+06 1.22475e+07 1.69441e+07 2.84036e+08
9.98021e+11 263.241 127.672 1.54492e+09 2.4643 5.00643e+10 5.00095e+10 3.16475e+07 3.32652e+10 8.08674e+10 1.60167e+06 5.1127e+06 1.94968e+06 8.32689e+07
9.98021e+11 263.241 127.672 2.26836e+09 2.23968 3.19556e+10 3.1841e+10 6.89929e+07 3.19739e+10 9.96017e+10 2.61785e+06 5.4748e+06 3.29172e+06 1.22607e+08
9.98021e+11 263.241 127.672 3.20794e+09 2.80687 3.39571e+10 3.38264e+10 8.55864e+07 3.09754e+10 9.76504e+10 3.55347e+06 8.44278e+06 6.87379e+06 1.70735e+08
9.98021e+11 263.241 127.672 2.41212e+09 2.80385 4.48818e+10 4.47937e+10 5.62329e+07 3.19525e+10 8.65099e+10 2.50658e+06 7.47051e+06 4.34702e+06 1.2892e+08
9.98021e+11 263.241 127.672 4.48661e+10 2.02231 1.09256e+10 4.50821e+09 3.49631e+09 1.57888e+10 9.45344e+10 3.4187e+07 1.66074e+08 8.29992e+08 1.57698e+09
9.98021e+11 263.241 127.672 2.36214e+09 2.43872 3.52275e+10 3.51189e+10 6.67861e+07 3.19061e+10 9.62901e+10 2.68351e+06 6.17409e+06 3.69834e+06 1.2699e+08
9.98021e+11 263.241 127.672 2.20044e+09 2.00407 2.66414e+10 2.65121e+10 7.72859e+07 3.20158e+10 1.04972e+11 2.65173e+06 4.71264e+06 2.92215e+06 1.19206e+08
9.98021e+11 263.241 127.672 1.04932e+10 0.0338059 8.56056e+08 3.16478e+06 3.20066e+09 6.38652e+10 8.95079e+10 1.87682e+07 3.46743e+07 7.04708e+07 4.39386e+08
9.98021e+11 263.241 127.672 7.55164e+09 3.48937 3.4677e+10 3.40391e+10 3.82011e+08 2.65121e+10 9.71428e+10 6.80166e+06 2.01191e+07 3.40061e+07 3.86519e+08
9.98021e+11 263.241 127.672 2.32884e+09 1.84061 2.22641e+10 2.21206e+10 8.24172e+07 3.16871e+10 1.09573e+11 2.77932e+06 4.31227e+06 3.25087e+06 1.27041e+08
9.98021e+11 263.241 127.672 6.48303e+09 1.09105 6.15983e+09 5.27237e+09 4.64317e+08 2.64856e+10 1.26949e+11 7.19711e+06 6.18728e+06 2.00443e+07 3.46738e+08
9.98021e+11 263.241 127.672 1.47404e+10 0.778102 3.8245e+09 1.92417e+09 9.35607e+08 2.09531e+10 1.26524e+11 1.3475e+07 1.60904e+07 9.69136e+07 7.35892e+08
9.98021e+11 263.241 127.672 3.24092e+09 3.07217 3.96806e+10 3.94036e+10 1.78272e+08 3.10928e+10 9.1899e+10 3.54116e+06 9.9413e+06 7.31853e+06 1.70497e+08
9.98021e+11 263.241 127.672 2.31077e+09 0.636989 4.25066e+09 3.99569e+09 1.20113e+08 3.1597e+10 1.27828e+11 3.04682e+06 1.38467e+06 2.73812e+06 1.28289e+08
9.98021e+11 263.241 127.672 9.169e+09 1.35928 7.4252e+09 6.56621e+09 5.36027e+08 2.44887e+10 1.24899e+11 9.40477e+06 1.02536e+07 3.92147e+07 4.78969e+08
9.98021e+11 263.241 127.672 1.4696e+10 0.0762314 9.37021e+08 3.77347e+07 9.58653e+08 2.22295e+10 1.28167e+11 1.32273e+07 1.96111e+07 9.40269e+07 7.33625e+08
9.98021e+11 263.241 127.672 3.2753e+09 3.10962 4.30388e+10 4.29102e+10 9.11063e+07 3.11979e+10 8.82586e+10 3.46487e+06 1.00079e+07 7.59313e+06 1.72684e+08
9.98021e+11 263.241 127.672 1.48012e+09 1.57894 2.34334e+10 2.33411e+10 4.72936e+07 3.29237e+10 1.07999e+11 1.82107e+06 2.73287e+06 1.35824e+06 8.14571e+07
9.98021e+11 263.241 127.672 4.28071e+10 4.43276 1.81454e+10 1.4575e+10 3.02988e+09 1.58218e+10 8.92786e+10 3.26442e+07 1.45766e+08 8.02188e+08 1.5045e+09
9.98021e+11 263.241 127.672 8.21593e+10 2.35242 1.92619e+10 4.26065e+09 7.72431e+09 1.5061e+10 4.97091e+10 6.4873e+07 6.59318e+08 2.60948e+09 1.40099e+09
9.98021e+11 263.241 127.672 2.42025e+10 1.94487 8.20112e+09 5.60179e+09 1.60447e+09 1.74984e+10 1.16161e+11 1.92615e+07 4.42949e+07 2.58046e+08 1.09023e+09
9.98021e+11 263.241 127.672 1.9379e+09 1.12733 1.13616e+10 1.12015e+10 8.27914e+07 3.20884e+10 1.2053e+11 2.50003e+06 2.18598e+06 2.06275e+06 1.07145e+08
9.98021e+11 263.241 127.672 8.31113e+10 4.48942 2.46565e+10 1.07976e+10 8.77548e+09 1.48597e+10 4.35939e+10 7.0961e+07 7.68377e+08 2.65197e+09 1.27516e+09
9.98021e+11 263.241 127.672 9.28469e+09 3.15406 2.49223e+10 2.38753e+10 6.77873e+08 2.48787e+10 1.06929e+11 8.80082e+06 2.27255e+07 4.57539e+07 4.69562e+08
9.98021e+11 263.241 127.672 3.37543e+09 1.37491 1.19777e+10 1.17179e+10 1.5427e+08 3.08206e+10 1.19743e+11 4.13979e+06 4.03986e+06 5.96429e+06 1.84361e+08
9.98021e+11 263.241 127.672 6.47183e+09 1.82934 1.20251e+10 1.13695e+10 4.19829e+08 2.65747e+10 1.20952e+11 7.05944e+06 9.43137e+06 2.09223e+07 3.42295e+08
9.98021e+11 263.241 127.672 1.69876e+10 4.31178 2.51363e+10 2.43484e+10 7.24374e+08 2.03393e+10 1.03418e+11 1.35656e+07 4.36301e+07 1.49111e+08 7.91314e+08
9.98021e+11 263.241 127.672 2.80623e+10 2.63804 1.12316e+10 8.64302e+09 1.85618e+09 1.66747e+10 1.10069e+11 2.1601e+07 6.22852e+07 3.43742e+08 1.20851e+09
9.98021e+11 263.241 127.672 5.29844e+09 3.55845 4.12049e+10 4.10199e+10 1.43052e+08 2.89656e+10 9.03057e+10 4.96602e+06 1.56721e+07 1.88158e+07 2.75091e+08
9.98021e+11 263.241 127.672 2.22479e+09 2.08365 2.85424e+10 2.84245e+10 6.92656e+07 3.19067e+10 1.03142e+11 2.57545e+06 4.92171e+06 3.12274e+06 1.20873e+08
9.98021e+11 263.241 127.672 8.54774e+09 0.75597 3.64035e+09 2.49434e+09 5.64928e+08 2.47341e+10 1.2913e+11 9.00821e+06 7.15008e+06 3.37102e+07 4.50878e+08
9.98021e+11 263.241 127.672 1.0096e+10 3.01265 2.12965e+10 2.01964e+10 7.21688e+08 2.41711e+10 1.10462e+11 9.58205e+06 2.26507e+07 5.24199e+07 5.09083e+08
9.98021e+11 263.241 127.672 2.02245e+09 1.27559 1.28544e+10 1.26948e+10 8.47788e+07 3.20315e+10 1.18994e+11 2.61537e+06 2.57104e+06 2.23706e+06 1.11264e+08
9.98021e+11 263.241 127.672 1.22885e+10 2.59852 1.31903e+10 1.22943e+10 6.69461e+08 2.22942e+10 1.18219e+11 1.14274e+07 2.07379e+07 7.4744e+07 6.12911e+08
9.98021e+11 263.241 127.672 5.38005e+09 3.07653 2.81294e+10 2.79016e+10 1.66302e+08 2.80455e+10 1.04267e+11 5.54721e+06 1.27298e+07 1.74349e+07 2.81676e+08
9.98021e+11 263.241 127.672 1.22769e+10 0.91633 4.1963e+09 2.62442e+09 7.87758e+08 2.2268e+10 1.27313e+11 1.18677e+07 1.22186e+07 6.89756e+07 6.25235e+08
9.98021e+11 263.241 127.672 5.97334e+09 1.75581 1.21399e+10 1.16841e+10 3.08377e+08 2.71789e+10 1.20646e+11 6.61364e+06 8.11548e+06 1.7841e+07 3.18092e+08
9.98021e+11 263.241 127.672 7.91544e+09 0.916695 4.19592e+09 3.23145e+09 4.94742e+08 2.49994e+10 1.28952e+11 8.42203e+06 6.37789e+06 3.01211e+07 4.18555e+08
9.98021e+11 263.241 127.672 2.40178e+09 1.45271 1.4697e+10 1.45222e+10 9.80896e+07 3.15651e+10 1.17229e+11 3.00964e+06 3.34757e+06 3.19877e+06 1.31676e+08
9.98021e+11 263.241 127.672 6.77261e+09 0.394347 1.83456e+09 1.01347e+09 3.99803e+08 2.60614e+10 1.31363e+11 7.48654e+06 3.64468e+06 2.17017e+07 3.63836e+08
9.98021e+11 263.241 127.672 2.95542e+09 1.66741 1.64487e+10 1.6028e+10 2.28959e+08 3.1109e+10 1.1557e+11 3.65673e+06 4.90543e+06 4.75022e+06 1.60273e+08
9.98021e+11 263.241 127.672 1.06114e+10 2.35426 1.27606e+10 1.205e+10 5.33723e+08 2.35946e+10 1.18985e+11 1.03827e+07 1.65795e+07 5.57407e+07 5.39341e+08
9.98021e+11 263.241 127.672 1.20054e+10 0.551753 2.94762e+09 1.30051e+09 8.04467e+08 2.27196e+10 1.28378e+11 1.17097e+07 1.0947e+07 6.44854e+07 6.16077e+08
9.98021e+11 263.241 127.672 1.07451e+10 3.6863 2.82101e+10 2.76206e+10 4.99474e+08 2.40518e+10 1.02866e+11 9.73349e+06 2.7542e+07 6.26932e+07 5.33039e+08
9.98021e+11 263.241 127.672 2.59997e+10 3.02249 1.23359e+10 1.03503e+10 1.54064e+09 1.70497e+10 1.10634e+11 1.98859e+07 5.29539e+07 3.0653e+08 1.13699e+09
9.98021e+11 263.241 127.672 3.20753e+09 2.05439 2.15201e+10 2.13361e+10 1.15135e+08 3.08668e+10 1.10256e+11 3.77516e+06 5.92622e+06 5.99315e+06 1.73351e+08
9.98021e+11 263.241 127.672 1.03995e+10 0.903171 4.48055e+09 3.22899e+09 6.42177e+08 2.37572e+10 1.27377e+11 1.0487e+07 1.00632e+07 4.91905e+07 5.39862e+08
9.98021e+11 263.241 127.672 2.35753e+09 2.52952 3.78025e+10 3.77031e+10 6.12383e+07 3.18654e+10 9.37536e+10 2.55927e+06 6.44165e+06 3.86502e+06 1.26884e+08
9.98021e+11 263.241 127.672 3.55562e+09 2.57062 2.89252e+10 2.87482e+10 1.19357e+08 3.07668e+10 1.0257e+11 4.06977e+06 8.27345e+06 7.69873e+06 1.89511e+08
9.98021e+11 263.241 127.672 3.12519e+09 1.91015 2.04544e+10 2.01891e+10 1.52899e+08 3.09555e+10 1.11383e+11 3.68336e+06 5.5267e+06 5.5732e+06 1.69469e+08
9.98021e+11 263.241 127.672 1.2851e+10 1.61026 7.46355e+09 6.27298e+09 7.47869e+08 2.19104e+10 1.2378e+11 1.21716e+07 1.57302e+07 7.66097e+07 6.47582e+08
9.98021e+11 263.241 127.672 4.6306e+10 4.1444 1.63168e+10 1.2141e+10 3.33926e+09 1.56749e+10 8.77866e+10 3.60005e+07 1.66508e+08 9.25112e+08 1.55477e+09
9.98021e+11 263.241 127.672 9.67472e+10 2.69982 2.4265e+10 5.03922e+09 9.98116e+09 1.48767e+10 3.03221e+10 7.8506e+07 9.94062e+08 3.49644e+09 9.89148e+08
9.98021e+11 263.241 127.672 2.71899e+10 0.91887 5.6814e+09 1.86281e+09 1.89776e+09 1.70954e+10 1.16097e+11 2.08681e+07 5.26959e+07 3.12807e+08 1.20249e+09
9.98021e+11 263.241 127.672 4.313e+09 1.21162 7.84432e+09 7.45505e+09 2.3144e+08 2.91524e+10 1.24663e+11 5.23042e+06 4.26477e+06 9.36427e+06 2.33975e+08
9.98021e+11 263.241 127.672 9.00995e+09 2.4092 1.54343e+10 1.43631e+10 6.51462e+08 2.45598e+10 1.17059e+11 8.9581e+06 1.59847e+07 4.07479e+07 4.63432e+08
9.98021e+11 263.241 127.672 7.70741e+09 2.69854 2.18775e+10 2.144e+10 3.39455e+08 2.59517e+10 1.10332e+11 7.66624e+06 1.53613e+07 3.13161e+07 3.99638e+08
9.98021e+11 263.241 127.672 1.27491e+10 3.44299 2.27717e+10 2.20091e+10 6.01248e+08 2.26332e+10 1.07741e+11 1.1238e+07 2.832e+07 8.3682e+07 6.26792e+08
9.98021e+11 263.241 127.672 1.90497e+10 3.87887 1.98887e+10 1.84516e+10 1.14206e+09 1.93145e+10 1.07742e+11 1.52228e+07 4.57399e+07 1.77586e+08 8.77265e+08
9.98021e+11 263.241 127.672 1.33415e+10 1.21295 5.81003e+09 4.27758e+09 8.49916e+08 2.18222e+10 1.25046e+11 1.26518e+07 1.62482e+07 7.99811e+07 6.72196e+08
9.98021e+11 263.241 127.672 7.22331e+09 3.61701 3.62775e+10 3.55736e+10 3.95985e+08 2.67583e+10 9.56467e+10 6.5135e+06 2.01944e+07 3.19242e+07 3.69434e+08
9.98021e+11 263.241 127.672 5.46067e+09 3.01176 3.01688e+10 2.99115e+10 1.93912e+08 2.83907e+10 1.01798e+11 5.6349e+06 1.32009e+07 1.75765e+07 2.85885e+08
9.98021e+11 263.241 127.672 5.65165e+09 2.43687 1.87454e+10 1.84443e+10 2.11864e+08 2.74296e+10 1.14045e+11 6.06654e+06 1.01153e+07 1.75843e+07 2.98623e+08
9.98021e+11 263.241 127.672 1.43285e+10 3.96967 2.56215e+10 2.45546e+10 7.78047e+08 2.17308e+10 1.04257e+11 1.1969e+07 3.57272e+07 1.07623e+08 6.87678e+08
9.98021e+11 263.241 127.672 6.09352e+09 1.97637 1.34096e+10 1.30293e+10 2.58968e+08 2.68132e+10 1.19591e+11 6.58003e+06 8.59958e+06 1.93638e+07 3.23384e+08
9.98021e+11 263.241 127.672 3.02708e+09 2.07775 2.39711e+10 2.3796e+10 1.1005e+08 3.11359e+10 1.07703e+11 3.54481e+06 5.9618e+06 5.31906e+06 1.63668e+08
9.98021e+11 263.241 127.672 5.92219e+09 3.31591 3.48581e+10 3.44345e+10 2.54361e+08 2.79339e+10 9.7142e+10 5.61954e+06 1.57168e+07 2.16686e+07 3.07886e+08
9.98021e+11 263.241 127.672 5.63505e+09 1.06504 5.86648e+09 5.34356e+09 2.92266e+08 2.71893e+10 1.27289e+11 6.4142e+06 4.60452e+06 1.57069e+07 3.03609e+08
9.98021e+11 263.241 127.672 9.34116e+09 1.5545 8.45865e+09 7.45754e+09 6.26958e+08 2.43132e+10 1.23925e+11 9.5557e+06 1.18583e+07 4.10028e+07 4.85237e+08
9.98021e+11 263.241 127.672 1.36329e+10 3.90148 2.29085e+10 2.20799e+10 6.80262e+08 2.18617e+10 1.07537e+11 1.17566e+07 3.33451e+07 9.79687e+07 6.57194e+08
9.98021e+11 263.241 127.672 3.71788e+09 2.04705 2.00931e+10 1.98669e+10 1.46449e+08 3.0633e+10 1.11415e+11 4.40106e+06 6.61001e+06 7.71424e+06 2.00152e+08
9.98021e+11 263.241 127.672 3.40904e+09 1.31713 1.00192e+10 9.60458e+09 2.3171e+08 3.08578e+10 1.21776e+11 4.31608e+06 4.04694e+06 6.09663e+06 1.85485e+08
9.98021e+11 263.241 127.672 1.88644e+10 1.37646 6.39223e+09 4.15116e+09 1.23815e+09 1.92181e+10 1.21565e+11 1.61397e+07 2.88731e+07 1.56215e+08 9.01592e+08
9.98021e+11 263.241 127.672 6.43854e+09 1.6248 1.11431e+10 1.02117e+10 5.09154e+08 2.67322e+10 1.21782e+11 7.0134e+06 8.85352e+06 2.03218e+07 3.41985e+08
9.98021e+11 263.241 127.672 8.00057e+09 2.00572 1.32085e+10 1.26293e+10 4.15998e+08 2.54013e+10 1.19323e+11 8.2537e+06 1.19026e+07 3.14517e+07 4.1829e+08
9.98021e+11 263.241 127.672 3.90721e+09 2.74454 2.95638e+10 2.9389e+10 1.19216e+08 3.03664e+10 1.01976e+11 4.31403e+06 9.29304e+06 9.50984e+06 2.07618e+08
9.98021e+11 263.241 127.672 4.5238e+09 1.67416 1.20404e+10 1.16942e+10 2.2345e+08 2.88486e+10 1.20532e+11 5.33183e+06 6.0083e+06 1.06987e+07 2.43358e+08
9.98021e+11 263.241 127.672 4.19007e+09 2.92098 3.25806e+10 3.23995e+10 1.27606e+08 3.01386e+10 9.88914e+10 4.49057e+06 1.0585e+07 1.10335e+07 2.2156e+08
9.98021e+11 263.241 127.672 6.11269e+09 2.51897 2.14185e+10 2.10578e+10 2.67078e+08 2.73578e+10 1.10983e+11 6.44661e+06 1.18946e+07 2.00469e+07 3.21435e+08
9.98021e+11 263.241 127.672 2.19087e+10 3.8017 1.91025e+10 1.76496e+10 1.22515e+09 1.83941e+10 1.06553e+11 1.69773e+07 5.16964e+07 2.27768e+08 9.86326e+08
9.98021e+11 263.241 127.672 5.17322e+09 1.91521 1.43405e+10 1.40039e+10 2.24652e+08 2.80298e+10 1.18356e+11 5.81872e+06 7.56577e+06 1.40136e+07 2.76544e+08
9.98021e+11 263.241 127.672 1.8831e+10 1.6467 7.31003e+09 5.26705e+09 1.22073e+09 1.9155e+10 1.20746e+11 1.60581e+07 2.88149e+07 1.57588e+08 8.9803e+08
9.98021e+11 263.241 127.672 9.50637e+09 2.46382 1.67526e+10 1.61596e+10 4.48935e+08 2.44259e+10 1.15215e+11 9.22698e+06 1.63615e+07 4.51657e+07 4.88298e+08
9.98021e+11 263.241 127.672 4.79808e+09 2.50353 2.31838e+10 2.22536e+10 4.34445e+08 2.87512e+10 1.09416e+11 5.2359e+06 1.04805e+07 1.31197e+07 2.53959e+08
9.98021e+11 263.241 127.672 1.07958e+10 3.64046 2.43942e+10 2.36239e+10 5.9105e+08 2.36829e+10 1.07077e+11 9.98215e+06 2.67655e+07 6.28718e+07 5.34777e+08
9.98021e+11 263.241 127.672 7.7661e+09 2.24408 1.54195e+10 1.4918e+10 3.6886e+08 2.55663e+10 1.17157e+11 7.97483e+06 1.25755e+07 3.03811e+07 4.05382e+08
9.98021e+11 263.241 127.672 2.90224e+10 2.66541 1.10103e+10 8.28411e+09 1.93319e+09 1.64498e+10 1.09576e+11 2.21139e+07 6.4446e+07 3.68673e+08 1.23576e+09
9.98021e+11 263.241 127.672 6.27264e+09 3.19158 3.03385e+10 2.9799e+10 3.09976e+08 2.72836e+10 1.02007e+11 6.08749e+06 1.54898e+07 2.32852e+07 3.25961e+08
9.98021e+11 263.241 127.672 1.16984e+10 2.33557 1.3438e+10 1.2224e+10 8.1197e+08 2.30567e+10 1.17843e+11 1.12176e+07 2.01607e+07 6.55981e+07 5.8921e+08
9.98021e+11 263.241 127.672 4.44376e+09 2.25757 2.06862e+10 2.04315e+10 1.72508e+08 2.93327e+10 1.11395e+11 5.0349e+06 8.2259e+06 1.09607e+07 2.37363e+08
9.98021e+11 263.241 127.672 1.52261e+10 2.15432 1.03324e+10 9.01047e+09 9.40663e+08 2.0747e+10 1.19703e+11 1.36874e+07 2.42798e+07 1.06639e+08 7.46492e+08
9.98021e+11 263.241 127.672 5.81638e+09 2.4547 2.05043e+10 2.00021e+10 2.96932e+08 2.74156e+10 1.12196e+11 6.10606e+06 1.09179e+07 1.84703e+07 3.07171e+08
9.98021e+11 263.241 127.672 2.08489e+10 2.17404 9.88553e+09 7.75514e+09 1.43802e+09 1.85554e+10 1.16759e+11 1.72898e+07 3.77287e+07 1.92823e+08 9.70699e+08
9.98021e+11 263.241 127.672 7.75418e+09 2.76652 1.99031e+10 1.95031e+10 3.04299e+08 2.55185e+10 1.12694e+11 7.71821e+06 1.47532e+07 3.21175e+07 4.01553e+08
9.98021e+11 263.241 127.672 2.34391e+10 2.80934 1.2871e+10 1.09553e+10 1.47168e+09 1.78351e+10 1.11857e+11 1.86248e+07 4.84888e+07 2.45929e+08 1.05666e+09
9.98021e+11 263.241 127.672 1.10143e+10 3.38209 2.2957e+10 2.24256e+10 4.4253e+08 2.36902e+10 1.08204e+11 1.01076e+07 2.40452e+07 6.40562e+07 5.49822e+08
9.98021e+11 263.241 127.672 1.31132e+10 3.22308 1.8335e+10 1.7179e+10 8.25965e+08 2.20448e+10 1.12523e+11 1.17566e+07 2.79197e+07 8.65407e+07 6.42993e+08
9.98021e+11 263.241 127.672 4.52455e+10 2.59025 1.24327e+10 6.54408e+09 3.58008e+09 1.57439e+10 9.26901e+10 3.50169e+07 1.7185e+08 8.47119e+08 1.5729e+09
9.98021e+11 263.241 127.672 1.93493e+10 3.20919 1.53141e+10 1.37567e+10 1.20322e+09 1.90707e+10 1.12281e+11 1.57916e+07 4.02283e+07 1.76159e+08 8.99866e+08
9.98021e+11 263.241 127.672 1.10453e+11 2.42995 2.71706e+10 4.24908e+09 1.17767e+10 1.48142e+10 1.3767e+10 8.91176e+07 1.27533e+09 4.46731e+09 5.08213e+08
9.98021e+11 263.241 127.672 4.35083e+10 3.61005 1.47608e+10 1.05358e+10 3.18771e+09 1.57757e+10 9.20377e+10 3.37107e+07 1.48954e+08 8.08084e+08 1.53333e+09
9.98021e+11 263.241 127.672 5.3503e+10 3.13755 1.4927e+10 7.82064e+09 4.50493e+09 1.54787e+10 8.223e+10 4.23098e+07 2.5274e+08 1.17094e+09 1.63085e+09
9.98021e+11 263.241 127.672 4.11531e+10 3.9005 1.62076e+10 1.24786e+10 2.99576e+09 1.58772e+10 9.28256e+10 3.15507e+07 1.35342e+08 7.31447e+08 1.49224e+09
9.98021e+11 263.241 127.672 1.14825e+11 3.51259 3.22859e+10 7.12141e+09 1.34437e+10 1.46339e+10 4.49779e+09 9.82436e+07 1.57806e+09 4.71594e+09 1.69719e+08
