#i RadiusInner RadiusOuter RadiusIso SDensityCold SDensityStar SDensityColdMolecular SDensityColdAtomic MassProfHalo MassProfStar MassProfCold MassProfHot DensityProfHot TemperatureProfHot CoolingRate CoolingTime SDensitySFR SDensityOFR SDensityCAR StellarAge MassProfDM MassProfDMContracted MassMetalCold MassMetalStar SDensityMetalCold SDensityMetalStar MetallicityCold MetallicityStar MassStar MassHalo
0 0.0315009 0.0329855 0.00525728 79.6848 954.492 76.3697 3.31501 507865 287077 14114.4 1.48977 9909.72 1.58624e+06 7.24718 0.205565 3.01956e+13 3.69678e+14 3.27562e+13 5.61992 0 0 409.315 1634.54 1.36092 5.43463 0.0170788 0.00569374 3.95737e+10 9.98021e+11
1 0.0329855 0.0345401 0.00550505 79.6578 954.405 76.3428 3.31497 556819 601821 29584.5 1.71043 9909.25 1.58619e+06 1.07351 0.205555 3.01885e+13 3.69592e+14 3.27478e+13 5.62222 0 0 448.656 1791.06 1.36047 5.43105 0.0170789 0.0056905 3.95737e+10 9.98021e+11
2 0.0345401 0.0361679 0.00576449 79.6296 953.007 76.3147 3.31494 610490 946427 46540 1.96378 9908.76 1.58614e+06 1.23256 0.205545 3.01811e+13 3.69501e+14 3.27391e+13 5.6154 0 0 491.77 1962.5 1.35999 5.4273 0.017079 0.00569492 3.95737e+10 9.98021e+11
3 0.0361679 0.0378724 0.00603616 79.6001 951.528 76.2852 3.31491 669331 1.32369e+06 65123.2 2.25464 9908.24 1.58609e+06 1.41516 0.205534 3.01734e+13 3.69406e+14 3.273e+13 5.61037 0 0 539.019 2150.28 1.3595 5.42336 0.0170791 0.00569963 3.95737e+10 9.98021e+11
4 0.0378724 0.0396573 0.00632064 79.5692 950.011 76.2543 3.31487 733841 1.7367e+06 85490.1 2.58858 9907.7 1.58603e+06 1.62482 0.205523 3.01653e+13 3.69307e+14 3.27204e+13 5.60634 0 0 590.797 2355.96 1.35898 5.41928 0.0170792 0.00570445 3.95737e+10 9.98021e+11
5 0.0396573 0.0415263 0.00661852 79.5368 948.443 76.222 3.31483 804565 2.1888e+06 107811 2.97198 9907.14 1.58597e+06 1.86554 0.205512 3.01568e+13 3.69203e+14 3.27104e+13 5.59925 0 0 647.537 2581.24 1.35844 5.41505 0.0170793 0.00570941 3.95737e+10 9.98021e+11
6 0.0415263 0.0434834 0.00693044 79.503 946.764 76.1882 3.3148 882102 2.68364e+06 132274 3.41214 9906.55 1.5859e+06 2.14194 0.205499 3.01479e+13 3.69094e+14 3.26999e+13 5.58861 0 0 709.713 2827.93 1.35787 5.41057 0.0170794 0.0057148 3.95737e+10 9.98021e+11
7 0.0434834 0.0455327 0.00725707 79.4676 945.106 76.1528 3.31475 967106 3.22528e+06 159082 3.91749 9905.93 1.58584e+06 2.45926 0.205487 3.01386e+13 3.6898e+14 3.26889e+13 5.58316 0 0 777.844 3098.16 1.35727 5.40602 0.0170796 0.00572002 3.95737e+10 9.98021e+11
8 0.0455327 0.0476786 0.00759908 79.4305 943.303 76.1158 3.31471 1.0603e+06 3.81803e+06 188461 4.49767 9905.28 1.58577e+06 2.82361 0.205473 3.01288e+13 3.6886e+14 3.26774e+13 5.57825 0 0 852.498 3394.02 1.35665 5.40118 0.0170797 0.00572582 3.95737e+10 9.98021e+11
9 0.0476786 0.0499256 0.00795721 79.3917 941.424 76.077 3.31467 1.16246e+06 4.46668e+06 220656 5.16375 9904.6 1.5857e+06 3.24195 0.205459 3.01186e+13 3.68736e+14 3.26654e+13 5.569 0 0 934.296 3717.99 1.356 5.39613 0.0170799 0.00573188 3.95737e+10 9.98021e+11
10 0.0499256 0.0522785 0.00833223 79.351 939.526 76.0364 3.31462 1.27446e+06 5.17648e+06 255936 5.92847 9903.89 1.58562e+06 3.72226 0.205444 3.01079e+13 3.68605e+14 3.26528e+13 5.55828 0 0 1023.92 4072.78 1.35532 5.39094 0.01708 0.00573794 3.95737e+10 9.98021e+11
11 0.0522785 0.0547423 0.00872491 79.3085 937.525 75.9939 3.31457 1.39725e+06 5.9531e+06 294595 6.80641 9903.15 1.58554e+06 4.27372 0.205429 3.00968e+13 3.68468e+14 3.26397e+13 5.55212 0 0 1122.12 4461.21 1.3546 5.38551 0.0170802 0.00574439 3.95737e+10 9.98021e+11
12 0.0547423 0.0573223 0.0091361 79.264 935.449 75.9495 3.31452 1.53185e+06 6.80276e+06 336956 7.81435 9902.37 1.58546e+06 4.90689 0.205412 3.00851e+13 3.68325e+14 3.26259e+13 5.54429 0 0 1229.7 4886.48 1.35385 5.37986 0.0170803 0.00575109 3.95737e+10 9.98021e+11
13 0.0573223 0.0600238 0.00956668 79.2174 933.255 75.903 3.31446 1.67941e+06 7.73221e+06 383372 8.97152 9901.55 1.58537e+06 5.63387 0.205395 3.00728e+13 3.68175e+14 3.26114e+13 5.53114 0 0 1347.56 5352.01 1.35307 5.37392 0.0170805 0.00575825 3.95737e+10 9.98021e+11
14 0.0600238 0.0628526 0.0100175 79.1687 931.052 75.8543 3.31441 1.84118e+06 8.74893e+06 434229 10.3 9900.7 1.58528e+06 6.46854 0.205378 3.006e+13 3.68018e+14 3.25963e+13 5.52465 0 0 1476.67 5861.73 1.35226 5.36785 0.0170807 0.00576536 3.95737e+10 9.98021e+11
15 0.0628526 0.0658148 0.0104897 79.1177 928.721 75.8034 3.31435 2.01851e+06 9.86094e+06 489951 11.8252 9899.8 1.58518e+06 7.42687 0.20536 3.00466e+13 3.67853e+14 3.25805e+13 5.51412 0 0 1618.11 6419.63 1.3514 5.36147 0.0170809 0.00577296 3.95737e+10 9.98021e+11
16 0.0658148 0.0689165 0.010984 79.0643 926.313 75.75 3.31428 2.21291e+06 1.10771e+07 551001 13.5762 9898.87 1.58508e+06 8.52719 0.20534 3.00325e+13 3.67681e+14 3.2564e+13 5.50197 0 0 1773.05 7030.3 1.3505 5.35486 0.0170811 0.00578083 3.95737e+10 9.98021e+11
17 0.0689165 0.0721645 0.0115017 79.0085 923.762 75.6943 3.31422 2.42601e+06 1.24069e+07 617885 15.5864 9897.89 1.58498e+06 9.79053 0.20532 3.00178e+13 3.67501e+14 3.25467e+13 5.495 0 0 1942.76 7698.55 1.34957 5.3479 0.0170813 0.00578926 3.95737e+10 9.98021e+11
18 0.0721645 0.0755655 0.0120437 78.9501 921.204 75.6359 3.31415 2.65961e+06 1.38609e+07 691158 17.8941 9896.86 1.58487e+06 11.2414 0.205293 3.00024e+13 3.67313e+14 3.25285e+13 5.47871 0 0 2128.65 8430.09 1.34858 5.3408 0.0170815 0.00579763 3.95737e+10 9.98021e+11
19 0.0755655 0.0791268 0.0126113 78.8889 918.472 75.5748 3.31408 2.91569e+06 1.54506e+07 771427 20.5435 9895.79 1.58476e+06 12.9055 0.205291 2.99863e+13 3.67116e+14 3.25096e+13 5.47066 0 0 2332.24 9230.43 1.34756 5.3333 0.0170817 0.00580671 3.95737e+10 9.98021e+11
20 0.0791268 0.0828559 0.0132057 78.8249 915.67 75.5109 3.314 3.19639e+06 1.71882e+07 859357 23.5851 9894.66 1.58464e+06 14.8159 0.20529 2.99695e+13 3.66909e+14 3.24897e+13 5.45418 0 0 2555.21 10106.3 1.34648 5.32555 0.0170819 0.00581602 3.95737e+10 9.98021e+11
21 0.0828559 0.0867608 0.0138281 78.758 912.7 75.4441 3.31393 3.50408e+06 1.90873e+07 955674 27.0768 9893.48 1.58451e+06 17.009 0.205288 2.99518e+13 3.66693e+14 3.2469e+13 5.44448 0 0 2799.39 11064.3 1.34536 5.31739 0.0170822 0.005826 3.95737e+10 9.98021e+11
22 0.0867608 0.0908497 0.0144798 78.688 908.957 75.3741 3.31384 3.84136e+06 2.11611e+07 1.06117e+06 31.0854 9892.25 1.58438e+06 19.5267 0.205287 2.99333e+13 3.66467e+14 3.24472e+13 5.42859 0 0 3066.79 12109.7 1.34418 5.30772 0.0170825 0.00583936 3.95737e+10 9.98021e+11
23 0.0908497 0.0951313 0.0151622 78.6147 904.24 75.3009 3.31376 4.21106e+06 2.34232e+07 1.17673e+06 35.6872 9890.96 1.58424e+06 22.4169 0.205285 2.9914e+13 3.66231e+14 3.24245e+13 5.40446 0 0 3359.59 13249 1.34295 5.29613 0.0170827 0.00585699 3.95737e+10 9.98021e+11
24 0.0951313 0.0996147 0.0158767 78.538 899.423 75.2244 3.31367 4.6163e+06 2.58904e+07 1.30328e+06 40.9701 9889.61 1.5841e+06 25.7349 0.205282 2.98938e+13 3.65983e+14 3.24007e+13 5.37933 0 0 3680.19 14494.4 1.34167 5.28413 0.017083 0.00587502 3.95737e+10 9.98021e+11
25 0.0996147 0.104309 0.016625 78.4579 894.494 75.1443 3.31357 5.06048e+06 2.85807e+07 1.44188e+06 47.0349 9888.2 1.58395e+06 29.5436 0.20528 2.98726e+13 3.65724e+14 3.23758e+13 5.35315 0 0 4031.2 15855.4 1.34032 5.2717 0.0170833 0.0058935 3.95737e+10 9.98021e+11
26 0.104309 0.109225 0.0174085 78.374 889.388 75.0605 3.31347 5.54734e+06 3.15137e+07 1.59366e+06 53.9971 9886.72 1.58379e+06 33.9158 0.205279 2.98505e+13 3.65453e+14 3.23497e+13 5.32681 0 0 4415.48 17342.2 1.33891 5.2587 0.0170836 0.00591272 3.95737e+10 9.98021e+11
27 0.109225 0.114373 0.0182289 78.2863 884.192 74.9729 3.31337 6.08097e+06 3.47109e+07 1.75986e+06 61.9895 9885.17 1.58362e+06 38.935 0.205276 2.98273e+13 3.65169e+14 3.23225e+13 5.30147 0 0 4836.15 18966.8 1.33744 5.24528 0.0170839 0.00593229 3.95737e+10 9.98021e+11
28 0.114373 0.119763 0.019088 78.1945 878.82 74.8812 3.31326 6.66585e+06 3.81953e+07 1.94185e+06 71.1645 9883.55 1.58345e+06 44.6965 0.205274 2.9803e+13 3.64872e+14 3.2294e+13 5.2752 0 0 5296.62 20741.2 1.3359 5.23127 0.0170843 0.00595261 3.95737e+10 9.98021e+11
29 0.119763 0.125407 0.0199876 78.0985 873.326 74.7854 3.31315 7.30689e+06 4.1992e+07 2.14111e+06 81.697 9881.85 1.58327e+06 51.3101 0.205272 2.97777e+13 3.64561e+14 3.22641e+13 5.24833 0 0 5800.62 22679.1 1.33429 5.21675 0.0170846 0.00597343 3.95737e+10 9.98021e+11
30 0.125407 0.131318 0.0209296 77.9982 867.679 74.6851 3.31303 8.00947e+06 4.6128e+07 2.35926e+06 93.7878 9880.07 1.58308e+06 58.9021 0.205269 2.97511e+13 3.64236e+14 3.22329e+13 5.22062 0 0 6352.22 24795.1 1.3326 5.20164 0.017085 0.00599489 3.95737e+10 9.98021e+11
31 0.131318 0.137507 0.021916 77.8932 861.881 74.5803 3.31291 8.77948e+06 5.06328e+07 2.59808e+06 107.667 9878.21 1.58288e+06 67.6168 0.205267 2.97233e+13 3.63896e+14 3.22003e+13 5.19204 0 0 6955.86 27105.2 1.33084 5.18594 0.0170854 0.006017 3.95737e+10 9.98021e+11
32 0.137507 0.143987 0.0229489 77.7834 855.934 74.4707 3.31277 9.62339e+06 5.55381e+07 2.85951e+06 123.6 9876.26 1.58267e+06 77.6202 0.205264 2.96943e+13 3.6354e+14 3.21661e+13 5.1626 0 0 7616.38 29626.8 1.32899 5.16962 0.0170858 0.00603974 3.95737e+10 9.98021e+11
33 0.143987 0.150773 0.0240304 77.6686 849.858 74.356 3.31264 1.05482e+07 6.08785e+07 3.14567e+06 141.889 9874.23 1.58245e+06 89.1028 0.205261 2.96638e+13 3.63168e+14 3.21304e+13 5.13249 0 0 8339.08 32378.8 1.32707 5.15271 0.0170862 0.00606302 3.95737e+10 9.98021e+11
34 0.150773 0.157879 0.0251629 77.5486 843.604 74.2361 3.3125 1.15618e+07 6.6691e+07 3.45886e+06 162.884 9872.09 1.58223e+06 102.283 0.205258 2.9632e+13 3.62778e+14 3.2093e+13 5.10109 0 0 9129.73 35381.3 1.32505 5.1351 0.0170867 0.00608709 3.95737e+10 9.98021e+11
35 0.157879 0.165319 0.0263488 77.4231 837.235 74.1108 3.31235 1.26725e+07 7.30162e+07 3.80162e+06 186.983 9869.86 1.58199e+06 117.412 0.205255 2.95987e+13 3.6237e+14 3.20539e+13 5.06864 0 0 9994.62 38657.3 1.32294 5.11688 0.0170872 0.00611164 3.95737e+10 9.98021e+11
36 0.165319 0.17311 0.0275906 77.2919 830.72 73.9797 3.31219 1.38898e+07 7.98976e+07 4.1767e+06 214.646 9867.52 1.58174e+06 134.777 0.205252 2.95639e+13 3.61944e+14 3.20131e+13 5.03484 0 0 10940.6 42230.3 1.32074 5.09799 0.0170876 0.00613683 3.95737e+10 9.98021e+11
37 0.17311 0.181269 0.0288909 77.1548 824.044 73.8427 3.31203 1.52236e+07 8.73823e+07 4.58711e+06 246.4 9865.08 1.58148e+06 154.709 0.205248 2.95274e+13 3.61498e+14 3.19703e+13 4.99994 0 0 11975.2 46126.4 1.31843 5.07836 0.0170881 0.00616273 3.95737e+10 9.98021e+11
38 0.181269 0.189812 0.0302525 77.0114 817.243 73.6996 3.31185 1.66852e+07 9.55215e+07 5.03613e+06 282.849 9862.52 1.5812e+06 177.586 0.205245 2.94893e+13 3.61031e+14 3.19256e+13 4.96413 0 0 13106.6 50374.4 1.31602 5.05806 0.0170887 0.00618917 3.95737e+10 9.98021e+11
39 0.189812 0.198757 0.0316782 76.8616 810.321 73.5499 3.31167 1.82868e+07 1.0437e+08 5.52734e+06 324.686 9859.84 1.58092e+06 203.844 0.205242 2.94495e+13 3.60543e+14 3.18789e+13 4.92746 0 0 14343.6 55005.1 1.31351 5.03706 0.0170892 0.00621613 3.95737e+10 9.98021e+11
40 0.198757 0.208125 0.0331712 76.705 803.232 73.3935 3.31149 2.00417e+07 1.13988e+08 6.06466e+06 372.708 9857.04 1.58062e+06 233.983 0.205238 2.94078e+13 3.60033e+14 3.183e+13 4.89031 0 0 15695.9 60050.8 1.31087 5.01526 0.0170898 0.00624385 3.95737e+10 9.98021e+11
41 0.208125 0.217933 0.0347345 76.5413 796.031 73.23 3.31129 2.19645e+07 1.24439e+08 6.65233e+06 427.828 9854.1 1.5803e+06 268.573 0.205234 2.93642e+13 3.59499e+14 3.17789e+13 4.85318 0 0 17174.1 65548.8 1.30812 4.99274 0.0170904 0.00627204 3.95737e+10 9.98021e+11
42 0.217933 0.228204 0.0363715 76.3703 788.67 73.0593 3.31108 2.40712e+07 1.35792e+08 7.29502e+06 491.095 9851.03 1.57997e+06 308.275 0.205229 2.93186e+13 3.58941e+14 3.17255e+13 4.81512 0 0 18789.7 71536.7 1.30525 4.96939 0.017091 0.00630097 3.95737e+10 9.98021e+11
43 0.228204 0.238959 0.0380856 76.1917 781.171 72.8808 3.31087 2.63794e+07 1.48122e+08 7.99777e+06 563.711 9847.82 1.57963e+06 353.838 0.205225 2.92709e+13 3.58357e+14 3.16697e+13 4.7762 0 0 20555.1 78057 1.30225 4.94523 0.0170917 0.00633053 3.95737e+10 9.98021e+11
44 0.238959 0.250221 0.0398805 76.005 773.548 72.6944 3.31064 2.89082e+07 1.6151e+08 8.76609e+06 647.057 9844.46 1.57927e+06 406.13 0.20522 2.9221e+13 3.57746e+14 3.16113e+13 4.73655 0 0 22483.9 85155.6 1.29911 4.92025 0.0170924 0.00636063 3.95737e+10 9.98021e+11
45 0.250221 0.262013 0.0417601 75.81 765.765 72.4996 3.31041 3.16785e+07 1.76042e+08 9.60601e+06 742.718 9840.94 1.57889e+06 466.145 0.205215 2.91688e+13 3.57107e+14 3.15504e+13 4.6958 0 0 24590.8 92880.3 1.29583 4.89438 0.0170931 0.0063915 3.95737e+10 9.98021e+11
46 0.262013 0.274362 0.0437281 75.6062 757.863 72.2961 3.31016 3.47134e+07 1.91812e+08 1.0524e+07 852.509 9837.26 1.5785e+06 535.02 0.20521 2.91143e+13 3.56439e+14 3.14866e+13 4.65437 0 0 26892 101285 1.2924 4.86767 0.0170938 0.00642289 3.95737e+10 9.98021e+11
47 0.274362 0.287292 0.045789 75.3934 749.797 72.0835 3.3099 3.8038e+07 2.08918e+08 1.15273e+07 978.517 9833.41 1.57809e+06 614.061 0.205204 2.90572e+13 3.55741e+14 3.142e+13 4.61173 0 0 29404.8 110426 1.28882 4.84 0.0170946 0.00645508 3.95737e+10 9.98021e+11
48 0.287292 0.300832 0.047947 75.1712 741.604 71.8616 3.30963 4.16797e+07 2.27471e+08 1.26235e+07 1123.13 9829.38 1.57766e+06 704.766 0.205199 2.89976e+13 3.55011e+14 3.13504e+13 4.56821 0 0 32148.2 120365 1.28508 4.81143 0.0170954 0.00648786 3.95737e+10 9.98021e+11
49 0.300832 0.315009 0.0502066 74.9388 733.274 71.6295 3.30936 4.56686e+07 2.47584e+08 1.38212e+07 1289.11 9825.16 1.57721e+06 808.855 0.205193 2.89351e+13 3.54246e+14 3.12777e+13 4.52351 0 0 35142.5 131168 1.28117 4.7819 0.0170962 0.0065213 3.95737e+10 9.98021e+11
50 0.315009 0.329855 0.0525728 74.6944 724.803 71.3853 3.30907 5.00376e+07 2.69384e+08 1.51293e+07 1479.58 9820.75 1.57673e+06 928.301 0.205187 2.8869e+13 3.53437e+14 3.12018e+13 4.47768 0 0 38409.1 142905 1.27705 4.7514 0.017097 0.00655544 3.95737e+10 9.98021e+11
51 0.329855 0.345401 0.0550505 74.4292 716.196 71.1204 3.30883 5.48227e+07 2.93003e+08 1.65574e+07 1698.17 9816.13 1.57624e+06 1065.37 0.20518 2.8796e+13 3.52543e+14 3.11224e+13 4.43083 0 0 41966.3 155654 1.27255 4.71991 0.0170975 0.00659025 3.95737e+10 9.98021e+11
52 0.345401 0.361679 0.0576449 74.1474 707.46 70.8388 3.3086 6.00632e+07 3.18584e+08 1.81162e+07 1949.03 9811.31 1.57572e+06 1222.64 0.205173 2.87177e+13 3.51584e+14 3.10396e+13 4.38313 0 0 45841.7 169496 1.26775 4.68743 0.0170978 0.00662571 3.95737e+10 9.98021e+11
53 0.361679 0.378724 0.0603616 73.8535 698.576 70.5452 3.30836 6.58023e+07 3.46282e+08 1.98171e+07 2236.9 9806.26 1.57518e+06 1403.11 0.205166 2.86358e+13 3.50582e+14 3.09531e+13 4.33475 0 0 50066.1 184519 1.26275 4.65387 0.017098 0.00666194 3.95737e+10 9.98021e+11
54 0.378724 0.396573 0.0632064 73.5471 689.556 70.239 3.3081 7.20868e+07 3.76259e+08 2.16728e+07 2567.24 9800.97 1.57462e+06 1610.17 0.205159 2.85504e+13 3.49537e+14 3.08627e+13 4.28556 0 0 54669.6 200815 1.25754 4.61925 0.0170984 0.00669887 3.95737e+10 9.98021e+11
55 0.396573 0.415263 0.0661852 73.2277 680.399 69.9199 3.30784 7.89683e+07 4.08692e+08 2.36967e+07 2946.31 9795.45 1.57403e+06 1847.75 0.205152 2.84612e+13 3.48444e+14 3.07684e+13 4.23536 0 0 59684.8 218487 1.2521 4.58354 0.0170987 0.00673654 3.95737e+10 9.98021e+11
56 0.415263 0.434834 0.0693044 72.8946 671.105 69.587 3.30756 8.65029e+07 4.43769e+08 2.59037e+07 3381.28 9789.67 1.57341e+06 2120.34 0.205143 2.8368e+13 3.47304e+14 3.067e+13 4.18409 0 0 65146.6 237642 1.24642 4.5467 0.017099 0.00677496 3.95737e+10 9.98021e+11
57 0.434834 0.455327 0.0725707 72.5476 661.671 69.2403 3.30727 9.47522e+07 4.81689e+08 2.83096e+07 3880.39 9783.63 1.57276e+06 2433.07 0.205135 2.82708e+13 3.46113e+14 3.05672e+13 4.13169 0 0 71093.1 258392 1.24051 4.50873 0.0170993 0.00681415 3.95737e+10 9.98021e+11
58 0.455327 0.476786 0.0759908 72.1861 652.104 68.8791 3.30696 1.03783e+08 5.22666e+08 3.09316e+07 4453.07 9777.31 1.57208e+06 2791.85 0.205126 2.81693e+13 3.44871e+14 3.046e+13 4.07811 0 0 77565.2 280862 1.23436 4.46959 0.0170997 0.00685411 3.95737e+10 9.98021e+11
59 0.476786 0.499256 0.0795721 71.8096 642.404 68.503 3.30664 1.1367e+08 5.66928e+08 3.37883e+07 5110.15 9770.7 1.57137e+06 3203.44 0.205117 2.80635e+13 3.43575e+14 3.03481e+13 4.02328 0 0 84606.8 305181 1.22795 4.42927 0.0171 0.00689484 3.95737e+10 9.98021e+11
60 0.499256 0.522785 0.0833223 71.4177 632.569 68.1114 3.3063 1.24491e+08 6.14718e+08 3.68999e+07 5864.05 9763.79 1.57063e+06 3675.63 0.205107 2.79531e+13 3.42223e+14 3.02314e+13 3.96728 0 0 92265.2 331488 1.22127 4.38775 0.0171004 0.00693639 3.95737e+10 9.98021e+11
61 0.522785 0.547423 0.0872491 71.0098 622.61 67.7038 3.30595 1.36336e+08 6.66293e+08 4.02879e+07 6729 9756.56 1.56986e+06 4217.26 0.205098 2.78379e+13 3.40814e+14 3.01096e+13 3.91037 0 0 100591 359929 1.21432 4.34501 0.0171008 0.0069787 3.95737e+10 9.98021e+11
62 0.547423 0.573223 0.091361 70.5853 612.52 67.2797 3.30557 1.49299e+08 7.21928e+08 4.39758e+07 7721.33 9749 1.56905e+06 4838.57 0.205087 2.77179e+13 3.39344e+14 2.99827e+13 3.85241 0 0 109639 390660 1.20709 4.30103 0.0171012 0.00702187 3.95737e+10 9.98021e+11
63 0.573223 0.600238 0.0956668 70.1437 602.303 66.8385 3.30518 1.63485e+08 7.81913e+08 4.79887e+07 8859.75 9741.11 1.5682e+06 5551.23 0.205075 2.75927e+13 3.37812e+14 2.98503e+13 3.79325 0 0 119468 423845 1.19957 4.2558 0.0171016 0.00706587 3.95737e+10 9.98021e+11
64 0.600238 0.628526 0.100175 69.6845 591.962 66.3798 3.30477 1.79008e+08 8.46555e+08 5.23537e+07 10165.7 9732.85 1.56731e+06 6368.61 0.205064 2.74623e+13 3.36214e+14 2.97124e+13 3.73274 0 0 130140 459657 1.19175 4.20929 0.0171021 0.00711074 3.95737e+10 9.98021e+11
65 0.628526 0.658148 0.104897 69.2071 581.499 65.9028 3.30434 1.95992e+08 9.16182e+08 5.70999e+07 11663.8 9724.22 1.56639e+06 7306.1 0.205052 2.73263e+13 3.3455e+14 2.95686e+13 3.6709 0 0 141722 498281 1.18362 4.16149 0.0171025 0.00715649 3.95737e+10 9.98021e+11
66 0.658148 0.689165 0.10984 68.7102 570.922 65.4063 3.30389 2.14573e+08 9.91137e+08 6.22584e+07 13382.3 9715.2 1.56542e+06 8381.24 0.205039 2.71843e+13 3.32812e+14 2.94188e+13 3.60791 0 0 154283 539911 1.17515 4.11241 0.017103 0.0072031 3.95737e+10 9.98021e+11
67 0.689165 0.721645 0.115017 68.1938 560.231 64.8904 3.30342 2.34899e+08 1.07179e+09 6.78627e+07 15353.5 9705.77 1.5644e+06 9614.26 0.205026 2.70364e+13 3.31001e+14 2.92627e+13 3.5438 0 0 167901 584746 1.16635 4.06202 0.0171034 0.00725061 3.95737e+10 9.98021e+11
68 0.721645 0.755655 0.120437 67.6577 549.43 64.3547 3.30293 2.57132e+08 1.15851e+09 7.39487e+07 17614.4 9695.91 1.56334e+06 11028.2 0.205012 2.68824e+13 3.29115e+14 2.91002e+13 3.47832 0 0 182657 633000 1.15721 4.01031 0.0171039 0.00729903 3.95737e+10 9.98021e+11
69 0.755655 0.791268 0.126113 67.1011 538.523 63.7987 3.30241 2.81448e+08 1.25171e+09 8.05549e+07 20207.5 9685.62 1.56224e+06 12649.5 0.204997 2.67221e+13 3.27153e+14 2.8931e+13 3.41147 0 0 198638 684892 1.14772 3.95728 0.0171043 0.00734839 3.95737e+10 9.98021e+11
70 0.791268 0.828559 0.132057 66.5237 527.519 63.2219 3.30186 3.08038e+08 1.35182e+09 8.77223e+07 23181.5 9674.86 1.56108e+06 14508.5 0.204982 2.65553e+13 3.25111e+14 2.87548e+13 3.34338 0 0 215934 740655 1.13788 3.90293 0.0171048 0.00739865 3.95737e+10 9.98021e+11
71 0.828559 0.867608 0.138281 65.9249 516.418 62.6236 3.30129 3.37113e+08 1.45927e+09 9.54947e+07 26592.1 9663.62 1.55987e+06 16639.9 0.204966 2.63818e+13 3.22986e+14 2.85715e+13 3.27389 0 0 234643 800527 1.12767 3.84725 0.0171053 0.00744988 3.95737e+10 9.98021e+11
72 0.867608 0.908497 0.144798 65.3042 505.226 62.0035 3.30068 3.68899e+08 1.57454e+09 1.03919e+08 30503.3 9651.88 1.55861e+06 19083.5 0.20495 2.62013e+13 3.20777e+14 2.83809e+13 3.203 0 0 254866 864755 1.11708 3.79024 0.0171059 0.00750208 3.95737e+10 9.98021e+11
73 0.908497 0.951313 0.151622 64.661 493.953 61.361 3.30004 4.03646e+08 1.69811e+09 1.13044e+08 34988.2 9639.62 1.55729e+06 21884.9 0.204932 2.60137e+13 3.1848e+14 2.81826e+13 3.13072 0 0 276712 933596 1.10612 3.73193 0.0171064 0.00755523 3.95737e+10 9.98021e+11
74 0.951313 0.996147 0.158767 63.9949 482.601 60.6956 3.29937 4.41624e+08 1.83049e+09 1.22924e+08 40130.7 9626.81 1.55591e+06 25096 0.204914 2.58187e+13 3.16093e+14 2.79764e+13 3.057 0 0 300293 1.00731e+06 1.09476 3.6723 0.017107 0.00760939 3.95737e+10 9.98021e+11
75 0.996147 1.04309 0.16625 63.3055 471.18 60.0068 3.29865 4.83126e+08 1.9722e+09 1.33614e+08 46026.9 9613.43 1.55447e+06 28776.6 0.204896 2.56162e+13 3.13613e+14 2.77621e+13 2.98188 0 0 325729 1.08617e+06 1.08301 3.61137 0.0171076 0.00766453 3.95737e+10 9.98021e+11
76 1.04309 1.09225 0.174085 62.5922 459.694 59.2943 3.2979 5.28474e+08 2.1238e+09 1.45174e+08 52786.9 9599.47 1.55296e+06 32995.3 0.204875 2.54058e+13 3.11038e+14 2.75395e+13 2.90527 0 0 353144 1.17045e+06 1.07084 3.54916 0.0171082 0.0077207 3.95737e+10 9.98021e+11
77 1.09225 1.14373 0.182289 61.8548 448.154 58.5577 3.29711 5.78016e+08 2.28585e+09 1.57666e+08 60536.5 9584.89 1.55139e+06 37829.9 0.204855 2.51874e+13 3.08364e+14 2.73084e+13 2.82719 0 0 382667 1.26042e+06 1.05827 3.48568 0.0171089 0.00777788 3.95737e+10 9.98021e+11
78 1.14373 1.19763 0.19088 61.0928 436.564 57.7965 3.29627 6.32131e+08 2.45894e+09 1.71156e+08 69420.1 9569.67 1.54974e+06 43370.2 0.204833 2.49608e+13 3.0559e+14 2.70684e+13 2.74757 0 0 414434 1.35636e+06 1.04527 3.42096 0.0171096 0.0078361 3.95737e+10 9.98021e+11
79 1.19763 1.25407 0.199876 60.3059 424.935 57.0106 3.29539 6.91231e+08 2.64368e+09 1.85714e+08 79603 9553.79 1.54803e+06 49718.5 0.20481 2.47258e+13 3.02712e+14 2.68193e+13 2.6664 0 0 448584 1.45855e+06 1.03185 3.35502 0.0171103 0.00789536 3.95737e+10 9.98021e+11
80 1.25407 1.31318 0.209296 59.4939 413.275 56.1995 3.29445 7.55763e+08 2.84068e+09 2.01413e+08 91274.2 9537.21 1.54624e+06 56992 0.204787 2.44821e+13 2.99729e+14 2.6561e+13 2.58367 0 0 485261 1.56726e+06 1.018 3.28788 0.0171111 0.00795567 3.95737e+10 9.98021e+11
81 1.31318 1.37507 0.21916 58.6565 401.593 55.363 3.29346 8.26213e+08 3.05058e+09 2.18328e+08 104650 9519.92 1.54437e+06 65324.7 0.204762 2.42296e+13 2.96637e+14 2.62932e+13 2.49934 0 0 524612 1.68278e+06 1.00372 3.21959 0.0171119 0.00801706 3.95737e+10 9.98021e+11
82 1.37507 1.43987 0.229489 57.7934 389.898 54.501 3.29241 9.0311e+08 3.27403e+09 2.36539e+08 119979 9501.88 1.54242e+06 74870.1 0.204736 2.3968e+13 2.93435e+14 2.60156e+13 2.41342 0 0 566790 1.80535e+06 0.989 3.15019 0.0171127 0.00807951 3.95737e+10 9.98021e+11
83 1.43987 1.50773 0.240304 56.9047 378.201 53.6134 3.2913 9.87027e+08 3.51168e+09 2.5613e+08 137544 9483.06 1.54038e+06 85803.7 0.204709 2.36973e+13 2.9012e+14 2.57281e+13 2.32587 0 0 611946 1.93524e+06 0.97384 3.07971 0.0171135 0.00814304 3.95737e+10 9.98021e+11
84 1.50773 1.57879 0.251629 55.9902 366.511 52.7001 3.29013 1.07858e+09 3.76421e+09 2.77186e+08 157669 9463.43 1.53825e+06 98325.2 0.204681 2.34171e+13 2.8669e+14 2.54304e+13 2.23667 0 0 660237 2.07268e+06 0.95824 3.0082 0.0171144 0.00820767 3.95737e+10 9.98021e+11
85 1.57879 1.65319 0.263488 55.05 354.839 51.7611 3.28889 1.17845e+09 4.03229e+09 2.99796e+08 180726 9442.97 1.53604e+06 112665 0.204651 2.31274e+13 2.83143e+14 2.51225e+13 2.1458 0 0 711818 2.2179e+06 0.9422 2.93573 0.0171153 0.0082734 3.95737e+10 9.98021e+11
86 1.65319 1.7311 0.275906 54.0841 343.197 50.7966 3.28757 1.28737e+09 4.31658e+09 3.24051e+08 207139 9421.63 1.53372e+06 129084 0.20462 2.28279e+13 2.79477e+14 2.4804e+13 2.05324 0 0 766842 2.37108e+06 0.925721 2.86234 0.0171163 0.00834021 3.95737e+10 9.98021e+11
87 1.7311 1.81269 0.288909 53.0928 331.595 49.8067 3.28617 1.40612e+09 4.61777e+09 3.50045e+08 237394 9399.4 1.53131e+06 147882 0.204588 2.25187e+13 2.75691e+14 2.44748e+13 1.95898 0 0 825463 2.53241e+06 0.908807 2.78809 0.0171173 0.00840812 3.95737e+10 9.98021e+11
88 1.81269 1.89812 0.302525 52.0763 320.046 48.7916 3.28468 1.53556e+09 4.93651e+09 3.77872e+08 272045 9376.23 1.52879e+06 169400 0.204554 2.21994e+13 2.71783e+14 2.41347e+13 1.86301 0 0 887828 2.70201e+06 0.891462 2.71307 0.0171184 0.00847713 3.95737e+10 9.98021e+11
89 1.89812 1.98757 0.316782 51.035 308.56 47.7519 3.2831 1.67661e+09 5.27346e+09 4.07631e+08 311728 9352.09 1.52616e+06 194029 0.20452 2.18701e+13 2.67751e+14 2.37838e+13 1.76532 0 0 954079 2.87998e+06 0.873693 2.63733 0.0171195 0.00854723 3.95737e+10 9.98021e+11
90 1.98757 2.08125 0.331712 49.9694 297.143 46.688 3.28143 1.83028e+09 5.62925e+09 4.39418e+08 357168 9326.94 1.52343e+06 222217 0.204482 2.15307e+13 2.63595e+14 2.34217e+13 1.66593 0 0 1.02435e+06 3.06636e+06 0.855507 2.56093 0.0171206 0.0086185 3.95737e+10 9.98021e+11
91 2.08125 2.17933 0.347345 48.88 285.812 45.6004 3.27964 1.99766e+09 6.00448e+09 4.73332e+08 409193 9300.76 1.52057e+06 254471 0.204444 2.1181e+13 2.59314e+14 2.30485e+13 1.56492 0 0 1.09877e+06 3.26116e+06 0.836915 2.48397 0.0171218 0.00869092 3.95737e+10 9.98021e+11
92 2.17933 2.28204 0.363715 47.7676 274.58 44.4899 3.27774 2.17989e+09 6.39975e+09 5.0947e+08 468750 9273.5 1.5176e+06 291372 0.204404 2.08211e+13 2.54908e+14 2.26641e+13 1.46224 0 0 1.17744e+06 3.46433e+06 0.817928 2.40654 0.0171231 0.00876444 3.95737e+10 9.98021e+11
93 2.28204 2.38959 0.380856 46.633 263.462 43.3573 3.27572 2.37826e+09 6.81561e+09 5.47927e+08 536923 9245.12 1.5145e+06 333584 0.204363 2.0451e+13 2.50377e+14 2.22684e+13 1.35792 0 0 1.26047e+06 3.67576e+06 0.79856 2.32874 0.0171244 0.00883901 3.95737e+10 9.98021e+11
94 2.38959 2.50221 0.398805 45.4772 252.47 42.2036 3.27357 2.59411e+09 7.25256e+09 5.888e+08 614945 9215.6 1.51128e+06 381863 0.204319 2.00706e+13 2.4572e+14 2.18615e+13 1.252 0 0 1.34793e+06 3.89527e+06 0.778828 2.25067 0.0171257 0.00891463 3.95737e+10 9.98021e+11
95 2.50221 2.62013 0.417601 44.3012 241.615 41.0299 3.27127 2.8289e+09 7.71108e+09 6.32177e+08 704227 9184.88 1.50792e+06 437074 0.204274 1.96801e+13 2.40939e+14 2.14433e+13 1.14449 0 0 1.43988e+06 4.12261e+06 0.758751 2.17244 0.0171271 0.0089913 3.95737e+10 9.98021e+11
96 2.62013 2.74362 0.437281 43.1063 230.912 39.8375 3.26881 3.08423e+09 8.19155e+09 6.78146e+08 806381 9152.94 1.50442e+06 500200 0.204226 1.92796e+13 2.36036e+14 2.10141e+13 1.03538 0 0 1.53634e+06 4.35744e+06 0.738349 2.09414 0.0171286 0.009069 3.95737e+10 9.98021e+11
97 2.74362 2.87292 0.45789 41.8939 220.371 38.6277 3.26619 3.36177e+09 8.69434e+09 7.26788e+08 923244 9119.73 1.50078e+06 572361 0.204176 1.88691e+13 2.3101e+14 2.05738e+13 0.92461 0 0 1.63733e+06 4.59931e+06 0.717646 2.01589 0.0171301 0.0091477 3.95737e+10 9.98021e+11
98 2.87292 3.00832 0.47947 40.6655 210.006 37.4021 3.26339 3.66336e+09 9.21969e+09 7.78179e+08 1.05691e+06 9085.21 1.49699e+06 654836 0.204125 1.84489e+13 2.25866e+14 2.01226e+13 0.812378 0 0 1.74281e+06 4.8477e+06 0.696667 1.9378 0.0171316 0.00922738 3.95737e+10 9.98021e+11
99 3.00832 3.15009 0.502066 39.4227 199.827 36.1623 3.26039 3.99096e+09 9.76782e+09 8.32386e+08 1.20978e+06 9049.34 1.49305e+06 749083 0.204071 1.80191e+13 2.20604e+14 1.96608e+13 0.698723 0 0 1.85273e+06 5.10197e+06 0.675441 1.86 0.0171333 0.00930804 3.95737e+10 9.98021e+11
100 3.15009 3.29855 0.525728 38.1674 189.846 34.9103 3.25718 4.34666e+09 1.03388e+10 8.89468e+08 1.38457e+06 9012.08 1.48895e+06 856755 0.204015 1.75801e+13 2.1523e+14 1.91886e+13 0.583631 0 0 1.96699e+06 5.36136e+06 0.653998 1.78258 0.017135 0.00938962 3.95737e+10 9.98021e+11
101 3.29855 3.45401 0.550505 36.9016 180.075 33.6479 3.25374 4.73271e+09 1.09327e+10 9.49473e+08 1.5844e+06 8973.4 1.48468e+06 979745 0.203957 1.71322e+13 2.09746e+14 1.87062e+13 0.467413 0 0 2.08544e+06 5.62504e+06 0.632373 1.70569 0.0171367 0.00947213 3.95737e+10 9.98021e+11
102 3.45401 3.61679 0.576449 35.6273 170.523 32.3772 3.25005 5.15154e+09 1.15493e+10 1.01244e+09 1.8128e+06 8933.24 1.48025e+06 1.1202e+06 0.203896 1.66757e+13 2.04156e+14 1.82141e+13 0.350004 0 0 2.20791e+06 5.892e+06 0.6106 1.62944 0.0171385 0.00955552 3.95737e+10 9.98021e+11
103 3.61679 3.78724 0.603616 34.3467 161.202 31.1006 3.24609 5.60571e+09 1.21884e+10 1.07839e+09 2.07382e+06 8891.58 1.47564e+06 1.28056e+06 0.203832 1.62109e+13 1.98467e+14 1.77127e+13 0.231742 0 0 2.33417e+06 6.16116e+06 0.588717 1.55395 0.0171404 0.00963977 3.95737e+10 9.98021e+11
104 3.78724 3.96573 0.632064 33.0623 152.121 29.8205 3.24183 6.098e+09 1.28497e+10 1.14734e+09 2.37205e+06 8848.37 1.47086e+06 1.46361e+06 0.203766 1.57385e+13 1.92683e+14 1.72025e+13 0.112702 0 0 2.46394e+06 6.43128e+06 0.566766 1.47935 0.0171424 0.00972485 3.95737e+10 9.98021e+11
105 3.96573 4.15263 0.661852 31.7766 143.289 28.5393 3.23725 6.63134e+09 1.35328e+10 1.21928e+09 2.71274e+06 8803.56 1.46589e+06 1.6725e+06 0.203697 1.5259e+13 1.86812e+14 1.6684e+13 -0.00662344 0 0 2.59689e+06 6.70101e+06 0.544789 1.40577 0.0171444 0.00981074 3.95737e+10 9.98021e+11
106 4.15263 4.34834 0.693044 30.4921 134.715 27.2597 3.23231 7.20887e+09 1.42369e+10 1.2942e+09 3.10183e+06 8757.13 1.46073e+06 1.91084e+06 0.203625 1.47728e+13 1.8086e+14 1.61577e+13 -0.125797 0 0 2.73266e+06 6.96891e+06 0.522829 1.33333 0.0171464 0.00989743 3.95737e+10 9.98021e+11
107 4.34834 4.55327 0.725707 29.2115 126.407 25.9845 3.227 7.83395e+09 1.49613e+10 1.37207e+09 3.54612e+06 8709.03 1.45538e+06 2.18268e+06 0.203551 1.42807e+13 1.74836e+14 1.56245e+13 -0.242797 0 0 2.87082e+06 7.23345e+06 0.500934 1.26218 0.0171485 0.00998504 3.95737e+10 9.98021e+11
108 4.55327 4.76786 0.759908 27.9377 118.372 24.7164 3.22127 8.51014e+09 1.57051e+10 1.45283e+09 4.05331e+06 8659.22 1.44982e+06 2.49268e+06 0.203473 1.37834e+13 1.68747e+14 1.50849e+13 -0.359046 0 0 3.01091e+06 7.49288e+06 0.479151 1.1924 0.0171507 0.0100733 3.95737e+10 9.98021e+11
109 4.76786 4.99256 0.795721 26.6735 110.619 23.4584 3.21509 9.24121e+09 1.64673e+10 1.53643e+09 4.63218e+06 8607.67 1.44406e+06 2.84608e+06 0.203391 1.32816e+13 1.62603e+14 1.45399e+13 -0.47671 0 0 3.15242e+06 7.74528e+06 0.457528 1.12412 0.0171529 0.010162 3.95737e+10 9.98021e+11
110 4.99256 5.22785 0.833223 25.4219 103.152 22.2134 3.20841 1.00312e+10 1.72466e+10 1.6228e+09 5.29269e+06 8554.34 1.43809e+06 3.24883e+06 0.203307 1.27761e+13 1.56415e+14 1.39903e+13 -0.595738 0 0 3.29479e+06 7.98868e+06 0.436116 1.05742 0.0171551 0.0102511 3.95737e+10 9.98021e+11
111 5.22785 5.47423 0.872491 24.1857 95.9756 20.9845 3.20119 1.08843e+10 1.80416e+10 1.71184e+09 6.04617e+06 8499.19 1.4319e+06 3.70771e+06 0.20322 1.22678e+13 1.50192e+14 1.34371e+13 -0.716063 0 0 3.43744e+06 8.22101e+06 0.414963 0.99243 0.0171574 0.0103404 3.95737e+10 9.98021e+11
112 5.47423 5.73223 0.91361 22.9679 89.0928 19.7745 3.19338 1.18051e+10 1.88509e+10 1.80345e+09 6.90548e+06 8442.2 1.4255e+06 4.23036e+06 0.203129 1.17577e+13 1.43947e+14 1.28812e+13 -0.837658 0 0 3.57978e+06 8.44017e+06 0.394122 0.929234 0.0171597 0.01043 3.95737e+10 9.98021e+11
113 5.73223 6.00238 0.956668 21.7714 82.5065 18.5865 3.18494 1.27983e+10 1.96726e+10 1.89754e+09 7.88522e+06 8383.32 1.41886e+06 4.82549e+06 0.203034 1.12468e+13 1.37692e+14 1.23238e+13 -0.960553 0 0 3.72117e+06 8.64394e+06 0.373641 0.867932 0.017162 0.0105196 3.95737e+10 9.98021e+11
114 6.00238 6.28526 1.00175 20.5991 76.2183 17.4233 3.1758 1.38689e+10 2.05049e+10 1.994e+09 9.00196e+06 8322.54 1.41199e+06 5.62974e+06 0.198364 1.07359e+13 1.31438e+14 1.17659e+13 -1.08465 0 0 3.861e+06 8.8301e+06 0.353569 0.808611 0.0171643 0.0106092 3.95737e+10 9.98021e+11
115 6.28526 6.58148 1.04897 19.4538 70.2289 16.2879 3.1659 1.50223e+10 2.13458e+10 2.09273e+09 1.02745e+07 8259.83 1.40489e+06 6.3922e+06 0.199074 1.02264e+13 1.25199e+14 1.12087e+13 -1.20981 0 0 3.99864e+06 8.99642e+06 0.333954 0.751353 0.0171665 0.0106986 3.95737e+10 9.98021e+11
116 6.58148 6.89165 1.0984 18.3382 64.5383 15.183 3.15518 1.6264e+10 2.21931e+10 2.19362e+09 1.17241e+07 8195.15 1.39755e+06 7.25479e+06 0.199814 9.71912e+12 1.18989e+14 1.06536e+13 -1.33604 0 0 4.1335e+06 9.14067e+06 0.314842 0.69623 0.0171686 0.0107879 3.95737e+10 9.98021e+11
117 6.89165 7.21645 1.15017 17.2548 59.1452 14.1112 3.14358 1.75998e+10 2.30445e+10 2.29659e+09 1.33749e+07 8128.49 1.38996e+06 8.23003e+06 0.200587 9.21537e+12 1.12822e+14 1.01018e+13 -1.46325 0 0 4.26503e+06 9.26069e+06 0.296276 0.643306 0.0171706 0.0108767 3.95737e+10 9.98021e+11
118 7.21645 7.55655 1.20437 16.2059 54.0476 13.0749 3.13101 1.90359e+10 2.38976e+10 2.40158e+09 1.52543e+07 8059.82 1.38212e+06 9.33207e+06 0.201392 8.71628e+12 1.06711e+14 9.55452e+12 -1.59132 0 0 4.39272e+06 9.35439e+06 0.278297 0.592639 0.0171725 0.0109651 3.95737e+10 9.98021e+11
119 7.55655 7.91268 1.26113 15.1939 49.2425 12.0765 3.1174 2.05786e+10 2.47499e+10 2.50855e+09 1.73932e+07 7989.14 1.37403e+06 1.05766e+07 0.202232 8.22303e+12 1.00673e+14 9.01323e+12 -1.72018 0 0 4.51616e+06 9.41982e+06 0.260942 0.544273 0.0171742 0.0110529 3.95737e+10 9.98021e+11
120 7.91268 8.28559 1.32057 14.2205 44.7261 11.1178 3.10269 2.22347e+10 2.55986e+10 2.6175e+09 1.98267e+07 7916.42 1.36568e+06 1.19812e+07 0.203107 7.73684e+12 9.47204e+13 8.47927e+12 -1.84977 0 0 4.63502e+06 9.45515e+06 0.244245 0.498245 0.0171755 0.0111399 3.95737e+10 9.98021e+11
121 8.28559 8.67608 1.38281 13.2876 40.4934 10.2008 3.08678 2.40111e+10 2.64412e+10 2.72848e+09 2.25943e+07 7841.66 1.35707e+06 1.35654e+07 0.204019 7.25889e+12 8.88689e+13 7.95402e+12 -1.98005 0 0 4.74907e+06 9.4588e+06 0.228235 0.45458 0.0171766 0.011226 3.95737e+10 9.98021e+11
122 8.67608 9.08497 1.44798 12.3965 36.5387 9.32689 3.06961 2.59151e+10 2.72748e+10 2.84159e+09 2.57408e+07 7764.86 1.34819e+06 1.53511e+07 0.204969 6.79037e+12 8.3133e+13 7.43885e+12 -2.11097 0 0 4.85822e+06 9.42941e+06 0.212937 0.413294 0.0171772 0.0113111 3.95737e+10 9.98021e+11
123 9.08497 9.51313 1.51622 11.5485 32.8557 8.49736 3.05111 2.79543e+10 2.80968e+10 2.957e+09 2.93168e+07 7686 1.33905e+06 1.73625e+07 0.205959 6.33247e+12 7.7527e+13 6.93513e+12 -2.24229 0 0 4.96254e+06 9.36588e+06 0.198371 0.374389 0.0171773 0.0113949 3.95737e+10 9.98021e+11
124 9.51313 9.96147 1.58767 10.7443 29.437 7.7131 3.03121 3.01364e+10 2.89042e+10 3.07495e+09 3.33793e+07 7605.09 1.32963e+06 1.96266e+07 0.206991 5.88631e+12 7.20648e+13 6.44419e+12 -2.37391 0 0 5.06225e+06 9.26747e+06 0.184552 0.337859 0.0171767 0.0114774 3.95737e+10 9.98021e+11
125 9.96147 10.4309 1.6625 9.98457 26.2744 6.97472 3.00985 3.24696e+10 2.96945e+10 3.19577e+09 3.79929e+07 7522.14 1.31995e+06 2.21735e+07 0.208066 5.45302e+12 6.67601e+13 5.96732e+12 -2.50605 0 0 5.15775e+06 9.13377e+06 0.171488 0.303686 0.0171753 0.0115582 3.95737e+10 9.98021e+11
126 10.4309 10.9225 1.74085 9.26949 23.3593 6.28251 2.98698 3.49621e+10 3.04648e+10 3.31989e+09 4.32301e+07 7437.16 1.30999e+06 2.50363e+07 0.209185 5.03364e+12 6.16257e+13 5.50575e+12 -2.63863 0 0 5.24965e+06 8.96474e+06 0.159186 0.271839 0.0171731 0.0116373 3.95737e+10 9.98021e+11
127 10.9225 11.4373 1.82289 8.599 20.6824 5.63642 2.96259 3.76225e+10 3.12127e+10 3.44784e+09 4.91729e+07 7350.17 1.29975e+06 2.82518e+07 0.210352 4.62916e+12 5.66738e+13 5.06064e+12 -2.77137 0 0 5.33874e+06 8.7608e+06 0.147643 0.24228 0.0171698 0.0117143 3.95737e+10 9.98021e+11
128 11.4373 11.9763 1.9088 7.97274 18.2336 5.03608 2.93666 4.04597e+10 3.19356e+10 3.58025e+09 5.59135e+07 7261.19 1.28924e+06 3.18609e+07 0.211565 4.24052e+12 5.19157e+13 4.63308e+12 -2.90488 0 0 5.42604e+06 8.52277e+06 0.136854 0.214959 0.0171652 0.0117891 3.95737e+10 9.98021e+11
129 11.9763 12.5407 1.99876 7.39004 16.0027 4.48081 2.90922 4.34826e+10 3.26313e+10 3.71789e+09 6.35559e+07 7170.23 1.27845e+06 3.59085e+07 0.212828 3.86855e+12 4.73618e+13 4.22403e+12 -3.03849 0 0 5.5128e+06 8.25192e+06 0.126808 0.189814 0.0171593 0.0118614 3.95737e+10 9.98021e+11
130 12.5407 13.1318 2.09296 6.84998 13.9787 3.96966 2.88032 4.67005e+10 3.32977e+10 3.86164e+09 7.22168e+07 7077.34 1.26739e+06 4.04447e+07 0.214143 3.514e+12 4.30211e+13 3.83436e+12 -3.17244 0 0 5.60047e+06 7.94997e+06 0.11749 0.166778 0.0171518 0.0119309 3.95737e+10 9.98021e+11
131 13.1318 13.7507 2.1916 6.35142 12.1506 3.50136 2.85006 5.01227e+10 3.39327e+10 4.01251e+09 8.20277e+07 6982.55 1.25604e+06 4.55267e+07 0.215498 3.17753e+12 3.89017e+13 3.46479e+12 -3.30743 0 0 5.69077e+06 7.61909e+06 0.108879 0.145773 0.0171425 0.0119972 3.95737e+10 9.98021e+11
132 13.7507 14.3987 2.29489 5.89298 10.5069 3.07443 2.81855 5.37587e+10 3.45349e+10 4.17166e+09 9.31362e+07 6885.91 1.24443e+06 5.12139e+07 0.216904 2.85966e+12 3.50101e+13 3.11593e+12 -3.44408 0 0 5.78563e+06 7.26187e+06 0.100954 0.126713 0.0171313 0.01206 3.95737e+10 9.98021e+11
133 14.3987 15.0773 2.40304 5.47313 9.03623 2.68714 2.78599 5.76183e+10 3.51027e+10 4.34038e+09 1.05708e+08 6787.45 1.23254e+06 5.75725e+07 0.218366 2.56081e+12 3.13514e+13 2.78821e+12 -3.58185 0 0 5.88723e+06 6.88131e+06 0.0936883 0.109508 0.0171178 0.0121188 3.95737e+10 9.98021e+11
134 15.0773 15.7879 2.51629 5.09019 7.72686 2.3376 2.75259 6.17111e+10 3.56351e+10 4.52009e+09 1.19929e+08 6687.24 1.22038e+06 6.46755e+07 0.219888 2.28127e+12 2.7929e+13 2.48192e+12 -3.72136 0 0 5.99801e+06 6.48076e+06 0.0870526 0.094059 0.017102 0.012173 3.95737e+10 9.98021e+11
135 15.7879 16.5319 2.63488 4.74238 6.56724 2.02375 2.71863 6.6047e+10 3.61312e+10 4.71238e+09 1.36009e+08 6585.33 1.20795e+06 7.26037e+07 0.221469 2.02118e+12 2.47448e+13 2.1972e+12 -3.86305 0 0 6.12069e+06 6.06389e+06 0.0810167 0.0802649 0.0170836 0.012222 3.95737e+10 9.98021e+11
136 16.5319 17.311 2.75906 4.42784 5.54587 1.74341 2.68443 7.06359e+10 3.65906e+10 4.91896e+09 1.5418e+08 6481.78 1.19525e+06 8.14449e+07 0.223113 1.78055e+12 2.17989e+13 1.93401e+12 -4.0061 0 0 6.25823e+06 5.6346e+06 0.0755485 0.0680202 0.0170621 0.012265 3.95737e+10 9.98021e+11
137 17.311 18.1269 2.88909 4.14472 4.65143 1.49435 2.65037 7.54875e+10 3.70131e+10 5.14173e+09 1.74706e+08 6376.67 1.18229e+06 9.12954e+07 0.224822 1.55926e+12 1.90896e+13 1.69213e+12 -4.14165 0 0 6.41392e+06 5.197e+06 0.0706152 0.0572173 0.0170374 0.012301 3.95737e+10 9.98021e+11
138 18.1269 18.9812 3.02525 3.89114 3.87287 1.27427 2.61686 8.06118e+10 3.73988e+10 5.38273e+09 1.97878e+08 6270.07 1.16908e+06 1.02261e+08 0.226597 1.35701e+12 1.66136e+13 1.47121e+12 -4.28651 0 0 6.59135e+06 4.75526e+06 0.0661834 0.0477472 0.0170088 0.0123286 3.95737e+10 9.98021e+11
139 18.9812 19.8757 3.16782 3.66526 3.19943 1.08088 2.58439 8.60185e+10 3.77482e+10 5.64422e+09 2.24025e+08 6162.06 1.15561e+06 1.14457e+08 0.228443 1.1734e+12 1.43656e+13 1.27073e+12 -4.43982 0 0 6.79444e+06 4.31356e+06 0.0622197 0.0395012 0.0169755 0.0123463 3.95737e+10 9.98021e+11
140 19.8757 20.8125 3.31712 3.46535 2.62076 0.911898 2.55345 9.17172e+10 3.8062e+10 5.92863e+09 2.53513e+08 6052.72 1.1419e+06 1.28009e+08 0.230359 1.00785e+12 1.23389e+13 1.09002e+12 -4.59609 0 0 7.02744e+06 3.87602e+06 0.058691 0.0323713 0.0169365 0.0123519 3.95737e+10 9.98021e+11
141 20.8125 21.7933 3.47345 3.28973 2.12694 0.765108 2.52462 9.77174e+10 3.83412e+10 6.23866e+09 2.86751e+08 5942.14 1.12795e+06 1.43052e+08 0.23235 8.59688e+11 1.0525e+13 9.28269e+11 -4.75269 0 0 7.29498e+06 3.44654e+06 0.0555646 0.0262517 0.0168903 0.0123425 3.95737e+10 9.98021e+11
142 21.7933 22.8204 3.63715 3.13689 1.70856 0.638364 2.49853 1.04029e+11 3.85872e+10 6.57729e+09 3.24196e+08 5830.41 1.11377e+06 1.56326e+08 0.239532 7.28101e+11 8.91397e+12 7.8456e+11 -4.91452 0 0 7.60201e+06 3.02877e+06 0.0528084 0.0210397 0.0168346 0.0123143 3.95737e+10 9.98021e+11
143 22.8204 23.8959 3.80856 3.00552 1.35676 0.529625 2.4759 1.1066e+11 3.88014e+10 6.94785e+09 3.66357e+08 5717.65 1.09936e+06 1.74873e+08 0.241095 6.1219e+11 7.49491e+12 6.57864e+11 -5.08783 0 0 7.95379e+06 2.626e+06 0.0503905 0.0166368 0.016766 0.0122621 3.95737e+10 9.98021e+11
144 23.8959 25.0221 3.98805 2.89471 1.06325 0.436993 2.45772 1.1762e+11 3.89854e+10 7.35416e+09 4.13801e+08 5603.93 1.08474e+06 1.95475e+08 0.242714 5.11009e+11 6.25617e+12 5.47068e+11 -5.27096 0 0 8.35579e+06 2.24112e+06 0.0482794 0.0129491 0.0166785 0.0121788 3.95737e+10 9.98021e+11
145 25.0221 26.2013 4.17601 2.80454 0.820279 0.358794 2.44574 1.24918e+11 3.9141e+10 7.80079e+09 4.67162e+08 5489.38 1.0699e+06 2.18341e+08 0.24439 4.23645e+11 5.18659e+12 4.50994e+11 -5.43813 0 0 8.8133e+06 1.8765e+06 0.0464422 0.00988831 0.0165597 0.0120548 3.95737e+10 9.98021e+11
146 26.2013 27.4362 4.37281 2.73729 0.620646 0.293659 2.44363 1.32561e+11 3.92702e+10 8.2937e+09 5.27141e+08 5374.1 1.05487e+06 2.43695e+08 0.246124 3.49316e+11 4.27659e+12 3.68425e+11 -5.6562 0 0 9.33051e+06 1.53401e+06 0.0448415 0.00737227 0.0163817 0.0118784 3.95737e+10 9.98021e+11
147 27.4362 28.7292 4.5789 2.69877 0.457564 0.240481 2.45829 1.40558e+11 3.93746e+10 8.84142e+09 5.94521e+08 5258.2 1.03965e+06 2.71784e+08 0.247918 2.87313e+11 3.51751e+12 2.98117e+11 -5.85024 0 0 9.90876e+06 1.21501e+06 0.0434304 0.0053254 0.0160926 0.0116386 3.95737e+10 9.98021e+11
148 28.7292 30.0832 4.7947 2.69764 0.324698 0.198068 2.49957 1.48916e+11 3.94558e+10 9.45652e+09 6.70171e+08 5141.8 1.02425e+06 3.02874e+08 0.249774 2.36673e+11 2.89754e+12 2.38832e+11 -5.96687 0 0 1.05455e+07 920355 0.0421543 0.003679 0.0156264 0.0113305 3.95737e+10 9.98021e+11
149 30.0832 31.5009 5.02066 2.74066 0.216354 0.164696 2.57597 1.57643e+11 3.95151e+10 1.01563e+10 7.55056e+08 5025 1.00868e+06 3.37256e+08 0.251693 1.95767e+11 2.39673e+12 1.89347e+11 -6.12915 0 0 1.12368e+07 650361 0.0409654 0.00237099 0.0149473 0.0109588 3.95737e+10 9.98021e+11
150 31.5009 32.9855 5.25728 2.82556 0.127727 0.137986 2.68757 1.66744e+11 3.95536e+10 1.09615e+10 8.50246e+08 4907.94 992952 3.74908e+08 0.253903 1.62276e+11 1.98671e+12 1.48481e+11 -6.03857 0 0 1.19844e+07 404578 0.0398466 0.00134517 0.0141022 0.0105316 3.95737e+10 9.98021e+11
151 32.9855 34.5401 5.50505 2.93623 0.0549034 0.115349 2.82088 1.76226e+11 3.95717e+10 1.18919e+10 9.56929e+08 4790.73 977079 4.03016e+08 0.255957 1.33718e+11 1.63709e+12 1.15109e+11 -5.3024 0 0 1.28026e+07 181926 0.0388214 0.000551656 0.0132215 0.0100478 3.95737e+10 9.98021e+11
152 34.5401 36.1679 5.76449 2.94172 0.00551049 0.0342469 2.90748 1.86095e+11 3.95737e+10 1.29237e+10 1.07642e+09 4673.48 961072 4.31083e+08 0.25808 0 0 8.81733e+10 13.8654 0 0 1.3334e+07 0 0.0368754 0 0.0125353 0 3.95737e+10 9.98021e+11
153 36.1679 37.8724 6.03616 2.13879 0 0 2.13879 1.96356e+11 3.95737e+10 1.37453e+10 1.21017e+09 4556.32 944942 4.60824e+08 0.260274 0 0 6.66973e+10 nan 0 0 1.0695e+07 0 0.0269745 0 0.012612 0 3.95737e+10 9.98021e+11
154 37.8724 39.6573 6.32064 1.53467 0 0 1.53467 2.07013e+11 3.95737e+10 1.43908e+10 1.3598e+09 4439.37 928702 4.92314e+08 0.262539 0 0 4.97928e+10 nan 0 0 8.46436e+06 0 0.0194701 0 0.0126869 0 3.95737e+10 9.98021e+11
155 39.6573 41.5263 6.61852 1.08609 0 0 1.08609 2.18071e+11 3.95737e+10 1.4891e+10 1.52709e+09 4322.74 912365 5.2563e+08 0.26488 0 0 3.66641e+10 nan 0 0 6.60603e+06 0 0.0138585 0 0.0127599 0 3.95737e+10 9.98021e+11
156 41.5263 43.4834 6.93044 0.757616 0 0 0.757616 2.29532e+11 3.95737e+10 1.52731e+10 1.71399e+09 4206.56 895943 5.60851e+08 0.267296 0 0 2.66104e+10 nan 0 0 5.08088e+06 0 0.00972105 0 0.0128311 0 3.95737e+10 9.98021e+11
157 43.4834 45.5327 7.25707 0.520551 0 0 0.520551 2.41399e+11 3.95737e+10 1.55605e+10 1.92269e+09 4090.94 879449 5.98058e+08 0.269072 0 0 1.90241e+10 nan 0 0 3.84853e+06 0 0.00671537 0 0.0129005 0 3.95737e+10 9.98021e+11
158 45.5327 47.6786 7.59908 0.352047 0 0 0.352047 2.53676e+11 3.95737e+10 1.57733e+10 2.15557e+09 3975.99 862897 6.37332e+08 0.27061 0 0 1.33871e+10 nan 0 0 2.86882e+06 0 0.00456539 0 0.0129681 0 3.95737e+10 9.98021e+11
159 47.6786 49.9256 7.95721 0.234174 0 0 0.234174 2.66363e+11 3.95737e+10 1.59283e+10 2.41528e+09 3861.82 846299 6.78755e+08 0.272192 0 0 9.26561e+09 nan 0 0 2.10301e+06 0 0.00305222 0 0.013034 0 3.95737e+10 9.98021e+11
160 49.9256 52.2785 8.33223 0.153086 0 0 0.153086 2.79461e+11 3.95737e+10 1.60392e+10 2.70472e+09 3748.56 829669 7.22412e+08 0.273817 0 0 6.30278e+09 nan 0 0 1.51486e+06 0 0.00200515 0 0.0130981 0 3.95737e+10 9.98021e+11
161 52.2785 54.7423 8.72491 0.0982745 0 0 0.0982745 2.92971e+11 3.95737e+10 1.61171e+10 3.02709e+09 3636.29 813020 7.68385e+08 0.275487 0 0 4.2102e+09 nan 0 0 1.07137e+06 0 0.00129335 0 0.0131606 0 3.95737e+10 9.98021e+11
162 54.7423 57.3223 9.1361 0.0618983 0 0 0.0618983 3.06893e+11 3.95737e+10 1.61708e+10 3.3859e+09 3525.12 796364 8.16761e+08 0.277204 0 0 2.75941e+09 nan 0 0 743327 0 0.000818378 0 0.0132213 0 3.95737e+10 9.98021e+11
163 57.3223 60.0238 9.56668 0.0382173 0 0 0.0382173 3.21227e+11 3.95737e+10 1.62071e+10 3.78502e+09 3415.16 779716 8.67624e+08 0.277923 0 0 1.77289e+09 nan 0 0 505475 0 0.000507544 0 0.0132805 0 3.95737e+10 9.98021e+11
164 60.0238 62.8526 10.0175 0.0231088 0 0 0.0231088 3.3597e+11 3.95737e+10 1.62311e+10 4.2287e+09 3306.49 763087 9.2106e+08 0.278522 0 0 1.11556e+09 nan 0 0 336585 0 0.000308226 0 0.013338 0 3.95737e+10 9.98021e+11
165 62.8526 65.8148 10.4897 0.0136711 0 0 0.0136711 3.51121e+11 3.95737e+10 1.62467e+10 4.72157e+09 3199.21 746490 9.77154e+08 0.279136 0 0 6.86783e+08 nan 0 0 219250 0 0.000183111 0 0.013394 0 3.95737e+10 9.98021e+11
166 65.8148 68.9165 10.984 0.00790482 0 0 0.00790482 3.66678e+11 3.95737e+10 1.62565e+10 5.26875e+09 3093.4 729938 1.03599e+09 0.279761 0 0 4.13256e+08 nan 0 0 139569 0 0.000106307 0 0.0134484 0 3.95737e+10 9.98021e+11
167 68.9165 72.1645 11.5017 0.00446244 0 0 0.00446244 3.82637e+11 3.95737e+10 1.62626e+10 5.87582e+09 2989.14 713443 1.09766e+09 0.280401 0 0 2.42785e+08 nan 0 0 86731.3 0 6.02491e-05 0 0.0135014 0 3.95737e+10 9.98021e+11
168 72.1645 75.5655 12.0437 0.00245672 0 0 0.00245672 3.98997e+11 3.95737e+10 1.62663e+10 6.5489e+09 2886.5 697017 1.16223e+09 0.276963 0 0 1.39104e+08 nan 0 0 52554.7 0 3.32955e-05 0 0.0135529 0 3.95737e+10 9.98021e+11
169 75.5655 79.1268 12.6113 0.00131743 0 0 0.00131743 4.15751e+11 3.95737e+10 1.62684e+10 7.29468e+09 2785.57 680672 1.2298e+09 0.27111 0 0 7.76347e+07 nan 0 0 31015.8 0 1.79208e-05 0 0.0136029 0 3.95737e+10 9.98021e+11
170 79.1268 82.8559 13.2057 0.000687302 0 0 0.000687302 4.32898e+11 3.95737e+10 1.62696e+10 8.12045e+09 2686.39 664419 1.30044e+09 0.265277 0 0 4.21538e+07 nan 0 0 17805.6 0 9.38276e-06 0 0.0136516 0 3.95737e+10 9.98021e+11
171 82.8559 86.7608 13.8281 0.000348383 0 0 0.000348383 4.50431e+11 3.95737e+10 1.62703e+10 9.03422e+09 2589.04 648268 1.37423e+09 0.259467 0 0 2.22391e+07 nan 0 0 9930.43 0 4.77246e-06 0 0.0136989 0 3.95737e+10 9.98021e+11
172 86.7608 90.8497 14.4798 0.000171342 0 0 0.000171342 4.68346e+11 3.95737e+10 1.62707e+10 1.00447e+10 2493.56 632231 1.45125e+09 0.253683 0 0 1.13844e+07 nan 0 0 5373.18 0 2.35508e-06 0 0.0137449 0 3.95737e+10 9.98021e+11
173 90.8497 95.1313 15.1622 8.16489e-05 0 0 8.16489e-05 4.86637e+11 3.95737e+10 1.62709e+10 1.11613e+10 2400.02 616318 1.53156e+09 0.238904 0 0 5.64672e+06 nan 0 0 2816.63 0 1.12591e-06 0 0.0137896 0 3.95737e+10 9.98021e+11
174 95.1313 99.6147 15.8767 3.7642e-05 0 0 3.7642e-05 5.05299e+11 3.95737e+10 1.6271e+10 1.23944e+10 2308.44 600538 1.61525e+09 0.229786 0 0 2.70977e+06 nan 0 0 1428.3 0 5.20707e-07 0 0.0138331 0 3.95737e+10 9.98021e+11
175 99.6147 104.309 16.625 1.6763e-05 0 0 1.6763e-05 5.24325e+11 3.95737e+10 1.6271e+10 1.37553e+10 2218.86 584901 1.70236e+09 0.220868 0 0 1.25615e+06 nan 0 0 699.558 0 2.32594e-07 0 0.0138754 0 3.95737e+10 9.98021e+11
176 104.309 109.225 17.4085 7.19915e-06 0 0 7.19915e-06 5.43709e+11 3.95737e+10 1.6271e+10 1.52562e+10 2131.33 569416 1.79297e+09 0.212153 0 0 561581 nan 0 0 330.398 0 1.00187e-07 0 0.0139165 0 3.95737e+10 9.98021e+11
177 109.225 114.373 18.2289 2.97659e-06 0 0 2.97659e-06 5.63445e+11 3.95737e+10 1.6271e+10 1.69103e+10 2045.87 554091 1.88712e+09 0.206669 0 0 241717 nan 0 0 150.218 0 4.15427e-08 0 0.0139565 0 3.95737e+10 9.98021e+11
178 114.373 119.763 19.088 1.18274e-06 0 0 1.18274e-06 5.83525e+11 3.95737e+10 1.6271e+10 1.87322e+10 1962.51 538935 1.98487e+09 0.203822 0 0 99988 nan 0 0 65.6293 0 1.65528e-08 0 0.0139954 0 3.95737e+10 9.98021e+11
179 119.763 125.407 19.9876 4.50792e-07 0 0 4.50792e-07 6.03944e+11 3.95737e+10 1.6271e+10 2.07373e+10 1881.25 523954 2.08625e+09 0.200969 0 0 39675.4 nan 0 0 27.5015 0 6.32603e-09 0 0.0140331 0 3.95737e+10 9.98021e+11
180 125.407 131.318 20.9296 1.64488e-07 0 0 1.64488e-07 6.24692e+11 3.95737e+10 1.6271e+10 2.29426e+10 1802.11 509155 2.1913e+09 0.198111 0 0 15072.2 nan 0 0 11.0319 0 2.31432e-09 0 0.0140699 0 3.95737e+10 9.98021e+11
181 131.318 137.507 21.916 5.73415e-08 0 0 5.73415e-08 6.45764e+11 3.95737e+10 1.6271e+10 2.53665e+10 1725.11 494546 2.30005e+09 0.19787 0 0 5470.42 nan 0 0 4.22752 0 8.08836e-10 0 0.0141056 0 3.95737e+10 9.98021e+11
182 137.507 143.987 22.9489 1.90568e-08 0 0 1.90568e-08 6.67152e+11 3.95737e+10 1.6271e+10 2.80287e+10 1650.25 480133 2.41251e+09 0.200818 0 0 1892.87 nan 0 0 1.54431 0 2.69469e-10 0 0.0141403 0 3.95737e+10 9.98021e+11
183 143.987 150.773 24.0304 6.02419e-09 0 0 6.02419e-09 6.88848e+11 3.95737e+10 1.6271e+10 3.09507e+10 1577.52 465921 2.52869e+09 0.203858 0 0 623.019 nan 0 0 0.536563 0 8.53877e-11 0 0.0141741 0 3.95737e+10 9.98021e+11
184 150.773 157.879 25.1629 1.80716e-09 0 0 1.80716e-09 7.10845e+11 3.95737e+10 1.6271e+10 3.41553e+10 1506.92 451915 2.64857e+09 0.206993 0 0 194.597 nan 0 0 0.176898 0 2.56743e-11 0 0.014207 0 3.95737e+10 9.98021e+11
185 157.879 165.319 26.3488 5.13181e-10 0 0 5.13181e-10 7.33134e+11 3.95737e+10 1.6271e+10 3.76676e+10 1438.45 438120 2.77215e+09 0.210218 0 0 57.5376 nan 0 0 0.0552044 0 7.30715e-12 0 0.0142389 0 3.95737e+10 9.98021e+11
186 165.319 173.11 27.5906 1.37595e-10 0 0 1.37595e-10 7.55709e+11 3.95737e+10 1.6271e+10 4.15142e+10 1372.1 424540 2.89938e+09 0.213554 0 0 16.0631 nan 0 0 0.0162649 0 1.96348e-12 0 0.01427 0 3.95737e+10 9.98021e+11
187 173.11 181.269 28.8909 3.47391e-11 0 0 3.47391e-11 7.78561e+11 3.95737e+10 1.6271e+10 4.57239e+10 1307.84 411179 3.03022e+09 0.216996 0 0 4.22271 nan 0 0 0.00451219 0 4.96777e-13 0 0.0143002 0 3.95737e+10 9.98021e+11
188 181.269 189.812 30.2525 8.23554e-12 0 0 8.23554e-12 8.01683e+11 3.95737e+10 1.6271e+10 5.03274e+10 1245.66 398041 3.1646e+09 0.225859 0 0 1.04234 nan 0 0 0.00117531 0 1.18012e-13 0 0.0143296 0 3.95737e+10 9.98021e+11
189 189.812 198.757 31.6782 1.82783e-12 0 0 1.82783e-12 8.25068e+11 3.95737e+10 1.6271e+10 5.53579e+10 1185.53 385128 3.30244e+09 0.222165 0 0 0.240874 nan 0 0 0.00028659 0 2.62443e-14 0 0.0143582 0 3.95737e+10 9.98021e+11
190 198.757 208.125 33.1712 3.78622e-13 0 0 3.78622e-13 8.48707e+11 3.95737e+10 1.6271e+10 6.08507e+10 1127.45 372443 3.44363e+09 0.218476 0 0 0.0519503 nan 0 0 6.52183e-05 0 5.44683e-15 0 0.0143859 0 3.95737e+10 9.98021e+11
191 208.125 217.933 34.7345 7.2961e-14 0 0 7.2961e-14 8.72593e+11 3.95737e+10 1.6271e+10 6.68435e+10 1071.37 359988 3.58805e+09 0.214791 0 0 0.0104229 nan 0 0 1.3806e-05 0 1.05158e-15 0 0.0144129 0 3.95737e+10 9.98021e+11
192 217.933 228.204 36.3715 1.30351e-14 0 0 1.30351e-14 8.96719e+11 3.95737e+10 1.6271e+10 7.33767e+10 1017.26 347764 3.73555e+09 0.201231 0 0 0.00193871 nan 0 0 2.70947e-06 0 1.88217e-16 0 0.0144392 0 3.95737e+10 9.98021e+11
193 228.204 238.959 38.0856 2.15147e-15 0 0 2.15147e-15 9.21077e+11 3.95737e+10 1.6271e+10 8.04933e+10 965.111 335774 3.88596e+09 0.189634 0 0 0.000333128 nan 0 0 4.91215e-07 0 3.11205e-17 0 0.0144647 0 3.95737e+10 9.98021e+11
194 238.959 250.221 39.8805 3.26838e-16 0 0 3.26838e-16 9.45659e+11 3.95737e+10 1.6271e+10 8.82389e+10 914.871 324018 4.03906e+09 0.178539 0 0 5.26817e-05 nan 0 0 8.19621e-08 0 4.73573e-18 0 0.0144896 0 3.95737e+10 9.98021e+11
195 250.221 262.013 41.7601 4.5521e-17 0 0 4.5521e-17 9.7046e+11 3.95737e+10 1.6271e+10 9.66619e+10 866.51 312496 4.19464e+09 0.164371 0 0 7.63767e-06 nan 0 0 1.25376e-08 0 6.60677e-19 0 0.0145137 0 3.95737e+10 9.98021e+11
196 262.013 274.362 43.7281 5.78895e-18 0 0 5.78895e-18 9.9547e+11 3.95737e+10 1.6271e+10 9.66619e+10 0 0 0 0 0 0 1.01096e-06 nan 0 0 1.75107e-09 0 8.41548e-20 0 0.0145372 0 3.95737e+10 9.98021e+11
197 274.362 287.292 45.789 6.69328e-19 0 0 6.69328e-19 9.98021e+11 3.95737e+10 1.6271e+10 9.66619e+10 0 0 0 0 0 0 1.21652e-07 nan 0 0 2.22344e-10 0 9.74539e-21 0 0.01456 0 3.95737e+10 9.98021e+11
198 287.292 300.832 47.947 7.00462e-20 0 0 7.00462e-20 9.98021e+11 3.95737e+10 1.6271e+10 9.66619e+10 0 0 0 0 0 0 1.32485e-08 nan 0 0 2.55524e-11 0 1.02142e-21 0 0.0145821 0 3.95737e+10 9.98021e+11
199 300.832 315.009 50.2066 6.60388e-21 0 0 6.60388e-21 9.98021e+11 3.95737e+10 1.6271e+10 9.66619e+10 0 0 0 0 0 0 1.29966e-09 nan 0 0 2.64537e-12 0 9.64409e-23 0 0.0146037 0 3.95737e+10 9.98021e+11
