4 600
95 159 91 290 
501 101 233 430 
154 385 165 502 
265 482 318 114 
188 502 255 509 
332 287 210 175 
406 98 447 205 
125 495 177 320 
137 96 60 266 
227 455 438 176 
400 295 534 492 
101 256 253 91 
397 145 168 432 
275 368 140 88 
136 243 141 462 
108 88 119 523 
388 462 298 125 
490 383 474 348 
128 394 83 152 
281 171 145 405 
190 424 97 241 
487 507 226 288 
334 393 153 516 
175 565 76 212 
126 248 396 260 
463 105 364 86 
74 529 524 358 
303 157 507 317 
161 125 215 474 
438 233 236 219 
364 80 55 201 
313 376 459 453 
507 389 405 518 
144 472 331 415 
189 176 288 174 
51 316 347 225 
385 205 241 355 
513 291 81 113 
226 134 357 511 
509 277 258 300 
295 284 184 76 
410 114 171 56 
201 349 513 322 
340 133 167 147 
496 364 229 396 
404 170 103 186 
264 53 317 304 
135 272 394 377 
530 228 440 177 
473 222 458 531 
381 267 247 460 
476 235 59 194 
248 108 134 187 
475 483 371 529 
465 569 187 353 
455 530 314 445 
368 184 557 100 
250 439 313 223 
169 246 80 148 
266 537 516 85 
58 231 169 513 
197 332 172 233 
477 353 207 46 
224 469 499 469 
510 416 301 331 
374 128 427 297 
393 474 481 171 
318 214 320 433 
409 344 444 479 
24 172 146 99 
287 516 335 371 
442 433 78 44 
542 489 212 499 
329 185 230 232 
373 406 240 217 
94 140 558 264 
124 480 51 570 
36 337 88 22 
212 531 92 316 
551 93 66 414 
585 195 377 505 
353 350 373 221 
178 450 96 389 
96 19 23 49 
498 294 105 295 
424 35 562 126 
395 135 509 527 
306 115 46 554 
147 339 8 108 
157 58 174 206 
171 330 341 4 
255 137 563 550 
27 342 452 520 
358 226 272 553 
559 576 35 541 
456 413 407 61 
569 26 127 272 
262 570 175 475 
225 191 14 25 
493 484 138 593 
69 586 196 426 
21 567 284 60 
179 346 242 123 
106 545 15 472 
221 358 79 162 
185 379 249 357 
229 519 154 228 
519 409 544 23 
32 473 434 345 
584 259 366 281 
249 597 325 440 
85 270 157 98 
166 161 411 161 
238 3 156 344 
62 512 535 488 
296 585 433 330 
153 500 582 47 
411 217 417 209 
230 42 495 551 
285 451 72 240 
28 582 572 24 
253 437 421 399 
71 504 278 575 
100 517 139 507 
378 136 303 81 
290 28 480 350 
370 251 594 287 
117 183 450 454 
301 38 62 427 
324 396 250 478 
48 245 334 327 
356 311 69 94 
405 156 312 482 
193 572 286 563 
547 562 546 196 
20 313 290 508 
466 308 108 17 
35 556 299 473 
280 540 70 574 
469 292 322 211 
590 336 309 364 
164 298 599 356 
66 397 98 568 
535 438 281 218 
119 593 161 71 
532 447 34 539 
25 193 538 394 
553 132 266 169 
110 549 392 459 
336 119 393 525 
554 445 432 1 
93 203 277 576 
371 525 527 268 
200 229 363 456 
75 425 360 480 
54 564 471 269 
572 236 570 200 
335 417 32 129 
382 391 463 271 
84 575 388 157 
12 261 123 198 
72 431 6 497 
355 249 305 166 
261 211 115 75 
47 454 41 386 
470 532 4 487 
156 418 503 398 
500 518 20 347 
19 263 443 368 
328 290 591 54 
199 61 27 207 
133 463 219 443 
288 547 178 3 
425 197 162 306 
548 590 519 45 
278 456 491 599 
243 475 39 455 
521 594 550 310 
327 144 42 380 
579 382 213 457 
440 6 430 579 
130 366 346 165 
314 260 564 542 
305 99 529 52 
9 173 100 572 
543 289 10 590 
420 45 598 549 
531 83 94 557 
65 357 541 444 
508 85 58 6 
77 186 95 424 
300 43 56 8 
160 496 542 558 
561 91 387 155 
123 579 497 36 
148 571 383 346 
589 410 163 244 
231 487 235 141 
30 497 85 216 
566 559 359 180 
363 587 296 403 
277 511 224 567 
552 317 24 370 
571 363 464 83 
263 167 566 436 
59 560 2 319 
129 459 453 144 
350 107 478 428 
260 319 1 504 
586 351 461 372 
293 216 369 582 
399 595 500 537 
489 533 465 116 
103 361 348 299 
600 141 43 289 
560 551 16 215 
105 242 74 564 
441 557 142 485 
155 375 390 411 
312 262 225 324 
134 239 551 486 
210 501 206 359 
37 120 26 57 
446 32 416 149 
7 476 193 423 
177 467 18 283 
592 70 186 404 
207 465 125 536 
92 541 48 31 
131 2 259 151 
445 347 65 168 
45 213 543 592 
502 155 545 543 
544 543 270 581 
472 33 600 390 
6 535 289 333 
149 232 484 586 
282 400 170 188 
536 268 584 65 
527 293 448 594 
307 588 104 292 
49 542 208 142 
598 490 86 11 
422 30 204 439 
158 280 268 265 
402 310 358 366 
454 23 205 583 
217 440 400 538 
102 331 216 463 
82 471 395 243 
323 163 111 254 
432 548 263 535 
380 508 586 552 
297 555 19 12 
22 381 120 435 
192 234 7 451 
512 180 126 395 
545 522 248 392 
431 68 71 365 
376 492 124 566 
550 509 128 381 
89 430 3 210 
362 580 260 43 
505 29 528 597 
345 7 413 449 
593 265 261 117 
2 162 429 481 
523 123 588 51 
557 1 311 204 
88 206 12 124 
354 204 13 119 
433 303 232 598 
556 285 166 407 
3 370 280 253 
127 494 102 146 
97 577 116 318 
159 390 581 501 
170 503 340 159 
211 591 441 600 
471 258 271 406 
79 558 218 258 
39 325 262 41 
251 355 131 560 
145 322 75 441 
522 422 319 591 
209 315 106 38 
292 563 25 391 
173 435 264 53 
565 36 469 510 
481 596 362 522 
575 51 352 484 
41 306 54 369 
46 423 547 325 
215 34 217 18 
515 505 113 249 
360 408 49 524 
578 434 37 383 
42 52 143 208 
44 122 345 546 
346 573 333 578 
415 309 21 491 
109 479 293 302 
90 219 342 30 
236 212 44 556 
53 326 403 29 
29 466 118 42 
339 320 327 577 
528 94 202 503 
294 429 486 104 
504 312 379 103 
383 241 470 589 
276 367 560 496 
174 165 137 559 
326 86 11 118 
484 524 50 5 
526 74 475 9 
206 158 585 158 
599 468 460 343 
414 453 273 388 
61 75 211 526 
99 392 182 27 
516 374 87 452 
458 111 419 448 
320 224 436 483 
245 15 330 139 
220 354 245 587 
396 225 324 285 
205 513 57 67 
537 566 455 378 
594 373 590 545 
38 415 291 136 
417 491 31 182 
347 253 164 514 
448 403 518 130 
254 485 297 477 
419 362 40 367 
140 296 389 547 
449 282 110 417 
462 335 185 495 
506 220 101 573 
216 341 472 548 
492 57 209 312 
444 521 574 140 
76 356 152 332 
392 514 64 419 
352 48 121 96 
331 348 492 580 
372 520 506 70 
591 583 533 555 
568 561 401 588 
81 323 228 192 
583 227 173 291 
167 25 269 533 
582 152 489 164 
55 506 420 32 
298 40 82 261 
357 255 9 400 
246 39 372 571 
242 252 457 397 
389 432 304 596 
494 210 195 498 
222 230 227 515 
152 257 238 384 
474 581 52 128 
524 470 302 82 
401 146 67 494 
310 441 155 409 
150 13 577 517 
408 523 117 303 
234 318 200 437 
214 106 109 465 
576 279 523 493 
447 139 487 73 
503 174 328 595 
244 405 29 40 
595 305 354 561 
597 550 408 471 
202 377 310 489 
546 340 237 565 
304 538 425 521 
213 421 158 10 
203 428 349 313 
114 510 555 235 
581 250 28 179 
64 109 559 532 
574 526 565 422 
116 426 189 248 
596 41 548 335 
218 578 508 500 
319 598 378 190 
204 554 482 385 
577 412 176 20 
427 194 592 470 
349 568 514 431 
499 266 307 519 
478 192 569 138 
60 126 22 220 
83 199 315 156 
541 457 567 328 
240 589 332 111 
268 20 234 476 
258 369 89 323 
434 207 183 115 
520 17 501 191 
430 442 150 393 
587 154 368 374 
330 446 525 382 
316 443 251 321 
138 56 402 528 
309 460 114 55 
369 600 130 74 
308 544 77 145 
284 178 361 338 
437 599 409 326 
443 147 63 87 
283 321 375 461 
289 92 223 362 
564 328 589 379 
479 464 381 402 
488 151 279 352 
269 536 539 202 
359 404 374 506 
198 18 45 95 
325 160 221 466 
8 254 244 408 
436 359 243 308 
14 411 406 106 
486 46 84 134 
379 65 122 562 
196 553 439 109 
274 281 553 337 
398 314 468 66 
80 47 30 534 
412 527 426 467 
256 546 265 275 
511 365 326 450 
15 121 5 468 
286 302 93 420 
132 223 485 329 
247 264 90 238 
413 386 596 585 
533 395 502 247 
467 481 473 293 
5 100 61 363 
107 66 159 58 
384 301 129 259 
468 499 197 13 
195 493 456 284 
168 201 246 7 
525 27 285 93 
142 62 351 101 
377 448 483 530 
237 244 191 160 
418 148 201 569 
165 24 180 442 
394 84 300 584 
518 592 133 50 
573 452 414 167 
271 307 337 339 
567 304 151 68 
348 528 190 153 
366 414 148 294 
534 103 192 79 
122 181 38 307 
63 76 144 425 
386 90 336 375 
223 149 274 429 
558 177 99 77 
111 202 136 239 
580 477 494 512 
120 124 415 340 
529 237 188 184 
302 478 442 231 
34 380 132 197 
387 8 306 490 
562 402 36 178 
450 458 530 446 
23 419 498 28 
588 164 112 193 
482 22 323 418 
56 209 329 464 
459 444 376 181 
118 345 73 251 
367 584 295 282 
540 113 531 413 
514 278 410 458 
184 283 17 309 
423 179 47 273 
439 117 353 214 
452 64 33 252 
485 112 135 222 
186 378 435 246 
426 198 397 373 
194 238 107 376 
416 498 365 280 
361 215 537 387 
31 221 222 262 
549 574 287 286 
497 398 522 540 
461 534 282 213 
235 486 431 16 
233 333 552 102 
315 14 199 267 
279 329 257 234 
17 299 540 305 
491 274 462 351 
517 95 568 255 
460 324 446 199 
464 387 160 229 
365 343 214 26 
163 129 68 120 
480 539 194 132 
451 552 350 110 
570 188 424 69 
98 116 292 410 
219 54 571 278 
342 436 382 143 
311 104 198 33 
539 401 147 135 
429 218 385 89 
555 189 520 301 
70 372 479 242 
322 420 573 274 
341 515 391 48 
257 208 504 39 
252 37 449 92 
538 200 321 15 
483 334 521 438 
181 81 53 354 
146 175 179 121 
208 49 595 401 
457 269 283 59 
403 89 220 237 
407 352 294 131 
421 488 308 21 
435 427 203 127 
259 196 386 14 
187 143 149 314 
563 150 412 263 
112 72 580 19 
344 44 587 349 
239 286 343 172 
428 297 556 170 
375 21 316 245 
333 449 231 72 
299 276 418 97 
337 407 338 34 
232 271 428 279 
270 182 276 62 
272 118 256 163 
241 371 370 90 
273 77 356 412 
390 327 512 361 
162 131 267 311 
40 9 496 544 
183 78 477 447 
495 87 380 334 
4 384 575 203 
321 127 339 236 
191 153 583 341 
317 338 579 185 
343 273 476 270 
78 138 252 63 
26 461 578 112 
172 11 367 416 
143 166 437 37 
267 247 517 189 
176 12 254 298 
104 69 593 342 
115 50 466 250 
73 4 398 35 
351 169 536 224 
57 31 399 421 
87 16 515 434 
182 360 451 2 
453 63 488 360 
391 5 511 277 
338 60 505 183 
141 399 561 195 
291 130 423 154 
11 59 275 122 
113 388 554 78 
228 142 422 257 
86 240 526 226 
91 55 181 315 
180 300 445 107 
151 82 355 230 
43 187 404 227 
68 288 490 105 
16 102 239 256 
121 275 597 80 
139 67 549 133 
67 168 576 84 
13 190 493 150 
10 110 384 137 
18 10 532 336 
52 97 467 64 
50 71 344 296 
33 73 510 173 
1 79 454 276 
