#  ILHS.txt
#  created by routine IHS_WRITE.C
#
#  Spatial dimension DIM_NUM = 4
#  Number of points N =        600
#  EPSILON (unit roundoff) =   2.22045e-16
#  Duplication factor D =      5
#  Initial SEED_INIT =         1
#  Current SEED =              801393002
#
    0.1575    0.264167    0.150833      0.4825  
  0.834167      0.1675      0.3875    0.715833  
  0.255833    0.640833    0.274167    0.835833  
  0.440833      0.8025    0.529167    0.189167  
    0.3125    0.835833    0.424167      0.8475  
    0.5525      0.4775    0.349167    0.290833  
  0.675833      0.1625    0.744167    0.340833  
    0.2075    0.824167    0.294167      0.5325  
    0.2275    0.159167   0.0991667      0.4425  
    0.3775      0.7575    0.729167      0.2925  
  0.665833    0.490833    0.889167    0.819167  
    0.1675    0.425833    0.420833    0.150833  
  0.660833    0.240833    0.279167    0.719167  
    0.4575      0.6125      0.2325    0.145833  
  0.225833    0.404167    0.234167    0.769167  
  0.179167    0.145833      0.1975    0.870833  
  0.645833    0.769167    0.495833      0.2075  
  0.815833      0.6375    0.789167    0.579167  
    0.2125    0.655833      0.1375      0.2525  
    0.4675    0.284167    0.240833    0.674167  
  0.315833    0.705833    0.160833    0.400833  
  0.810833    0.844167    0.375833    0.479167  
  0.555833    0.654167    0.254167    0.859167  
  0.290833    0.940833    0.125833      0.3525  
  0.209167      0.4125    0.659167      0.4325  
  0.770833    0.174167    0.605833      0.1425  
    0.1225    0.880833      0.8725    0.595833  
  0.504167    0.260833    0.844167      0.5275  
    0.2675      0.2075      0.3575    0.789167  
  0.729167      0.3875      0.3925    0.364167  
  0.605833      0.1325   0.0908333    0.334167  
  0.520833    0.625833    0.764167    0.754167  
  0.844167      0.6475    0.674167      0.8625  
  0.239167    0.785833    0.550833    0.690833  
  0.314167      0.2925    0.479167    0.289167  
 0.0841667    0.525833      0.5775    0.374167  
  0.640833    0.340833    0.400833    0.590833  
  0.854167    0.484167    0.134167      0.1875  
  0.375833      0.2225    0.594167    0.850833  
    0.8475    0.460833    0.429167    0.499167  
  0.490833      0.4725    0.305833    0.125833  
    0.6825    0.189167    0.284167      0.0925  
  0.334167    0.580833    0.854167    0.535833  
  0.565833    0.220833      0.2775    0.244167  
  0.825833    0.605833    0.380833    0.659167  
    0.6725      0.2825    0.170833    0.309167  
  0.439167      0.0875      0.5275    0.505833  
  0.224167      0.4525    0.655833      0.6275  
    0.8825    0.379167      0.7325    0.294167  
    0.7875    0.369167      0.7625    0.884167  
  0.634167    0.444167    0.410833    0.765833  
    0.7925    0.390833      0.0975      0.3225  
    0.4125    0.179167      0.2225    0.310833  
  0.790833    0.804167      0.6175    0.880833  
  0.774167      0.9475    0.310833      0.5875  
    0.7575      0.8825      0.5225    0.740833  
    0.6125    0.305833      0.9275    0.165833  
  0.415833    0.730833    0.520833    0.370833  
  0.280833    0.409167      0.1325    0.245833  
    0.4425    0.894167    0.859167    0.140833  
 0.0958333    0.384167    0.280833    0.854167  
    0.3275      0.5525    0.285833      0.3875  
  0.794167      0.5875    0.344167   0.0758333  
    0.3725    0.780833    0.830833    0.780833  
  0.849167      0.6925    0.500833    0.550833  
    0.6225      0.2125    0.710833    0.494167  
  0.654167    0.789167    0.800833    0.284167  
  0.529167    0.355833      0.5325    0.720833  
  0.680833      0.5725    0.739167      0.7975  
 0.0391667    0.285833      0.2425    0.164167  
    0.4775    0.859167      0.5575      0.6175  
  0.735833    0.720833    0.129167      0.0725  
    0.9025    0.814167      0.3525    0.830833  
    0.5475      0.3075      0.3825    0.385833  
  0.620833    0.675833    0.399167    0.360833  
  0.155833      0.2325    0.929167    0.439167  
  0.205833    0.799167   0.0841667    0.949167  
 0.0591667    0.560833    0.145833   0.0358333  
    0.3525    0.884167      0.1525    0.525833  
    0.9175    0.154167    0.109167    0.689167  
  0.974167    0.324167      0.6275    0.840833  
    0.5875      0.5825    0.620833      0.3675  
  0.295833    0.749167    0.159167      0.6475  
  0.159167   0.0308333      0.0375   0.0808333  
  0.829167    0.489167    0.174167    0.490833  
  0.705833      0.0575    0.935833    0.209167  
    0.6575    0.224167      0.8475      0.8775  
  0.509167    0.190833   0.0758333      0.9225  
  0.244167    0.564167      0.0125    0.179167  
  0.260833   0.0958333    0.289167      0.3425  
  0.284167    0.549167      0.5675  0.00583333  
  0.424167      0.2275      0.9375    0.915833  
 0.0441667    0.569167      0.7525    0.865833  
  0.595833    0.375833      0.4525    0.920833  
  0.930833    0.959167      0.0575    0.900833  
  0.759167      0.6875      0.6775    0.100833  
    0.9475      0.0425    0.210833      0.4525  
  0.435833    0.949167    0.290833    0.790833  
  0.374167      0.3175      0.0225   0.0408333  
  0.820833    0.805833    0.229167      0.9875  
  0.114167    0.975833    0.325833    0.709167  
 0.0341667    0.944167      0.4725   0.0991667  
    0.2975    0.575833      0.4025    0.204167  
  0.175833      0.9075   0.0241667    0.785833  
    0.3675    0.595833    0.130833    0.269167  
    0.3075    0.630833    0.414167    0.594167  
  0.380833    0.864167    0.255833    0.379167  
  0.864167    0.680833    0.905833      0.0375  
    0.0525      0.7875      0.7225    0.574167  
    0.9725    0.430833    0.609167      0.4675  
  0.414167    0.994167    0.540833      0.7325  
  0.140833    0.449167    0.260833      0.1625  
  0.275833      0.2675    0.684167      0.2675  
  0.395833  0.00416667    0.259167      0.5725  
    0.1025      0.8525    0.890833      0.8125  
    0.4925    0.974167    0.720833    0.549167  
  0.254167      0.8325    0.969167      0.0775  
  0.684167    0.360833    0.694167      0.3475  
    0.3825   0.0691667    0.824167      0.9175  
  0.474167    0.750833    0.119167    0.399167  
 0.0458333    0.969167      0.9525   0.0391667  
  0.420833      0.7275    0.700833    0.664167  
    0.1175    0.839167      0.4625      0.9575  
  0.165833    0.860833    0.230833    0.844167  
  0.629167    0.225833    0.504167    0.134167  
    0.4825   0.0458333    0.799167      0.5825  
  0.615833      0.4175    0.989167      0.4775  
  0.194167    0.304167    0.749167    0.755833  
  0.500833      0.0625      0.1025    0.710833  
  0.539167    0.659167    0.415833    0.795833  
 0.0791667      0.4075    0.555833    0.544167  
    0.5925      0.5175    0.114167    0.155833  
  0.674167    0.259167    0.519167      0.8025  
  0.320833      0.9525    0.475833      0.9375  
  0.910833    0.935833    0.909167    0.325833  
    0.0325    0.520833      0.4825    0.845833  
  0.775833      0.5125    0.179167      0.0275  
    0.0575    0.925833      0.4975      0.7875  
  0.465833    0.899167    0.115833    0.955833  
  0.780833    0.485833    0.535833    0.350833  
    0.9825    0.559167    0.514167    0.605833  
    0.2725    0.495833      0.9975      0.5925  
  0.109167    0.660833      0.1625    0.945833  
  0.890833    0.729167      0.4675      0.3625  
    0.1975      0.9875      0.2675      0.1175  
  0.885833    0.744167   0.0558333      0.8975  
 0.0408333    0.320833    0.895833    0.655833  
  0.920833    0.219167      0.4425    0.280833  
    0.1825    0.914167      0.6525    0.764167  
  0.559167      0.1975    0.654167    0.874167  
    0.9225    0.740833    0.719167  0.000833333  
  0.154167      0.3375    0.460833    0.959167  
    0.6175    0.874167      0.8775    0.445833  
    0.3325    0.380833    0.604167    0.759167  
  0.124167      0.7075    0.599167    0.799167  
 0.0891667    0.939167    0.784167      0.4475  
    0.9525      0.3925    0.949167      0.3325  
    0.5575    0.694167      0.0525    0.214167  
  0.635833    0.650833    0.770833    0.450833  
  0.139167      0.9575    0.645833    0.260833  
 0.0191667    0.434167    0.204167    0.329167  
  0.119167      0.7175  0.00916667      0.8275  
  0.590833    0.414167      0.5075    0.275833  
  0.434167    0.350833    0.190833    0.124167  
    0.0775    0.755833      0.0675      0.6425  
    0.7825    0.885833  0.00583333    0.810833  
  0.259167    0.695833      0.8375      0.6625  
    0.8325      0.8625      0.0325      0.5775  
 0.0308333      0.4375      0.7375      0.6125  
  0.545833      0.4825    0.984167   0.0891667  
  0.330833    0.100833   0.0441667    0.344167  
  0.220833    0.770833    0.364167      0.7375  
  0.479167    0.910833    0.295833  0.00416667  
    0.7075      0.3275    0.269167    0.509167  
    0.9125      0.9825    0.864167   0.0741667  
    0.4625    0.759167      0.8175      0.9975  
  0.404167    0.790833   0.0641667      0.7575  
    0.8675    0.989167    0.915833    0.515833  
  0.544167    0.239167   0.0691667      0.6325  
  0.964167    0.635833    0.354167    0.760833  
    0.7325  0.00916667    0.715833    0.964167  
  0.215833    0.609167    0.575833    0.274167  
    0.5225      0.4325    0.939167      0.9025  
    0.5075    0.164167    0.880833   0.0858333  
 0.0141667      0.2875    0.165833      0.9525  
  0.904167    0.480833   0.0158333      0.9825  
  0.699167   0.0741667    0.995833    0.914167  
  0.884167      0.1375    0.155833      0.9275  
    0.1075    0.594167    0.900833    0.739167  
  0.845833    0.140833   0.0958333  0.00916667  
    0.1275    0.309167      0.1575    0.705833  
  0.499167   0.0708333      0.0925      0.0125  
  0.265833    0.825833      0.9025    0.929167  
  0.934167    0.150833    0.644167      0.2575  
  0.204167    0.964167      0.8275   0.0591667  
  0.245833    0.950833      0.6375    0.575833  
  0.980833      0.6825    0.270833    0.405833  
  0.384167    0.810833    0.390833    0.234167  
 0.0491667      0.8275    0.140833    0.359167  
    0.9425    0.930833      0.5975    0.299167  
  0.604167      0.9775      0.4925    0.670833  
  0.460833    0.850833      0.3725    0.944167  
  0.919167      0.5275   0.0391667    0.615833  
  0.950833    0.604167      0.7725      0.1375  
    0.4375      0.2775      0.9425    0.725833  
    0.0975      0.9325      0.0025    0.530833  
  0.214167    0.764167    0.754167    0.239167  
    0.5825      0.1775    0.795833      0.7125  
    0.4325    0.530833  0.000833333    0.839167  
  0.975833    0.584167      0.7675    0.619167  
    0.4875    0.359167    0.614167    0.969167  
  0.664167    0.990833      0.8325    0.894167  
  0.814167      0.8875    0.774167      0.1925  
  0.170833    0.600833    0.579167      0.4975  
  0.999167    0.234167   0.0708333    0.480833  
    0.9325      0.9175   0.0258333      0.3575  
  0.174167      0.4025      0.1225    0.939167  
  0.734167      0.9275    0.235833      0.8075  
    0.2575    0.624167    0.649167    0.684167  
  0.519167    0.435833    0.374167    0.539167  
    0.2225      0.3975      0.9175    0.809167  
  0.349167    0.834167      0.3425      0.5975  
 0.0608333    0.199167      0.0425   0.0941667  
    0.7425      0.0525      0.6925      0.2475  
 0.0108333      0.7925    0.320833    0.704167  
  0.294167      0.7775   0.0291667    0.470833  
  0.985833    0.115833    0.309167      0.6725  
  0.344167    0.774167      0.2075      0.8925  
    0.1525    0.900833   0.0791667   0.0508333  
    0.2175      0.0025    0.430833    0.250833  
  0.740833      0.5775      0.1075    0.279167  
 0.0741667    0.354167    0.904167    0.985833  
  0.835833      0.2575      0.9075    0.904167  
  0.905833    0.904167    0.449167      0.9675  
  0.785833   0.0541667    0.999167    0.649167  
0.00916667    0.890833    0.480833    0.554167  
    0.2475    0.385833    0.805833    0.975833  
  0.469167    0.665833      0.2825      0.3125  
    0.8925    0.445833      0.9725      0.1075  
    0.8775      0.4875    0.745833    0.989167  
  0.510833    0.979167      0.1725    0.485833  
 0.0808333      0.9025    0.345833    0.235833  
  0.995833    0.815833      0.1425      0.0175  
    0.7025   0.0491667    0.339167    0.730833  
    0.2625    0.465833    0.445833    0.440833  
  0.669167    0.515833    0.595833    0.609167  
  0.755833      0.0375    0.340833    0.970833  
  0.360833      0.7325    0.665833    0.895833  
  0.169167    0.550833    0.359167    0.770833  
  0.135833    0.784167      0.6575    0.404167  
    0.5375    0.270833    0.184167      0.4225  
  0.719167      0.9125      0.4375    0.890833  
    0.6325    0.845833    0.975833    0.919167  
  0.494167    0.924167   0.0308333   0.0191667  
 0.0358333    0.634167    0.199167    0.724167  
  0.319167    0.389167   0.0108333    0.750833  
    0.8525    0.299167    0.209167      0.6575  
    0.9075    0.869167      0.4125      0.6525  
    0.7175      0.1125      0.1175      0.6075  
  0.625833    0.819167    0.205833      0.9425  
  0.915833      0.8475      0.2125    0.634167  
    0.1475    0.715833  0.00416667    0.349167  
    0.6025    0.965833      0.4325   0.0708333  
  0.840833      0.0475    0.879167    0.994167  
  0.574167   0.0108333      0.6875      0.7475  
    0.9875    0.440833    0.434167    0.194167  
    0.0025    0.269167    0.714167    0.800833  
  0.870833    0.204167    0.979167   0.0841667  
    0.9275  0.000833333      0.5175    0.339167  
  0.145833      0.3425   0.0191667    0.205833  
  0.589167    0.339167   0.0208333      0.1975  
  0.720833    0.504167    0.385833    0.995833  
  0.925833    0.474167    0.275833      0.6775  
0.00416667    0.615833    0.465833    0.420833  
  0.210833      0.8225    0.169167      0.2425  
  0.160833    0.960833      0.1925    0.529167  
  0.264167    0.649167      0.9675    0.834167  
    0.2825      0.8375    0.565833    0.264167  
  0.350833    0.984167    0.734167    0.999167  
  0.784167    0.429167    0.450833    0.675833  
  0.130833    0.929167      0.3625    0.429167  
 0.0641667    0.540833    0.435833      0.0675  
    0.4175    0.590833      0.2175      0.9325  
  0.240833    0.535833    0.124167    0.734167  
  0.869167      0.7025    0.530833    0.984167  
    0.3475    0.524167    0.175833      0.0625  
  0.485833      0.9375   0.0408333    0.650833  
    0.2875    0.724167    0.439167      0.0875  
  0.940833   0.0591667    0.780833    0.849167  
  0.800833      0.9925      0.6025    0.869167  
    0.9575   0.0841667    0.585833    0.805833  
    0.0675    0.509167   0.0891667    0.614167  
 0.0758333    0.704167    0.910833    0.540833  
    0.3575   0.0558333    0.360833   0.0291667  
    0.8575    0.840833      0.1875    0.414167  
  0.599167    0.679167   0.0808333      0.8725  
    0.9625      0.7225   0.0608333      0.6375  
 0.0691667   0.0858333      0.2375    0.345833  
    0.0725      0.2025    0.574167    0.909167  
  0.575833    0.954167    0.554167      0.9625  
  0.690833    0.514167   0.0341667      0.8175  
  0.180833      0.7975      0.4875      0.5025  
  0.149167    0.364167    0.569167   0.0491667  
    0.3925      0.3525      0.0725    0.925833  
    0.0875      0.5425    0.670833      0.0475  
    0.0475    0.775833    0.195833   0.0691667  
  0.564167      0.5325    0.544167    0.960833  
  0.879167    0.155833    0.335833      0.8375  
  0.489167    0.714167    0.809167      0.1725  
  0.839167    0.519167    0.630833    0.170833  
    0.6375    0.400833      0.7825    0.980833  
  0.459167    0.610833      0.9325    0.825833  
  0.289167    0.274167      0.2275    0.930833  
    0.5425      0.1425      0.0175    0.195833  
  0.805833      0.8725      0.0825      0.0075  
  0.875833      0.1225    0.790833   0.0141667  
    0.3425      0.2625    0.974167      0.2625  
    0.9975    0.779167    0.765833    0.570833  
  0.689167    0.754167    0.454167    0.645833  
  0.100833    0.124167    0.350833    0.875833  
  0.164167      0.6525      0.3025   0.0441667  
  0.859167      0.6225    0.144167      0.7525  
    0.7625    0.184167      0.6975    0.745833  
    0.5325      0.3725    0.725833    0.804167  
    0.4075   0.0241667    0.549167    0.230833  
  0.365833    0.589167      0.4075      0.9775  
  0.659167    0.374167    0.539167    0.474167  
  0.340833    0.854167   0.0941667    0.110833  
  0.894167      0.9425      0.7575    0.629167  
  0.989167    0.620833      0.9825      0.9075  
    0.0625    0.690833    0.484167    0.225833  
  0.694167      0.8175   0.0508333      0.3025  
    0.5775    0.420833      0.2725    0.855833  
  0.745833    0.670833      0.8625    0.215833  
    0.4225      0.8075    0.494167    0.794167  
    0.6975      0.6025   0.0658333    0.610833  
    0.2325      0.4925      0.6475    0.910833  
    0.7475    0.469167      0.1825    0.694167  
  0.769167      0.5575      0.3075    0.824167  
    0.8425    0.365833      0.1675    0.954167  
  0.359167      0.5675    0.785833      0.9125  
  0.819167   0.0941667      0.3475    0.519167  
  0.739167      0.8675    0.955833      0.2325  
  0.125833      0.5925      0.2525      0.5525  
    0.6525    0.855833    0.105833      0.6975  
  0.585833   0.0791667    0.200833    0.159167  
  0.550833    0.579167    0.819167    0.965833  
  0.619167    0.865833      0.8425    0.115833  
  0.984167    0.970833      0.8875    0.924167  
  0.945833    0.934167      0.6675    0.979167  
  0.134167      0.5375    0.379167    0.319167  
  0.970833      0.3775      0.2875    0.484167  
    0.2775   0.0408333      0.4475      0.8875  
  0.969167      0.2525    0.814167      0.2725  
 0.0908333      0.8425    0.699167      0.0525  
  0.495833   0.0658333    0.135833    0.434167  
  0.594167    0.424167   0.0141667    0.665833  
  0.409167   0.0641667    0.619167    0.950833  
    0.4025    0.419167    0.760833    0.660833  
    0.6475    0.719167    0.505833      0.9925  
    0.8225    0.349167    0.324167    0.829167  
  0.369167      0.3825      0.3775      0.8575  
    0.2525      0.4275    0.395833    0.639167  
  0.789167      0.9675   0.0858333      0.2125  
    0.8725      0.7825      0.5025    0.135833  
    0.6675      0.2425    0.110833      0.8225  
  0.515833    0.734167      0.2575    0.680833  
  0.249167   0.0208333    0.960833    0.860833  
  0.679167    0.870833    0.194167    0.504167  
  0.389167    0.529167      0.3325      0.7275  
  0.355833    0.175833    0.180833    0.774167  
  0.959167    0.464167    0.870833    0.820833  
  0.744167    0.230833    0.810833    0.120833  
    0.8375    0.289167    0.545833    0.990833  
  0.405833    0.674167      0.0475   0.0658333  
  0.990833      0.5075    0.589167    0.934167  
  0.994167    0.915833    0.679167    0.784167  
  0.335833      0.6275    0.515833    0.814167  
  0.909167    0.565833    0.394167    0.940833  
  0.505833    0.895833      0.7075      0.8675  
  0.354167    0.700833      0.2625   0.0158333  
    0.3375      0.7125    0.580833    0.520833  
  0.189167    0.849167    0.924167    0.390833  
    0.9675    0.415833   0.0458333      0.2975  
  0.105833    0.180833    0.930833    0.885833  
  0.955833    0.875833    0.940833      0.7025  
    0.1925    0.709167    0.314167      0.4125  
    0.9925      0.0675      0.9125      0.5575  
    0.3625      0.9625    0.845833      0.8325  
  0.530833    0.995833    0.629167    0.315833  
  0.339167      0.9225      0.8025    0.640833  
  0.960833    0.685833      0.2925      0.0325  
  0.710833      0.3225    0.985833      0.7825  
  0.580833    0.945833    0.855833      0.7175  
  0.830833      0.4425    0.510833    0.864167  
  0.795833    0.319167      0.9475    0.229167  
 0.0991667    0.209167   0.0358333    0.365833  
    0.1375    0.330833    0.524167    0.259167  
  0.900833    0.760833    0.944167    0.545833  
  0.399167    0.980833      0.5525    0.184167  
  0.445833      0.0325    0.389167      0.7925  
  0.429167    0.614167      0.1475      0.5375  
    0.7225    0.344167    0.304167    0.190833  
  0.865833      0.0275    0.834167      0.3175  
  0.715833    0.735833    0.249167    0.654167  
    0.9775    0.255833      0.6125      0.6225  
  0.549167      0.7425    0.874167    0.635833  
  0.525833      0.7375      0.4175    0.534167  
  0.229167      0.0925    0.669167    0.879167  
  0.514167    0.765833    0.189167   0.0908333  
  0.614167    0.999167    0.215833      0.1225  
    0.5125    0.905833      0.1275    0.240833  
    0.4725    0.295833    0.600833      0.5625  
    0.7275      0.9975    0.680833      0.5425  
    0.7375    0.244167    0.104167    0.144167  
  0.470833    0.534167    0.624167      0.7675  
  0.480833      0.1525    0.370833      0.6025  
  0.939167    0.545833    0.980833    0.630833  
    0.7975      0.7725    0.634167    0.669167  
    0.8125    0.250833    0.464167    0.585833  
    0.4475      0.8925      0.8975    0.335833  
    0.5975      0.6725      0.6225      0.8425  
  0.329167   0.0291667   0.0741667      0.1575  
  0.540833    0.265833      0.3675    0.775833  
    0.0125      0.4225    0.405833    0.679167  
  0.725833      0.5975    0.404167      0.5125  
    0.0225    0.684167    0.675833    0.175833  
  0.809167   0.0758333    0.139167      0.2225  
  0.630833      0.1075      0.2025    0.935833  
  0.325833    0.920833    0.730833    0.180833  
  0.455833      0.4675    0.920833    0.560833  
    0.6625      0.5225    0.779167    0.109167  
    0.1325      0.0775   0.0491667    0.889167  
  0.685833      0.8775    0.709167      0.7775  
  0.425833    0.909167    0.440833      0.4575  
  0.850833      0.6075      0.5425    0.749167  
 0.0241667    0.200833      0.0075    0.779167  
  0.475833      0.5025    0.154167    0.699167  
  0.219167    0.370833      0.8075      0.5475  
  0.410833    0.439167    0.149167    0.395833  
    0.6875      0.6425      0.9925    0.974167  
    0.8875      0.6575    0.835833    0.410833  
    0.7775    0.800833      0.7875      0.4875  
    0.0075    0.165833    0.100833    0.604167  
    0.1775    0.109167    0.264167   0.0958333  
  0.639167    0.500833    0.214167    0.430833  
  0.779167    0.830833      0.3275   0.0208333  
  0.324167    0.820833    0.759167      0.4725  
  0.279167    0.334167    0.409167   0.0108333  
  0.874167   0.0441667    0.474167    0.154167  
  0.235833      0.1025    0.584167      0.1675  
    0.6275    0.745833    0.804167      0.8825  
  0.394167    0.405833      0.3175    0.265833  
  0.695833    0.245833    0.334167      0.9475  
  0.274167   0.0391667    0.299167    0.735833  
  0.655833    0.139167    0.499167      0.9725  
    0.8625    0.985833    0.220833      0.0825  
  0.954167      0.7525    0.689167      0.2775  
  0.450833    0.510833    0.560833    0.564167  
  0.944167    0.505833    0.250833      0.1125  
  0.579167    0.879167    0.315833    0.254167  
  0.609167    0.689167    0.245833    0.489167  
  0.889167    0.170833    0.319167    0.130833  
    0.2025    0.300833      0.0625    0.510833  
  0.104167    0.125833    0.239167      0.7075  
    0.6425    0.149167    0.559167    0.624167  
  0.370833      0.2475    0.455833    0.714167  
  0.929167    0.294167    0.164167      0.1275  
  0.184167    0.335833    0.225833      0.3975  
  0.965833    0.794167      0.8225      0.8525  
  0.199167    0.205833    0.690833    0.565833  
  0.880833    0.394167      0.3125    0.305833  
    0.5025    0.795833    0.735833    0.384167  
 0.0558333      0.6325    0.219167      0.3275  
  0.644167      0.0125    0.509167    0.815833  
  0.935833    0.669167   0.0591667    0.295833  
  0.749167      0.7625      0.8825      0.7425  
    0.0375      0.6975    0.829167   0.0458333  
  0.979167      0.2725    0.185833    0.320833  
    0.8025   0.0358333      0.5375    0.695833  
    0.0925      0.3475      0.5475      0.7725  
  0.764167    0.739167    0.625833    0.300833  
  0.195833    0.574167    0.120833      0.4175  
  0.610833      0.9725    0.490833    0.469167  
  0.899167      0.1875    0.884167      0.6875  
  0.855833      0.4625      0.6825      0.7625  
  0.305833    0.470833      0.0275    0.514167  
  0.704167      0.2975      0.0775    0.454167  
  0.730833    0.194167      0.5875    0.355833  
    0.7525    0.105833   0.0541667    0.419167  
    0.8075    0.185833    0.224167    0.369167  
  0.309167    0.629167    0.724167    0.409167  
  0.709167    0.329167    0.660833    0.620833  
    0.3225    0.395833      0.1775    0.625833  
    0.6925    0.829167      0.6075    0.465833  
  0.600833      0.3575    0.894167    0.644167  
 0.0508333      0.3675    0.369167    0.435833  
  0.914167    0.955833      0.4775    0.475833  
    0.8275      0.6625    0.869167    0.899167  
    0.7675    0.889167    0.469167    0.354167  
  0.390833    0.809167      0.7175   0.0258333  
    0.3875    0.554167    0.919167    0.169167  
  0.524167      0.0225    0.330833    0.444167  
  0.464167      0.5475      0.4275    0.389167  
    0.0275      0.4975    0.899167      0.5075  
    0.8175    0.455833    0.769167    0.584167  
  0.860833      0.1575    0.945833    0.424167  
  0.765833    0.539167      0.7425    0.330833  
    0.7725    0.644167    0.265833    0.380833  
    0.6075    0.570833    0.355833      0.0425  
  0.270833    0.214167      0.1125    0.199167  
  0.799167      0.8975      0.3225    0.219167  
  0.750833    0.919167      0.5825      0.1825  
  0.949167      0.3125    0.705833    0.114167  
    0.1625      0.1925    0.485833      0.6825  
  0.364167   0.0891667    0.950833      0.4625  
  0.569167    0.725833    0.635833      0.2375  
    0.5175      0.1725    0.329167   0.0541667  
    0.8975      0.6675    0.244167    0.224167  
  0.714167      0.3625    0.640833      0.1475  
  0.924167    0.314167    0.865833    0.500833  
  0.115833    0.619167      0.7975      0.4025  
  0.535833    0.699167    0.954167    0.455833  
    0.5675      0.8575    0.650833   0.0791667  
    0.4275    0.345833    0.839167   0.0641667  
  0.419167   0.0608333      0.7475      0.1525  
  0.895833      0.3325    0.534167   0.0241667  
  0.804167    0.555833      0.8675    0.729167  
  0.300833    0.134167      0.0875    0.589167  
    0.2425    0.290833      0.2975    0.200833  
  0.345833   0.0808333    0.990833      0.6675  
  0.760833      0.4475    0.470833      0.0975  
  0.670833      0.1475    0.365833    0.394167  
    0.6775    0.585833    0.489167      0.2175  
  0.700833      0.8125      0.5125   0.0341667  
  0.724167    0.710833      0.3375    0.210833  
  0.430833    0.325833      0.6425      0.0225  
  0.310833      0.2375      0.2475      0.5225  
    0.9375    0.249167    0.685833      0.4375  
  0.185833    0.119167    0.965833   0.0308333  
    0.5725      0.0725      0.9775    0.580833  
    0.3975    0.475833    0.570833    0.285833  
    0.7125    0.494167    0.925833      0.2825  
  0.624167   0.0341667    0.525833      0.4075  
  0.554167      0.7475    0.384167    0.119167  
    0.4975    0.459167    0.695833    0.160833  
  0.560833      0.6775      0.5625   0.0558333  
  0.385833    0.450833      0.7125    0.464167  
  0.449167      0.3025    0.459167      0.1025  
    0.4525    0.195833    0.425833    0.270833  
  0.400833      0.6175    0.615833    0.149167  
  0.454167      0.1275      0.5925    0.685833  
  0.649167    0.544167      0.8525    0.600833  
  0.269167      0.2175    0.444167      0.5175  
 0.0658333   0.0141667    0.825833    0.905833  
  0.304167    0.129167    0.794167    0.744167  
  0.824167    0.144167      0.6325    0.555833  
0.00583333    0.639167      0.9575      0.3375  
  0.534167    0.210833    0.564167      0.3925  
    0.3175    0.254167    0.970833      0.5675  
    0.5275      0.5625    0.964167      0.3075  
  0.570833    0.454167      0.7925    0.449167  
  0.129167    0.229167    0.419167    0.104167  
    0.0425      0.7675      0.9625    0.185833  
  0.285833      0.0175    0.610833      0.6925  
    0.2375    0.275833      0.7275   0.0608333  
  0.444167    0.410833    0.860833    0.314167  
    0.2925   0.0191667      0.4225    0.495833  
    0.1725    0.114167      0.9875    0.569167  
  0.190833      0.0825    0.775833    0.415833  
  0.120833  0.00583333      0.6625      0.0575  
  0.584167    0.280833      0.8925      0.3725  
 0.0941667   0.0508333    0.664167    0.700833  
  0.144167   0.0258333      0.8575      0.7225  
    0.3025    0.599167    0.750833      0.0025  
  0.754167    0.104167      0.8125    0.599167  
  0.650833      0.0075    0.850833    0.460833  
    0.5625   0.0991667    0.840833    0.304167  
  0.234167    0.664167    0.934167    0.324167  
  0.484167    0.215833    0.704167    0.255833  
    0.0175      0.0975      0.4575      0.2025  
    0.1875    0.645833      0.9225    0.129167  
  0.379167    0.235833      0.7025      0.4275  
    0.1425    0.399167    0.875833    0.375833  
  0.150833   0.0908333    0.300833    0.524167  
  0.299167    0.499167    0.740833      0.1775  
  0.250833    0.135833    0.590833      0.3825  
 0.0708333    0.310833      0.6725      0.3775  
    0.1125    0.479167    0.815833    0.174167  
 0.0258333    0.169167      0.3975    0.425833  
  0.200833      0.4575    0.994167      0.1325  
  0.230833    0.110833    0.914167    0.220833  
  0.110833    0.279167    0.959167    0.139167  
 0.0208333    0.315833    0.820833    0.249167  
 0.0158333      0.1825    0.639167      0.2275  
 0.0291667   0.0158333    0.885833    0.559167  
 0.0858333    0.160833      0.7775    0.105833  
    0.0825      0.1175      0.5725      0.4925  
 0.0541667    0.120833    0.849167      0.2875  
0.000833333    0.130833    0.755833    0.459167  
