0 0.027 72.698 3803.45 72.4841 0.213908 0.0282725 479820 840396 16063.1 4317.1 4.49555e+07 70730.4 2.92729e+07 2.13675e-06 7.37357e+14 0 0 7680.79 74550.3 34.7616 337.398
1 0.0282725 73.4203 3799.43 72.278 1.14225 0.0296049 526090 1.7609e+06 33850.9 4927.25 4.35133e+07 72805.7 3.95103e+06 2.20945e-06 7.3727e+14 0 0 1121.92 12082.7 4.63081 49.8721
2 0.0296049 73.4347 3792.39 72.2639 1.17079 0.0310001 576821 2.76834e+06 53358.7 5605.3 4.21158e+07 74940.1 4.19308e+06 2.30532e-06 7.37099e+14 0 0 1193.88 12890.7 4.49422 48.5257
3 0.0310001 73.4493 3785.06 72.2493 1.20001 0.0324611 632443 3.87084e+06 74752.8 6358.77 4.07615e+07 77135 4.44979e+06 2.40542e-06 7.36921e+14 0 0 1270.5 13754.2 4.36183 47.2203
4 0.0324611 73.4641 3777.43 72.2342 1.2299 0.033991 693426 5.07727e+06 98215.7 7196.02 3.94493e+07 79392 4.72202e+06 2.50995e-06 7.36734e+14 0 0 1352.1 14676.9 4.23354 45.9545
5 0.033991 73.4791 3769.5 72.2186 1.26048 0.0355929 760289 6.39732e+06 123948 8126.32 3.81777e+07 81713 5.0107e+06 2.65093e-06 7.36538e+14 0 0 1439.01 15663.1 4.1092 44.7272
6 0.0355929 73.4942 3761.25 72.2024 1.29177 0.0372704 833596 7.84156e+06 152168 9159.98 3.69456e+07 84099.4 5.31682e+06 2.80111e-06 7.36333e+14 0 0 1531.57 16717.3 3.9887 43.5371
7 0.0372704 73.5095 3752.67 72.1857 1.32378 0.0390269 913970 9.42152e+06 183117 10308.4 3.57518e+07 86553.2 5.6414e+06 2.95988e-06 7.36118e+14 0 0 1630.17 17844.3 3.87193 42.3831
8 0.0390269 73.5249 3743.75 72.1684 1.35651 0.0408662 1.00209e+06 1.11498e+07 217059 11584.4 3.45951e+07 89076 5.98554e+06 3.12769e-06 7.35893e+14 0 0 1735.21 19049.2 3.75876 41.2639
9 0.0408662 73.5404 3734.49 72.1504 1.39 0.0427921 1.0987e+06 1.30401e+07 254284 13001.9 3.34743e+07 91669.7 6.35039e+06 3.34947e-06 7.35657e+14 0 0 1847.11 20337.7 3.6491 40.1786
10 0.0427921 73.5561 3724.86 72.1319 1.42423 0.0448088 1.20463e+06 1.51075e+07 295109 14576.6 3.23885e+07 94336.1 6.73719e+06 3.56072e-06 7.35411e+14 0 0 1966.33 21715.6 3.54283 39.1259
11 0.0448088 73.572 3714.86 72.1127 1.45924 0.0469206 1.32076e+06 1.73682e+07 339882 16325.9 3.13364e+07 97077.1 7.14723e+06 3.78536e-06 7.35152e+14 0 0 2093.36 23189.3 3.43984 38.1049
12 0.0469206 73.5879 3704.48 72.0929 1.49503 0.0491319 1.44809e+06 1.98401e+07 388986 18269.1 3.03171e+07 99894.8 7.58187e+06 4.02423e-06 7.34882e+14 0 0 2228.74 24765.7 3.34004 37.1146
13 0.0491319 73.6039 3693.71 72.0723 1.53161 0.0514474 1.58768e+06 2.25427e+07 442838 20427.4 2.93296e+07 102791 8.04257e+06 4.26544e-06 7.34599e+14 0 0 2373 26452.2 3.24334 36.1539
14 0.0514474 73.62 3682.53 72.051 1.569 0.0538721 1.74073e+06 2.5497e+07 501900 22824.7 2.83729e+07 105768 8.53085e+06 4.48432e-06 7.34303e+14 0 0 2526.77 28256.5 3.14963 35.2219
15 0.0538721 73.6362 3670.93 72.029 1.60722 0.056411 1.90852e+06 2.87261e+07 566673 25487.2 2.74461e+07 108827 9.04834e+06 4.71457e-06 7.33992e+14 0 0 2690.67 30187.3 3.05882 34.3177
16 0.056411 73.6524 3658.91 72.0061 1.64626 0.0590696 2.09247e+06 3.22551e+07 637712 28444.2 2.65482e+07 111972 9.59674e+06 4.9568e-06 7.33667e+14 0 0 2865.39 32253.5 2.97083 33.4403
17 0.0590696 73.6687 3646.44 71.9825 1.68615 0.0618534 2.29415e+06 3.61115e+07 715621 31728.1 2.56784e+07 115203 1.01779e+07 5.22588e-06 7.33327e+14 0 0 3051.67 34464.9 2.88556 32.5889
18 0.0618534 73.6849 3633.52 71.958 1.7269 0.0647685 2.51526e+06 4.03249e+07 801066 35374.7 2.48358e+07 118523 1.07936e+07 5.46498e-06 7.32971e+14 0 0 3250.28 36831.9 2.80294 31.7627
19 0.0647685 73.7012 3620.14 71.9327 1.76852 0.0678209 2.75766e+06 4.49278e+07 894775 39424 2.40196e+07 121935 1.1446e+07 5.71522e-06 7.32598e+14 0 0 3462.07 39365.7 2.72289 30.9607
20 0.0678209 73.7175 3606.28 71.9065 1.81102 0.0710172 3.02342e+06 4.99554e+07 997547 43920.2 2.3229e+07 125441 1.21372e+07 5.97716e-06 7.32208e+14 0 0 3687.94 42078.4 2.64532 30.1823
21 0.0710172 73.7337 3591.93 71.8793 1.85441 0.0743642 3.31476e+06 5.54462e+07 1.11026e+06 48912.4 2.24632e+07 129042 1.28694e+07 6.2479e-06 7.318e+14 0 0 3928.85 44982.7 2.57015 29.4265
22 0.0743642 73.7498 3577.08 71.8511 1.89871 0.0778689 3.63417e+06 6.14418e+07 1.23387e+06 54454.8 2.17214e+07 132742 1.36451e+07 6.53314e-06 7.31372e+14 0 0 4185.83 48092.7 2.49733 28.6928
23 0.0778689 73.7658 3561.72 71.8219 1.94392 0.0815387 3.98433e+06 6.79877e+07 1.36944e+06 60608 2.10029e+07 136543 1.44667e+07 6.83169e-06 7.30925e+14 0 0 4459.98 51423 2.42676 27.9802
24 0.0815387 73.7817 3545.84 71.7917 1.99006 0.0853815 4.3682e+06 7.51331e+07 1.51812e+06 67438.6 2.0307e+07 140448 1.53368e+07 7.14417e-06 7.30456e+14 0 0 4752.49 54989.5 2.35839 27.2881
25 0.0853815 73.7975 3529.43 71.7603 2.03713 0.0894054 4.78904e+06 8.29316e+07 1.68118e+06 75020.9 1.9633e+07 144458 1.62583e+07 7.47533e-06 7.29966e+14 0 0 5064.63 58809.3 2.29214 26.6158
26 0.0894054 73.813 3512.47 71.7279 2.08515 0.0936189 5.25039e+06 9.14414e+07 1.86001e+06 83437.1 1.89802e+07 148577 1.72342e+07 7.81987e-06 7.29453e+14 0 0 5397.74 62900.6 2.22795 25.9626
27 0.0936189 73.8283 3494.95 71.6942 2.13413 0.0980311 5.75614e+06 1.00726e+08 2.05614e+06 92778.4 1.8348e+07 152807 1.82675e+07 8.18067e-06 7.28916e+14 0 0 5753.29 67283 2.16576 25.3279
28 0.0980311 73.8434 3476.86 71.6593 2.18407 0.102651 6.31057e+06 1.10853e+08 2.27123e+06 103146 1.77358e+07 157151 1.93615e+07 8.55848e-06 7.28353e+14 0 0 6132.83 71977.4 2.1055 24.7109
29 0.102651 73.8581 3458.19 71.6231 2.23499 0.107489 6.91836e+06 1.21898e+08 2.50711e+06 114651 1.71429e+07 161612 2.05197e+07 8.95417e-06 7.27765e+14 0 0 6538.04 77006.1 2.04711 24.1112
30 0.107489 73.8725 3438.92 71.5856 2.28689 0.112555 7.58463e+06 1.33941e+08 2.76581e+06 127418 1.65687e+07 166192 2.17459e+07 9.36864e-06 7.2715e+14 0 0 6970.72 82393.4 1.99054 23.528
31 0.112555 73.8865 3419.06 71.5467 2.33978 0.117859 8.31501e+06 1.47069e+08 3.04952e+06 141585 1.60127e+07 170894 2.30437e+07 9.80274e-06 7.26505e+14 0 0 7432.78 88164.7 1.93573 22.9609
32 0.117859 73.9001 3398.59 71.5064 2.39366 0.123414 9.11565e+06 1.61378e+08 3.36065e+06 157304 1.54743e+07 175721 2.44173e+07 1.02574e-05 7.25831e+14 0 0 7926.29 94347.6 1.88262 22.4091
33 0.123414 73.9131 3377.49 71.4646 2.44855 0.12923 9.99329e+06 1.7697e+08 3.70187e+06 174744 1.49529e+07 180676 2.58711e+07 1.08481e-05 7.25126e+14 0 0 8453.47 100971 1.83117 21.8722
34 0.12923 73.9256 3355.76 71.4212 2.50445 0.135321 1.09553e+07 1.93956e+08 4.07607e+06 194092 1.44481e+07 185763 2.74094e+07 1.14157e-05 7.24388e+14 0 0 9016.69 108068 1.78131 21.3496
35 0.135321 73.9375 3333.38 71.3761 2.56136 0.141698 1.20099e+07 2.12457e+08 4.48643e+06 215554 1.39594e+07 190983 2.90372e+07 1.20135e-05 7.23616e+14 0 0 9618.5 115670 1.73301 20.8408
36 0.141698 73.9487 3310.35 71.3294 2.61929 0.148376 1.31659e+07 2.32602e+08 4.93646e+06 239361 1.34861e+07 196340 3.07593e+07 1.26432e-05 7.22809e+14 0 0 10261.7 123814 1.68621 20.3452
37 0.148376 73.9592 3286.67 71.2809 2.67824 0.155369 1.44329e+07 2.54534e+08 5.42997e+06 265767 1.3028e+07 201838 3.25811e+07 1.35968e-05 7.21964e+14 0 0 10949.1 132538 1.64086 19.8625
38 0.155369 73.9688 3262.31 71.2306 2.73821 0.162691 1.58218e+07 2.78402e+08 5.97117e+06 295052 1.25844e+07 207478 3.45081e+07 1.47921e-05 7.2108e+14 0 0 11683.9 141883 1.59692 19.392
39 0.162691 73.9776 3237.27 71.1784 2.79921 0.170358 1.73441e+07 3.04373e+08 6.56465e+06 327528 1.2155e+07 213266 3.65463e+07 1.60921e-05 7.20155e+14 0 0 12469.6 151892 1.55434 18.9334
40 0.170358 73.9853 3211.54 71.1241 2.86124 0.178387 1.90127e+07 3.32623e+08 7.21546e+06 363541 1.17393e+07 219203 3.87018e+07 1.75062e-05 7.19188e+14 0 0 13309.8 162612 1.51309 18.4861
41 0.178387 73.9921 3185.11 71.0678 2.9243 0.186794 2.08415e+07 3.63344e+08 7.92912e+06 403472 1.13369e+07 225293 4.0981e+07 1.91135e-05 7.18177e+14 0 0 14208.3 174092 1.47312 18.0498
42 0.186794 73.9976 3157.98 71.0093 2.98838 0.195598 2.2846e+07 3.96742e+08 8.71169e+06 447744 1.09474e+07 231539 4.33909e+07 2.18416e-05 7.1712e+14 0 0 15169.5 186385 1.43438 17.624
43 0.195598 74.002 3130.12 70.9485 3.05349 0.204816 2.50429e+07 4.33038e+08 9.56981e+06 496824 1.05703e+07 237945 4.59386e+07 2.49561e-05 7.16014e+14 0 0 16197.8 199546 1.39685 17.2082
44 0.204816 74.0049 3101.55 70.8853 3.11962 0.214469 2.74508e+07 4.72474e+08 1.05108e+07 551230 1.02054e+07 244514 4.86316e+07 2.85113e-05 7.14857e+14 0 0 17298 213634 1.36047 16.8021
45 0.214469 74.0065 3072.24 70.8197 3.18677 0.224576 3.00897e+07 5.15305e+08 1.15425e+07 611534 9.85219e+06 251250 5.1478e+07 3.28383e-05 7.13648e+14 0 0 18475.5 228714 1.32522 16.4053
46 0.224576 74.0064 3042.2 70.7515 3.25493 0.23516 3.29819e+07 5.6181e+08 1.26738e+07 678370 9.51034e+06 258156 5.4486e+07 3.95967e-05 7.12384e+14 0 0 19735.7 244850 1.29106 16.0175
47 0.23516 74.0047 3011.42 70.6806 3.32411 0.246243 3.61514e+07 6.12285e+08 1.39142e+07 752439 9.1795e+06 265235 5.76644e+07 4.77342e-05 7.11063e+14 0 0 21084.9 262114 1.25795 15.6381
48 0.246243 74.0011 2979.9 70.6069 3.39428 0.257848 3.96249e+07 6.67051e+08 1.52742e+07 834515 8.85933e+06 272491 6.10225e+07 5.75291e-05 7.09682e+14 0 0 22529.4 280581 1.22587 15.2669
49 0.257848 73.9956 2947.63 70.5302 3.46545 0.27 4.34314e+07 7.2645e+08 1.67654e+07 925455 8.54951e+06 279927 6.45699e+07 6.93155e-05 7.08238e+14 0 0 24076.3 300329 1.19476 14.9036
50 0.27 73.988 2914.61 70.4504 3.5376 0.282725 4.76028e+07 7.9085e+08 1.84002e+07 1.02621e+06 8.24971e+06 287548 6.83168e+07 8.21659e-05 7.06729e+14 0 0 25733 321442 1.16462 14.5477
51 0.282725 73.9782 2880.84 70.3675 3.61073 0.296049 5.21738e+07 8.60645e+08 2.01925e+07 1.13782e+06 7.95962e+06 295356 7.22738e+07 9.68478e-05 7.05153e+14 0 0 27507.6 344007 1.13539 14.1991
52 0.296049 73.9659 2846.32 70.2811 3.68482 0.310001 5.71826e+07 9.36257e+08 2.21574e+07 1.26145e+06 7.67894e+06 303356 7.64522e+07 0.000114127 7.03505e+14 0 0 29408.9 368117 1.10706 13.8573
53 0.310001 73.9511 2811.05 70.1913 3.75987 0.324611 6.26711e+07 1.01814e+09 2.43114e+07 1.39837e+06 7.40738e+06 311550 8.08637e+07 0.000134459 7.01784e+14 0 0 31446.2 393868 1.0796 13.5221
54 0.324611 73.9336 2775.04 70.0977 3.83585 0.33991 6.86848e+07 1.10676e+09 2.66727e+07 1.55e+06 7.14466e+06 319942 8.55205e+07 0.000155807 6.99986e+14 0 0 33629.5 421364 1.05296 13.1932
55 0.33991 73.9131 2738.28 70.0003 3.91276 0.355929 7.52739e+07 1.20266e+09 2.92611e+07 1.71791e+06 6.89049e+06 328537 9.04355e+07 0.000176791 6.98108e+14 0 0 35969.7 450709 1.02714 12.8703
56 0.355929 73.8895 2700.79 69.8989 3.99058 0.372704 8.24933e+07 1.30636e+09 3.20983e+07 1.90381e+06 6.64463e+06 337338 9.56224e+07 0.000200572 6.96147e+14 0 0 38478.3 482016 1.0021 12.5532
57 0.372704 73.8625 2662.56 69.7932 4.06928 0.390269 9.04028e+07 1.41846e+09 3.5208e+07 2.10962e+06 6.4068e+06 346347 1.01095e+08 0.000227521 6.94099e+14 0 0 41168 515400 0.977806 12.2416
58 0.390269 73.832 2623.61 69.6831 4.14887 0.408662 9.90682e+07 1.53958e+09 3.86164e+07 2.33743e+06 6.17676e+06 355570 1.06869e+08 0.000257173 6.91961e+14 0 0 44052.1 550983 0.954245 11.9352
59 0.408662 73.7977 2583.95 69.5684 4.22931 0.427921 1.08561e+08 1.67037e+09 4.2352e+07 2.58957e+06 5.95427e+06 365009 1.12958e+08 0.000279666 6.89728e+14 0 0 47145.1 588890 0.931387 11.634
60 0.427921 73.7594 2543.58 69.4488 4.31059 0.448088 1.18961e+08 1.81155e+09 4.64457e+07 2.86861e+06 5.73909e+06 374668 1.1938e+08 0.000304118 6.87398e+14 0 0 50462.7 629250 0.909209 11.3375
61 0.448088 73.7169 2502.52 69.3242 4.39268 0.469206 1.30352e+08 1.96384e+09 5.09319e+07 3.17737e+06 5.531e+06 384550 1.26151e+08 0.000330701 6.84967e+14 0 0 54021.4 672199 0.887686 11.0456
62 0.469206 73.6698 2460.78 69.1942 4.47557 0.491319 1.42831e+08 2.12804e+09 5.58477e+07 3.51897e+06 5.32977e+06 394660 1.3329e+08 0.000359597 6.82429e+14 0 0 57839.4 717873 0.866797 10.7582
63 0.491319 73.6179 2418.38 69.0586 4.55923 0.514474 1.56499e+08 2.30499e+09 6.1234e+07 3.89687e+06 5.13518e+06 405000 1.40814e+08 0.000387002 6.79782e+14 0 0 61936 766416 0.846519 10.4751
64 0.514474 73.5609 2375.34 68.9172 4.64365 0.538721 1.71469e+08 2.49555e+09 6.71354e+07 4.31485e+06 4.94704e+06 415574 1.48742e+08 0.000414337 6.77021e+14 0 0 66332 817972 0.82683 10.196
65 0.538721 73.4985 2331.66 68.7697 4.72879 0.56411 1.87864e+08 2.70065e+09 7.36006e+07 4.77712e+06 4.76515e+06 426385 1.57096e+08 0.000443617 6.74142e+14 0 0 71049.6 872688 0.80771 9.92093
66 0.56411 73.4304 2287.38 68.6157 4.81463 0.590696 2.0582e+08 2.92127e+09 8.0683e+07 5.28828e+06 4.58929e+06 437436 1.65895e+08 0.000474979 6.71139e+14 0 0 76113 930714 0.789136 9.6496
67 0.590696 73.3562 2242.51 68.455 4.90115 0.618534 2.25483e+08 3.15843e+09 8.84409e+07 5.85344e+06 4.4193e+06 448732 1.75163e+08 0.000509039 6.6801e+14 0 0 81547.8 992199 0.771091 9.38193
68 0.618534 73.2756 2197.08 68.2873 4.98833 0.647685 2.47015e+08 3.4132e+09 9.69379e+07 6.4782e+06 4.25498e+06 460273 1.84921e+08 0.000547831 6.64748e+14 0 0 87381.7 1.0573e+06 0.753553 9.1178
69 0.647685 73.1883 2151.12 68.1121 5.07613 0.678209 2.70592e+08 3.68671e+09 1.06244e+08 7.16874e+06 4.09615e+06 472065 1.95193e+08 0.000589587 6.61349e+14 0 0 93644.5 1.12615e+06 0.736505 8.85709
70 0.678209 73.0938 2104.65 67.9293 5.16454 0.710172 2.96406e+08 3.98013e+09 1.16434e+08 7.93188e+06 3.94266e+06 484109 2.06005e+08 0.000634533 6.57808e+14 0 0 100368 1.19892e+06 0.719927 8.59973
71 0.710172 72.9918 2057.71 67.7383 5.25352 0.743642 3.24667e+08 4.29468e+09 1.27592e+08 8.77512e+06 3.79431e+06 496409 2.17381e+08 0.000682912 6.54121e+14 0 0 107586 1.27575e+06 0.703801 8.34563
72 0.743642 72.8818 2010.33 67.5388 5.34306 0.778689 3.55607e+08 4.63164e+09 1.39808e+08 9.70671e+06 3.65097e+06 508967 2.29349e+08 0.000738357 6.50281e+14 0 0 115336 1.35678e+06 0.68811 8.09471
73 0.778689 72.7635 1962.54 67.3304 5.43312 0.815387 3.89475e+08 4.99232e+09 1.5318e+08 1.07357e+07 3.51246e+06 521786 2.41936e+08 0.000810639 6.46285e+14 0 0 123656 1.44214e+06 0.672837 7.84693
74 0.815387 72.6363 1914.39 67.1126 5.52367 0.853815 4.26547e+08 5.3781e+09 1.67818e+08 1.18722e+07 3.37865e+06 534868 2.55171e+08 0.000889929 6.42126e+14 0 0 132589 1.53196e+06 0.657964 7.60224
75 0.853815 72.4998 1865.91 66.8851 5.6147 0.894054 4.67122e+08 5.79038e+09 1.83837e+08 1.31271e+07 3.24937e+06 548214 2.69084e+08 0.000976898 6.37799e+14 0 0 142180 1.62637e+06 0.643476 7.3606
76 0.894054 72.3536 1817.15 66.6474 5.70617 0.936189 5.11528e+08 6.23063e+09 2.01366e+08 1.45126e+07 3.12449e+06 561829 2.83706e+08 0.00107228 6.333e+14 0 0 152477 1.72548e+06 0.629357 7.12202
77 0.936189 72.1971 1768.15 66.399 5.79807 0.980311 5.60121e+08 6.70033e+09 2.20545e+08 1.60419e+07 3.00387e+06 575712 2.99068e+08 0.00121623 6.28622e+14 0 0 163530 1.82937e+06 0.61559 6.88645
78 0.980311 72.0297 1718.95 66.1394 5.89036 1.02651 6.13292e+08 7.20102e+09 2.41526e+08 1.77297e+07 2.88738e+06 589866 3.15204e+08 0.00138091 6.23761e+14 0 0 175396 1.93813e+06 0.602162 6.6539
79 1.02651 71.851 1669.59 65.868 5.98303 1.07489 6.71467e+08 7.73426e+09 2.64474e+08 1.9592e+07 2.77488e+06 604292 3.32149e+08 0.00156748 6.1871e+14 0 0 188132 2.05182e+06 0.589056 6.42439
80 1.07489 71.6605 1620.14 65.5844 6.07605 1.12555 7.3511e+08 8.30162e+09 2.89569e+08 2.16466e+07 2.66625e+06 618991 3.49936e+08 0.00177878 6.13465e+14 0 0 201801 2.17047e+06 0.576259 6.19793
81 1.12555 71.4574 1570.63 65.288 6.1694 1.17859 8.04728e+08 8.90471e+09 3.17007e+08 2.39127e+07 2.56136e+06 633965 3.68604e+08 0.00200051 6.0802e+14 0 0 216470 2.2941e+06 0.563756 5.97456
82 1.17859 71.2413 1521.13 64.9782 6.26305 1.23414 8.80873e+08 9.54514e+09 3.47001e+08 2.64117e+07 2.46011e+06 649213 3.88189e+08 0.00225815 6.0237e+14 0 0 232209 2.42271e+06 0.551533 5.75434
83 1.23414 71.0115 1471.69 64.6545 6.35699 1.2923 9.64149e+08 1.02245e+10 3.79783e+08 2.9167e+07 2.36237e+06 664737 4.0873e+08 0.00254831 5.96509e+14 0 0 249093 2.55625e+06 0.539578 5.53729
84 1.2923 70.7673 1422.36 64.3161 6.45119 1.35321 1.05521e+09 1.09445e+10 4.15604e+08 3.22042e+07 2.26804e+06 680536 4.30268e+08 0.00287497 5.90434e+14 0 0 267202 2.69466e+06 0.527877 5.32351
85 1.35321 70.5082 1373.21 63.9626 6.54565 1.41698 1.15478e+09 1.17067e+10 4.54737e+08 3.55513e+07 2.177e+06 696610 4.52842e+08 0.00324264 5.84138e+14 0 0 286620 2.83784e+06 0.516417 5.11306
86 1.41698 70.2335 1324.29 63.5931 6.64034 1.48376 1.26362e+09 1.25126e+10 4.97479e+08 3.92392e+07 2.08915e+06 712957 4.76494e+08 0.00354213 5.77616e+14 0 0 307438 2.98562e+06 0.505186 4.90601
87 1.48376 69.9424 1275.66 63.2072 6.73525 1.55369 1.38261e+09 1.33638e+10 5.4415e+08 4.33018e+07 2.00439e+06 729579 5.01268e+08 0.00388392 5.70866e+14 0 0 329750 3.13784e+06 0.494172 4.70245
88 1.55369 69.6343 1227.37 62.804 6.83036 1.62691 1.51264e+09 1.42618e+10 5.95098e+08 4.77759e+07 1.92262e+06 746472 5.27208e+08 0.00425822 5.63881e+14 0 0 353655 3.29426e+06 0.483363 4.50247
89 1.62691 69.3085 1179.5 62.3828 6.92566 1.70358 1.65474e+09 1.52081e+10 6.50701e+08 5.27022e+07 1.84375e+06 763634 5.54358e+08 0.00466811 5.56659e+14 0 0 379259 3.45461e+06 0.472748 4.30618
90 1.70358 68.9642 1132.09 61.9431 7.02115 1.78387 1.81e+09 1.62039e+10 7.11365e+08 5.81249e+07 1.76768e+06 781065 5.82764e+08 0.00511683 5.49195e+14 0 0 406672 3.61855e+06 0.462315 4.11365
91 1.78387 68.6008 1085.21 61.484 7.11681 1.86794 1.97961e+09 1.72506e+10 7.77531e+08 6.40927e+07 1.69433e+06 798761 6.12473e+08 0.00555245 5.41486e+14 0 0 436010 3.78571e+06 0.452054 3.92501
92 1.86794 68.2174 1038.93 61.0047 7.21264 1.95598 2.16487e+09 1.83493e+10 8.49675e+08 7.06586e+07 1.62361e+06 816718 6.43533e+08 0.00603087 5.33529e+14 0 0 467395 3.95567e+06 0.441954 3.74036
93 1.95598 67.8132 993.282 60.5046 7.30863 2.04816 2.36717e+09 1.95011e+10 9.28311e+08 7.78808e+07 1.55543e+06 834934 6.7599e+08 0.00655019 5.25323e+14 0 0 500952 4.12791e+06 0.432006 3.55978
94 2.04816 67.3877 948.348 59.9829 7.40478 2.14469 2.58807e+09 2.07069e+10 1.01399e+09 8.58226e+07 1.48972e+06 853403 7.09894e+08 0.00711386 5.16865e+14 0 0 536814 4.30194e+06 0.422199 3.38343
95 2.14469 66.9399 904.174 59.4388 7.50108 2.24576 2.8292e+09 2.19675e+10 1.10732e+09 9.45534e+07 1.42639e+06 872122 7.45294e+08 0.00772559 5.08154e+14 0 0 575117 4.47712e+06 0.412525 3.21138
96 2.24576 66.4691 860.819 58.8715 7.59754 2.3516 3.09239e+09 2.32834e+10 1.20892e+09 1.04149e+08 1.36537e+06 891084 7.8224e+08 0.00838946 4.99189e+14 0 0 616004 4.65281e+06 0.402974 3.04375
97 2.3516 65.9745 818.288 58.2804 7.69415 2.46243 3.37957e+09 2.46549e+10 1.31951e+09 1.14692e+08 1.30659e+06 910284 8.20782e+08 0.00900143 4.89971e+14 0 0 659619 4.82797e+06 0.393538 2.88044
98 2.46243 65.4555 776.669 57.6646 7.79093 2.57848 3.69289e+09 2.60823e+10 1.4398e+09 1.26272e+08 1.24997e+06 929716 8.60969e+08 0.00973262 4.80501e+14 0 0 706112 5.00203e+06 0.384208 2.7217
99 2.57848 64.9112 736.033 57.0233 7.88786 2.7 4.03463e+09 2.75655e+10 1.57061e+09 1.38988e+08 1.19544e+06 949371 9.02852e+08 0.010523 4.70781e+14 0 0 755636 5.17431e+06 0.374978 2.56771
100 2.7 64.3409 696.414 56.356 7.98496 2.82725 4.40729e+09 2.91043e+10 1.71277e+09 1.52946e+08 1.14294e+06 969243 9.4648e+08 0.0113773 4.60812e+14 0 0 808347 5.34388e+06 0.36584 2.41852
101 2.82725 63.744 657.853 55.6617 8.08224 2.96049 4.81357e+09 3.06981e+10 1.86721e+09 1.68264e+08 1.0924e+06 989323 9.91903e+08 0.0123006 4.506e+14 0 0 864401 5.50981e+06 0.356787 2.27421
102 2.96049 63.1196 620.399 54.9399 8.1797 3.10001 5.25638e+09 3.23462e+10 2.03488e+09 1.85068e+08 1.04375e+06 1.0096e+06 1.03917e+09 0.0131664 4.40149e+14 0 0 923956 5.67125e+06 0.347812 2.13487
103 3.10001 62.4672 584.079 54.1899 8.27734 3.24611 5.7389e+09 3.40475e+10 2.21684e+09 2.03496e+08 996946 1.03007e+06 1.08833e+09 0.0141775 4.29465e+14 0 0 987170 5.82712e+06 0.338911 2.00054
104 3.24611 61.7862 548.92 53.4111 8.37517 3.3991 6.26453e+09 3.58006e+10 2.41417e+09 2.23699e+08 951915 1.05071e+06 1.13943e+09 0.0152664 4.18555e+14 0 0 1.0542e+06 5.97637e+06 0.330077 1.87125
105 3.3991 61.076 514.958 52.6028 8.47321 3.55929 6.83696e+09 3.76039e+10 2.62805e+09 2.4584e+08 908604 1.07152e+06 1.19251e+09 0.0164395 4.07427e+14 0 0 1.12519e+06 6.11807e+06 0.321306 1.74706
106 3.55929 60.336 482.212 51.7646 8.57145 3.72704 7.46018e+09 3.94555e+10 2.85973e+09 2.70095e+08 866955 1.09249e+06 1.24763e+09 0.0177031 3.96091e+14 0 0 1.2003e+06 6.25112e+06 0.312595 1.62799
107 3.72704 59.5659 450.697 50.896 8.6699 3.90269 8.13848e+09 4.13531e+10 3.11052e+09 2.96658e+08 826916 1.11359e+06 1.30482e+09 0.0190643 3.84559e+14 0 0 1.27965e+06 6.37439e+06 0.303939 1.51402
108 3.90269 58.7652 420.434 49.9966 8.76857 4.08662 8.87649e+09 4.3294e+10 3.3818e+09 3.25737e+08 788433 1.13482e+06 1.36412e+09 0.0200774 3.72843e+14 0 0 1.36339e+06 6.48687e+06 0.295335 1.40517
109 4.08662 57.9336 391.423 49.0661 8.86746 4.27921 9.67921e+09 4.52753e+10 3.67505e+09 3.57559e+08 751456 1.15617e+06 1.42558e+09 0.0213818 3.60957e+14 0 0 1.45163e+06 6.58712e+06 0.286781 1.30133
110 4.27921 57.0709 363.68 48.1043 8.96657 4.48088 1.0552e+10 4.72938e+10 3.9918e+09 3.92368e+08 715934 1.17761e+06 1.48923e+09 0.022775 3.48916e+14 0 0 1.54448e+06 6.67352e+06 0.278276 1.2024
111 4.48088 56.177 337.194 47.1111 9.06588 4.69206 1.15007e+10 4.93458e+10 4.33368e+09 4.30429e+08 681821 1.19913e+06 1.5551e+09 0.0242634 3.36737e+14 0 0 1.64203e+06 6.74368e+06 0.269819 1.10813
112 4.69206 55.256 311.973 46.0853 9.17068 4.91319 1.25314e+10 5.14275e+10 4.70239e+09 4.7203e+08 649070 1.22071e+06 1.60908e+09 0.0258541 3.24405e+14 0 0 1.74319e+06 6.79606e+06 0.26124 1.01848
113 4.91319 53.827 288.008 44.5936 9.2334 5.14474 1.36508e+10 5.35348e+10 5.09622e+09 5.17482e+08 617635 1.24234e+06 1.64952e+09 0.0275544 3.1581e+14 0 0 1.84236e+06 6.82858e+06 0.251807 0.933306
114 5.14474 51.8409 265.336 42.5774 9.26357 5.38721 1.48661e+10 5.56634e+10 5.51211e+09 5.67119e+08 587474 1.26399e+06 1.67553e+09 0.0296246 3.06031e+14 0 0 1.93205e+06 6.84265e+06 0.24083 0.852938
115 5.38721 49.4375 243.915 40.1627 9.27479 5.6411 1.6185e+10 5.7809e+10 5.94698e+09 6.21303e+08 558543 1.28565e+06 1.70965e+09 0.031693 2.94194e+14 0 0 2.00962e+06 6.83982e+06 0.228458 0.777567
116 5.6411 46.852 223.701 37.5501 9.30194 5.90696 1.76156e+10 5.99666e+10 6.39887e+09 6.80424e+08 530801 1.30729e+06 1.74345e+09 0.0339108 2.80902e+14 0 0 2.0712e+06 6.82038e+06 0.214741 0.707135
117 5.90696 44.3462 204.659 35.0172 9.32901 6.18534 1.91668e+10 6.2131e+10 6.86786e+09 7.44905e+08 504209 1.3289e+06 1.77684e+09 0.0362893 2.67587e+14 0 0 2.13118e+06 6.78374e+06 0.201518 0.64145
118 6.18534 41.9305 186.773 32.5776 9.35298 6.47685 2.08478e+10 6.42968e+10 7.35409e+09 8.15196e+08 478728 1.35044e+06 1.80975e+09 0.0388406 2.54342e+14 0 0 2.19064e+06 6.73042e+06 0.188914 0.580411
119 6.47685 39.6063 170.017 30.2335 9.37276 6.78209 2.26688e+10 6.64585e+10 7.85767e+09 8.91787e+08 454319 1.37191e+06 1.84211e+09 0.0415778 2.41193e+14 0 0 2.24976e+06 6.6607e+06 0.176942 0.523858
120 6.78209 37.3759 154.351 27.9872 9.38873 7.10172 2.46403e+10 6.86104e+10 8.37874e+09 9.75201e+08 430948 1.39327e+06 1.87384e+09 0.0445151 2.28163e+14 0 0 2.30844e+06 6.5745e+06 0.165581 0.471581
121 7.10172 35.2403 139.747 25.8436 9.39672 7.43642 2.67738e+10 7.07466e+10 8.91744e+09 1.066e+09 408578 1.41449e+06 1.91864e+09 0.0473258 2.15326e+14 0 0 2.36797e+06 6.47164e+06 0.154907 0.423358
122 7.43642 33.2264 126.163 23.8133 9.4131 7.78689 2.90814e+10 7.28613e+10 9.47436e+09 1.16479e+09 387175 1.43556e+06 1.93761e+09 0.0509866 2.02645e+14 0 0 2.42503e+06 6.35194e+06 0.144681 0.378966
123 7.78689 31.3166 113.566 21.8891 9.42749 8.15387 3.15758e+10 7.49484e+10 1.00499e+10 1.27223e+09 366705 1.45645e+06 1.95571e+09 0.0549323 1.90183e+14 0 0 2.48193e+06 6.21588e+06 0.135046 0.338218
124 8.15387 29.5128 101.913 20.0719 9.44086 8.53815 3.42707e+10 7.70021e+10 1.06446e+10 1.38899e+09 347136 1.47713e+06 1.97287e+09 0.0591856 1.7797e+14 0 0 2.53878e+06 6.06293e+06 0.125985 0.300868
125 8.53815 27.8161 91.1669 18.3619 9.45422 8.94054 3.71805e+10 7.90165e+10 1.12592e+10 1.51584e+09 328437 1.49757e+06 1.98906e+09 0.0637705 1.66038e+14 0 0 2.59575e+06 5.89285e+06 0.117478 0.266697
126 8.94054 26.2268 81.2771 16.7582 9.4686 9.36189 4.03205e+10 8.09856e+10 1.18946e+10 1.65355e+09 310577 1.51774e+06 2.00422e+09 0.068713 1.54416e+14 0 0 2.65309e+06 5.70468e+06 0.109508 0.235464
127 9.36189 24.7441 72.1991 15.2591 9.48503 9.80311 4.37068e+10 8.29036e+10 1.2552e+10 1.80299e+09 293526 1.53762e+06 2.01831e+09 0.0740412 1.43132e+14 0 0 2.71111e+06 5.49764e+06 0.102056 0.206952
128 9.80311 23.3667 63.8884 13.8624 9.50429 10.2651 4.73563e+10 8.47645e+10 1.32326e+10 1.96506e+09 277255 1.55718e+06 2.03128e+09 0.0797856 1.32217e+14 0 0 2.77026e+06 5.27142e+06 0.0951074 0.180976
129 10.2651 22.0982 56.3069 12.5692 9.52899 10.7489 5.1287e+10 8.65629e+10 1.39384e+10 2.14072e+09 261737 1.57638e+06 2.0431e+09 0.0859788 1.21718e+14 0 0 2.83126e+06 5.02709e+06 0.0886488 0.157402
130 10.7489 20.9358 49.4187 11.3716 9.56428 11.2555 5.55178e+10 8.82935e+10 1.46715e+10 2.33101e+09 246944 1.5952e+06 2.02729e+09 0.0938635 1.11599e+14 0 0 2.89304e+06 4.76626e+06 0.0826128 0.136104
131 11.2555 19.8657 43.1897 10.2632 9.60247 11.7859 6.00682e+10 8.99518e+10 1.54343e+10 2.53702e+09 232849 1.61362e+06 2.01792e+09 0.10209 1.01925e+14 0 0 2.95814e+06 4.49083e+06 0.0770392 0.116955
132 11.7859 18.8868 37.5898 9.24048 9.64631 12.3414 6.49591e+10 9.15345e+10 1.62295e+10 2.75992e+09 219426 1.63159e+06 2.00794e+09 0.111008 9.27073e+13 0 0 3.02688e+06 4.20217e+06 0.0718933 0.0998085
133 12.3414 17.9957 32.5852 8.29903 9.69667 12.923 7.02121e+10 9.30387e+10 1.70603e+10 3.00094e+09 206652 1.64909e+06 1.99737e+09 0.120669 8.39616e+13 0 0 3.1001e+06 3.90683e+06 0.0671536 0.0846287
134 12.923 17.1826 28.1511 7.42922 9.75337 13.5321 7.58497e+10 9.44637e+10 1.793e+10 3.26139e+09 194500 1.66609e+06 1.9862e+09 0.131133 7.56595e+13 0 0 3.17777e+06 3.60565e+06 0.0627793 0.0712324
135 13.5321 16.4284 24.2616 6.64273 9.78565 14.1698 8.18955e+10 9.58103e+10 1.88418e+10 3.54268e+09 182948 1.68256e+06 1.97442e+09 0.142464 6.81281e+13 0 0 3.27243e+06 3.30059e+06 0.0589608 0.0594683
136 14.1698 16.3379 20.9068 6.08264 10.2553 14.8376 8.83739e+10 9.70826e+10 1.98361e+10 3.84626e+09 171973 1.69847e+06 1.96205e+09 0.154727 6.05031e+13 0 0 3.31956e+06 2.98958e+06 0.0545473 0.0491251
137 14.8376 10.1554 18.7454 3.25924 6.89618 15.5369 9.53103e+10 9.83334e+10 2.05137e+10 4.17369e+09 161552 1.71379e+06 1.94909e+09 0.167995 4.67857e+13 0 0 3.55057e+06 2.71239e+06 0.0532098 0.0406486
138 15.5369 218.3 0.763729 187.084 31.2165 16.2691 1.02731e+11 9.83893e+10 3.64858e+10 4.52663e+09 151663 1.7285e+06 1.93553e+09 0.182345 9.37782e+14 0 0 1.77387e+07 42515.8 0.242445 0.000581091
139 16.2691 265.314 3.35889 0 265.314 17.0358 1.10663e+11 9.86588e+10 5.77704e+10 4.9068e+09 142285 1.74257e+06 1.9214e+09 0.197859 0 0 0 1.10975e+06 0 0.0138331 0
140 17.0358 221.852 0 0 221.852 17.8387 1.19135e+11 9.86588e+10 7.72855e+10 5.31602e+09 133397 1.75597e+06 1.90668e+09 0.214628 0 0 0 932919 0 0.0106057 0
141 17.8387 184.352 0 0 184.352 18.6794 1.28175e+11 9.86588e+10 9.50664e+10 5.75623e+09 124981 1.76867e+06 1.89139e+09 0.232743 0 0 0 778787 0 0.00807443 0
142 18.6794 152.189 0 0 152.189 19.5598 1.37813e+11 9.86588e+10 1.11161e+11 6.22944e+09 117015 1.78065e+06 1.84621e+09 0.256316 0 0 0 645057 0 0.00609946 0
143 19.5598 124.775 0 0 124.775 20.4816 1.48079e+11 9.86588e+10 1.2563e+11 6.73778e+09 109481 1.79189e+06 1.82776e+09 0.278122 0 0 0 531022 0 0.00457937 0
144 20.4816 101.563 0 0 101.563 21.4469 1.59003e+11 9.86588e+10 1.38544e+11 7.28348e+09 102361 1.80236e+06 1.809e+09 0.301656 0 0 0 433747 0 0.00341138 0
145 21.4469 82.045 0 0 82.045 22.4576 1.70618e+11 9.86588e+10 1.49982e+11 7.86887e+09 95637.3 1.81205e+06 1.78993e+09 0.327045 0 0 0 351392 0 0.00252049 0
146 22.4576 65.753 0 0 65.753 23.516 1.82955e+11 9.86588e+10 1.60033e+11 8.49639e+09 89292 1.82093e+06 1.77055e+09 0.354421 0 0 0 282242 0 0.00184635 0
147 23.516 52.2585 0 0 52.2585 24.6243 1.96046e+11 9.86588e+10 1.68792e+11 9.1686e+09 83308.5 1.82899e+06 1.7509e+09 0.383923 0 0 0 224675 0 0.00134044 0
148 24.6243 41.1717 0 0 41.1717 25.7848 2.09924e+11 9.86588e+10 1.76359e+11 9.88816e+09 77670.4 1.83621e+06 1.73096e+09 0.415704 0 0 0 177179 0 0.000964064 0
149 25.7848 32.1407 0 0 32.1407 27 2.24622e+11 9.86588e+10 1.82836e+11 1.06579e+10 72362 1.84257e+06 1.71075e+09 0.449923 0 0 0 138362 0 0.000686609 0
150 27 24.8503 0 0 24.8503 28.2725 2.40172e+11 9.86588e+10 1.88327e+11 1.14806e+10 67367.8 1.84807e+06 1.69031e+09 0.486746 0 0 0 106952 0 0.000484041 0
151 28.2725 19.0206 0 0 19.0206 29.6049 2.56608e+11 9.86588e+10 1.92935e+11 1.23594e+10 62673.1 1.8527e+06 1.66962e+09 0.526356 0 0 0 81790.4 0 0.000337595 0
152 29.6049 14.4052 0 0 14.4052 31.0001 2.73961e+11 9.86588e+10 1.96762e+11 1.32975e+10 58263.5 1.85644e+06 1.6487e+09 0.568944 0 0 0 61855.8 0 0.000232849 0
153 31.0001 10.7894 0 0 10.7894 32.4611 2.92265e+11 9.86588e+10 1.99904e+11 1.42979e+10 54125 1.8593e+06 1.62758e+09 0.61471 0 0 0 46237.4 0 0.00015874 0
154 32.4611 7.98772 0 0 7.98772 33.991 3.11551e+11 9.86588e+10 2.02455e+11 1.53643e+10 50244.1 1.86126e+06 1.60627e+09 0.663869 0 0 0 34144.3 0 0.000106908 0
155 33.991 5.84189 0 0 5.84189 35.5929 3.31851e+11 9.86588e+10 2.04501e+11 1.65e+10 46607.9 1.86233e+06 1.58478e+09 0.716649 0 0 0 24887.5 0 7.10681e-05 0
156 35.5929 4.21827 0 0 4.21827 37.2704 3.53195e+11 9.86588e+10 2.06121e+11 1.77088e+10 43203.8 1.86251e+06 1.56312e+09 0.773295 0 0 0 17899.5 0 4.6616e-05 0
157 37.2704 3.00539 0 0 3.00539 39.0269 3.75615e+11 9.86588e+10 2.07386e+11 1.89943e+10 40019.6 1.8618e+06 1.54132e+09 0.834056 0 0 0 12695.2 0 3.01532e-05 0
158 39.0269 2.11141 0 0 2.11141 40.8662 3.99139e+11 9.86588e+10 2.08361e+11 2.03606e+10 37043.8 1.86021e+06 1.51939e+09 0.899209 0 0 0 8873.64 0 1.92218e-05 0
159 40.8662 1.46171 0 0 1.46171 42.7921 4.23795e+11 9.86588e+10 2.09101e+11 2.18116e+10 34264.9 1.85774e+06 1.49736e+09 0.969036 0 0 0 6108.59 0 1.2068e-05 0
160 42.7921 0.996459 0 0 0.996459 44.8088 4.49611e+11 9.86588e+10 2.09654e+11 2.33515e+10 31672.3 1.8544e+06 1.47522e+09 1.04385 0 0 0 4138.65 0 7.45679e-06 0
161 44.8088 0.668425 0 0 0.668425 46.9206 4.76612e+11 9.86588e+10 2.10061e+11 2.49846e+10 29255.6 1.85022e+06 1.45301e+09 1.12397 0 0 0 2757.67 0 4.53143e-06 0
162 46.9206 0.440868 0 0 0.440868 49.1319 5.04823e+11 9.86588e+10 2.10355e+11 2.67155e+10 27004.6 1.8452e+06 1.43073e+09 1.20975 0 0 0 1805.78 0 2.70619e-06 0
163 49.1319 0.285679 0 0 0.285679 51.4474 5.34267e+11 9.86588e+10 2.10564e+11 2.85486e+10 24910 1.83936e+06 1.40843e+09 1.30153 0 0 0 1161.13 0 1.58699e-06 0
164 51.4474 0.181719 0 0 0.181719 53.8721 5.64966e+11 9.86588e+10 2.1071e+11 3.04887e+10 22962.4 1.83272e+06 1.38609e+09 1.39972 0 0 0 732.549 0 9.13125e-07 0
165 53.8721 0.113369 0 0 0.113369 56.411 5.96939e+11 9.86588e+10 2.10809e+11 3.25408e+10 21153.2 1.8253e+06 1.36375e+09 1.50472 0 0 0 453.058 0 5.15048e-07 0
166 56.411 0.0693049 0 0 0.0693049 59.0696 6.30205e+11 9.86588e+10 2.10876e+11 3.47098e+10 19473.9 1.81713e+06 1.34142e+09 1.61697 0 0 0 274.436 0 2.84535e-07 0
167 59.0696 0.0414755 0 0 0.0414755 61.8534 6.6478e+11 9.86588e+10 2.1092e+11 3.7001e+10 17916.5 1.80823e+06 1.31913e+09 1.73693 0 0 0 162.663 0 1.53809e-07 0
168 61.8534 0.0242742 0 0 0.0242742 64.7685 7.00679e+11 9.86588e+10 2.10948e+11 3.94199e+10 16473.5 1.79863e+06 1.29688e+09 1.8651 0 0 0 94.2464 0 8.12752e-08 0
169 64.7685 0.0138793 0 0 0.0138793 67.8209 7.37915e+11 9.86588e+10 2.10966e+11 4.19718e+10 15137.5 1.78836e+06 1.2747e+09 2.002 0 0 0 53.3237 0 4.19386e-08 0
170 67.8209 0.00774433 0 0 0.00774433 71.0172 7.76497e+11 9.86588e+10 2.10977e+11 4.46626e+10 13901.7 1.77744e+06 1.27204e+09 2.11535 0 0 0 29.4579 0 2.11298e-08 0
171 71.0172 0.00421208 0 0 0.00421208 74.3642 8.16436e+11 9.86588e+10 2.10983e+11 4.74982e+10 12759.4 1.76592e+06 1.24808e+09 2.27198 0 0 0 15.9328 0 1.04229e-08 0
172 74.3642 0.00223041 0 0 0.00223041 77.8689 8.57738e+11 9.86588e+10 2.10987e+11 5.04848e+10 11704.5 1.75383e+06 1.2242e+09 2.43958 0 0 0 8.36928 0 4.99323e-09 0
173 77.8689 0.00114843 0 0 0.00114843 81.5387 9.00407e+11 9.86588e+10 2.10989e+11 5.36286e+10 10731.1 1.74119e+06 1.20044e+09 2.61889 0 0 0 4.26202 0 2.31904e-09 0
174 81.5387 0.000574222 0 0 0.000574222 85.3815 9.44447e+11 9.86588e+10 2.1099e+11 5.69363e+10 9833.51 1.72805e+06 1.17682e+09 2.81069 0 0 0 2.10305 0 1.04362e-09 0
175 85.3815 0.000278431 0 0 0.000278431 89.4054 9.89859e+11 9.86588e+10 2.10991e+11 6.04146e+10 9006.56 1.71445e+06 1.15335e+09 3.01586 0 0 0 1.005 0 4.5484e-10 0
176 89.4054 0.000130734 0 0 0.000130734 93.6189 1.03664e+12 9.86588e+10 2.10991e+11 6.40707e+10 8245.26 1.70041e+06 1.13008e+09 3.23529 0 0 0 0.464875 0 1.9188e-10 0
177 93.6189 5.9353e-05 0 0 5.9353e-05 98.0311 1.08479e+12 9.86588e+10 2.10991e+11 6.7912e+10 7544.93 1.68599e+06 1.107e+09 3.46994 0 0 0 0.207834 0 7.82364e-11 0
178 98.0311 2.60129e-05 0 0 2.60129e-05 102.651 1.1343e+12 9.86588e+10 2.10991e+11 7.1946e+10 6901.16 1.67122e+06 1.08415e+09 3.7209 0 0 0 0.0896652 0 3.07834e-11 0
179 102.651 1.09878e-05 0 0 1.09878e-05 107.489 1.18517e+12 9.86588e+10 2.10991e+11 7.61808e+10 6309.8 1.65613e+06 1.06155e+09 3.98924 0 0 0 0.0372692 0 1.16693e-11 0
180 107.489 4.46537e-06 0 0 4.46537e-06 112.555 1.23739e+12 9.86588e+10 2.10991e+11 8.06247e+10 5766.98 1.64078e+06 1.03921e+09 4.27621 0 0 0 0.0148987 0 4.25444e-12 0
181 112.555 1.74276e-06 0 0 1.74276e-06 117.859 1.29094e+12 9.86588e+10 2.10991e+11 8.52864e+10 5269.05 1.6252e+06 1.01716e+09 4.58309 0 0 0 0.00571796 0 1.48914e-12 0
182 117.859 6.51974e-07 0 0 6.51974e-07 123.414 1.34582e+12 9.86588e+10 2.10991e+11 9.01751e+10 4812.59 1.60942e+06 9.95405e+08 4.91128 0 0 0 0.00210286 0 4.99463e-13 0
183 123.414 2.3333e-07 0 0 2.3333e-07 129.23 1.40201e+12 9.86588e+10 2.10991e+11 9.53004e+10 4394.44 1.5935e+06 9.73971e+08 5.26227 0 0 0 0.000739605 0 1.60211e-13 0
184 129.23 7.97171e-08 0 0 7.97171e-08 135.321 1.4595e+12 9.86588e+10 2.10991e+11 1.00672e+11 4011.6 1.57748e+06 9.5669e+08 5.61516 0 0 0 0.000249087 0 4.9209e-14 0
185 135.321 2.59435e-08 0 0 2.59435e-08 141.698 1.51828e+12 9.86588e+10 2.10991e+11 1.06302e+11 3661.32 1.56138e+06 9.28207e+08 6.06468 0 0 0 7.92936e-05 0 1.42867e-14 0
186 141.698 8.02431e-09 0 0 8.02431e-09 148.376 1.57832e+12 9.86588e+10 2.10991e+11 1.12199e+11 3340.99 1.54526e+06 9.00397e+08 6.55024 0 0 0 2.38891e-05 0 3.92549e-15 0
187 148.376 2.35316e-09 0 0 2.35316e-09 155.369 1.6396e+12 9.86588e+10 2.10991e+11 1.18378e+11 3048.23 1.52915e+06 8.73274e+08 7.07479 0 0 0 6.82009e-06 0 1.02208e-15 0
188 155.369 6.52638e-10 0 0 6.52638e-10 162.691 1.70212e+12 9.86588e+10 2.10991e+11 1.24849e+11 2780.81 1.51309e+06 8.46867e+08 7.64137 0 0 0 1.841e-06 0 2.51622e-16 0
189 162.691 1.70738e-10 0 0 1.70738e-10 170.358 1.76584e+12 9.86588e+10 2.10991e+11 1.31627e+11 2536.64 1.49712e+06 8.21187e+08 8.25339 0 0 0 4.68675e-07 0 5.84206e-17 0
190 170.358 4.20175e-11 0 0 4.20175e-11 178.387 1.83074e+12 9.86588e+10 2.10991e+11 1.38725e+11 2313.82 1.48128e+06 7.96253e+08 8.91444 0 0 0 1.1222e-07 0 1.27574e-17 0
191 178.387 9.69898e-12 0 0 9.69898e-12 186.794 1.89681e+12 9.86588e+10 2.10991e+11 1.46159e+11 2110.57 1.46561e+06 7.72073e+08 9.62844 0 0 0 2.52007e-08 0 2.6128e-18 0
192 186.794 2.09367e-12 0 0 2.09367e-12 195.598 1.96402e+12 9.86588e+10 2.10991e+11 1.53944e+11 1925.24 1.45013e+06 7.48659e+08 10.3996 0 0 0 5.29195e-09 0 5.00391e-19 0
193 195.598 4.21313e-13 0 0 4.21313e-13 204.816 2.03234e+12 9.86588e+10 2.10991e+11 1.62099e+11 1756.32 1.4349e+06 7.26014e+08 11.2325 0 0 0 1.03592e-09 0 8.93349e-20 0
194 204.816 7.87741e-14 0 0 7.87741e-14 214.469 2.10176e+12 9.86588e+10 2.10991e+11 1.70642e+11 1602.42 1.41993e+06 7.04141e+08 12.132 0 0 0 1.88422e-10 0 1.48192e-20 0
195 214.469 1.36377e-14 0 0 1.36377e-14 224.576 2.17225e+12 9.86588e+10 2.10991e+11 1.79592e+11 1462.23 1.40528e+06 6.76378e+08 13.2325 0 0 0 3.15319e-11 0 2.26174e-21 0
196 224.576 2.17823e-15 0 0 2.17823e-15 235.16 2.24378e+12 9.86588e+10 2.10991e+11 1.88971e+11 1334.59 1.39096e+06 6.53577e+08 14.3505 0 0 0 4.87209e-12 0 3.18719e-22 0
197 235.16 3.1976e-16 0 0 3.1976e-16 246.243 2.31632e+12 9.86588e+10 2.10991e+11 1.98802e+11 1218.39 1.37702e+06 6.31752e+08 15.5616 0 0 0 6.93152e-13 0 4.13544e-23 0
198 246.243 4.29711e-17 0 0 4.29711e-17 257.848 2.38987e+12 9.86588e+10 2.10991e+11 2.0911e+11 1112.63 1.36349e+06 6.10895e+08 16.8733 0 0 0 9.03114e-14 0 4.91401e-24 0
199 257.848 5.26448e-18 0 0 5.26448e-18 270 2.46437e+12 9.86588e+10 2.10991e+11 2.19921e+11 1016.39 1.35039e+06 5.90991e+08 18.2934 0 0 0 1.0731e-14 0 5.32517e-25 0
