0 0.027 0 50.3436 11.4624 3.49908 0.0282725 225914 11123.7 0 342.113 3.56006e+06 19318.1 732794 2.77134e-05 4.47954e+13 0 0 9.05176 38.1204 0.0409663 0.172525
1 0.0282725 0 42.1397 4.0902 10.8607 0.0296049 247667 21333.1 0 390.354 3.44033e+06 19863.7 98679.8 3.13399e-05 1.59884e+13 0 0 3.54245 4.64689 0.0146217 0.0191803
2 0.0296049 0 40.7674 2.46382 12.4759 0.0310001 271513 32162.9 0 443.876 3.3244e+06 20423.7 104554 3.4772e-05 9.6333e+12 0 0 2.34031 4.40947 0.00880983 0.0165989
3 0.0310001 0 41.084 2.43267 12.4954 0.0324611 297651 44129.7 0 503.252 3.21215e+06 20998.5 110770 3.92117e-05 9.51396e+12 0 0 2.53432 5.18349 0.0087007 0.0177957
4 0.0324611 3.78079 40.4877 0 3.78079 0.033991 326303 57060.6 1207.51 569.118 3.10346e+06 21588.5 117347 4.42148e-05 2.15806e+12 0 0 2.87946 5.16445 0.00901579 0.0161703
5 0.033991 0 40.413 1.7775 13.1257 0.0355929 357710 71213 1207.51 642.178 2.99823e+06 22194 124306 4.98525e-05 6.95546e+12 0 0 2.22754 5.9018 0.0063609 0.016853
6 0.0355929 0 40.1177 1.29172 13.5981 0.0372704 392136 86617.3 1207.51 723.211 2.89635e+06 22815.3 131667 5.57907e-05 5.05609e+12 0 0 1.77547 6.2081 0.00462389 0.0161678
7 0.0372704 0 39.8386 0.895425 13.9805 0.0390269 429871 103390 1207.51 813.082 2.79771e+06 23452.8 139454 6.22215e-05 3.50598e+12 0 0 1.34992 6.65476 0.00320628 0.0158061
8 0.0390269 14.8613 39.3154 0 14.8613 0.0408662 471231 121540 8068.14 912.746 2.70222e+06 24106.8 147689 6.93889e-05 0 0 0 9.29246 6.83069 0.0201291 0.0147965
9 0.0408662 0 39.1224 2.08187 12.7642 0.0427921 516566 141343 8068.14 1023.26 2.60979e+06 24777.8 156398 7.7377e-05 8.15684e+12 0 0 3.77591 7.69748 0.00745959 0.015207
10 0.0427921 14.8301 38.8556 0 14.8301 0.0448088 566255 162909 16299.1 1145.8 2.5203e+06 25466 165608 8.32162e-05 0 0 0 12.8282 7.96616 0.0231132 0.014353
11 0.0448088 0 38.5905 1.74897 13.0644 0.0469206 620717 186393 16299.1 1281.65 2.43369e+06 26171.9 175345 9.23028e-05 6.85749e+12 0 0 3.8165 8.925 0.00627131 0.0146657
12 0.0469206 14.796 38.1815 0 14.796 0.0491319 680407 211871 26172.1 1432.26 2.34985e+06 26895.8 185638 0.000102376 0 0 0 15.0423 9.18766 0.0225428 0.0137689
13 0.0491319 14.7777 37.6122 0 14.7777 0.0514474 745828 239390 36984.3 1599.22 2.2687e+06 27638.2 196519 0.000113541 0 0 0 18.1673 9.56947 0.0248305 0.0130792
14 0.0514474 14.7586 37.4031 0 14.7586 0.0538721 817527 269397 48824.3 1784.27 2.19015e+06 28399.4 208019 0.000119592 0 0 0 14.9498 10.576 0.018635 0.0131831
15 0.0538721 0 36.9542 2.9637 11.7749 0.056411 896106 301903 48824.3 1989.36 2.11414e+06 29179.7 220172 0.000132031 1.16397e+13 0 0 9.36357 11.377 0.0106447 0.0129337
16 0.056411 0 36.4958 5.52996 23.8969 0.0590696 982222 337104 48824.3 2216.64 2.04057e+06 29979.7 233013 0.000145757 1.72876e+13 0 0 15.2488 11.8746 0.0158099 0.0123115
17 0.0590696 0 36.5848 5.60214 21.0983 0.0618534 1.0766e+06 375794 48824.3 2468.49 1.96938e+06 30799.6 246580 0.0001609 1.80843e+13 0 0 17.4905 13.4634 0.0165384 0.0127306
18 0.0618534 14.6731 36.296 0 14.6731 0.0647685 1.18002e+06 417883 65839.1 2747.54 1.90049e+06 31639.9 260911 0.000166053 0 0 0 24.333 13.9872 0.020984 0.0120621
19 0.0647685 14.6492 35.592 0 14.6492 0.0678209 1.29336e+06 463137 84465.1 3056.7 1.83383e+06 32501.1 276049 0.000181456 0 0 0 24.773 14.8895 0.0194837 0.0117104
20 0.0678209 0 35.0508 4.70475 24.5345 0.0710172 1.41755e+06 512003 84465.1 3399.17 1.76932e+06 33383.4 292035 0.000198282 1.4739e+13 0 0 18.7917 16.1795 0.0134791 0.0116053
21 0.0710172 0 34.6978 2.07963 27.1073 0.0743642 1.55364e+06 565044 84465.1 3778.5 1.70691e+06 34287.3 308915 0.000216661 6.51888e+12 0 0 9.11323 16.7864 0.00596164 0.0109812
22 0.0743642 0 33.968 5.22664 23.9056 0.0778689 1.70276e+06 621978 84465.1 4198.64 1.64653e+06 35213.1 326736 0.000236735 1.63937e+13 0 0 25.1291 18.0021 0.0149924 0.0107403
23 0.0778689 0 33.6957 3.00778 26.0673 0.0815387 1.86615e+06 683906 84465.1 4663.9 1.58811e+06 36161.4 345548 0.000239221 9.44026e+12 0 0 15.8666 19.0975 0.00863329 0.0103913
24 0.0815387 0 33.8252 0.88393 13.6287 0.0853815 2.04518e+06 752068 84465.1 5179.08 1.5316e+06 37132.6 365403 0.000257364 3.48932e+12 0 0 6.43043 21.6711 0.00319105 0.0107541
25 0.0853815 28.2772 32.827 0 28.2772 0.0894054 2.24133e+06 824602 146945 5749.47 1.47693e+06 38126.9 386355 0.000276885 1.30953e+11 0 0 50.3133 22.0576 0.0227707 0.00998277
26 0.0894054 5.75246 32.9646 0 5.75246 0.0936189 2.45624e+06 904466 160882 6380.92 1.42405e+06 39144.9 408462 0.000297889 1.68545e+12 0 0 30.3292 25.2637 0.0125186 0.0104278
27 0.0936189 14.415 32.4974 0 14.415 0.0980311 2.69168e+06 990795 199175 7079.88 1.3729e+06 40186.9 431783 0.00029748 0 0 0 65.8543 26.8901 0.0247901 0.0101225
28 0.0980311 7.30349 32.0022 0 7.30349 0.102651 2.9496e+06 1.08401e+06 220449 7853.48 1.32343e+06 41253.3 456381 0.000313487 1.37139e+12 0 0 44.0835 28.9748 0.0151345 0.0099475
29 0.102651 24.4301 31.1379 0 24.4301 0.107489 3.23216e+06 1.18346e+06 298473 8709.58 1.27558e+06 42344.6 482321 0.000330381 8.22478e+11 0 0 66.4676 29.8776 0.0208115 0.00935491
30 0.107489 14.3038 31.1078 0 14.3038 0.112555 3.54168e+06 1.2924e+06 348564 9656.86 1.22931e+06 43461.1 509671 0.000348212 0 0 0 56.7082 33.6895 0.0161934 0.0096203
31 0.112555 15.9267 30.4064 0 15.9267 0.117859 3.88072e+06 1.40915e+06 409719 10704.9 1.18457e+06 44603.2 538503 0.000367032 0 0 0 50.4752 34.9668 0.0131453 0.00910645
32 0.117859 14.2212 29.6687 0 14.2212 0.123414 4.25208e+06 1.53406e+06 469594 11864.3 1.14131e+06 45771.3 568892 0.000351291 0 0 0 57.1613 36.7915 0.0135767 0.00873857
33 0.123414 3.43601 29.2439 0 3.43601 0.12923 4.65883e+06 1.66906e+06 485456 13146.6 1.09948e+06 46965.9 600915 0.000358982 4.82696e+12 0 0 34.6756 40.1332 0.00751134 0.00869355
34 0.12923 0 28.9899 4.39404 23.8558 0.135321 5.1043e+06 1.81581e+06 485456 14564.7 1.05903e+06 48187.2 634653 0.000366912 1.39229e+13 0 0 64.4507 44.4831 0.0127327 0.00878796
35 0.135321 15.8038 28.7073 0 15.8038 0.141698 5.59217e+06 1.97514e+06 573170 16132.9 1.01993e+06 49435.6 670192 0.000375091 0 0 0 67.7787 46.7319 0.012212 0.00841991
36 0.141698 17.9549 28.0024 0 17.9549 0.148376 6.12643e+06 2.14555e+06 682437 17866.6 982137 50711.5 707619 0.000378079 0 0 0 96.9853 50.1271 0.0159367 0.00823694
37 0.148376 32.9635 27.1987 0 32.9635 0.155369 6.71147e+06 2.32704e+06 902396 19783.2 945603 52015.3 747027 0.000374899 0 0 0 143.066 52.7323 0.0214403 0.0079026
38 0.155369 0 26.6523 4.37723 38.0293 0.162691 7.35207e+06 2.52204e+06 902396 21901.6 910291 53347.3 788511 0.000371868 1.21296e+13 0 0 81.1606 57.395 0.0110927 0.00784454
39 0.162691 0 26.3458 3.36018 35.4922 0.170358 8.05346e+06 2.7334e+06 902396 24242.5 876163 54707.7 832171 0.000368988 9.58415e+12 0 0 70.3158 61.5188 0.00876489 0.00766834
40 0.170358 33.9748 25.8547 0 33.9748 0.178387 8.82136e+06 2.96083e+06 1.20125e+06 26829.2 843182 56097 878110 0.000366257 0 0 0 183.232 65.5758 0.0208302 0.00745482
41 0.178387 13.7484 25.3409 0 13.7484 0.186794 9.66202e+06 3.20525e+06 1.33386e+06 29686.8 811313 57515.4 926437 0.000384018 0 0 0 227.357 70.5214 0.0235722 0.00731163
42 0.186794 13.684 24.6694 0 13.684 0.195598 1.05823e+07 3.46614e+06 1.47857e+06 32843.3 780519 58963.2 977262 0.00038319 0 0 0 155.463 75.0894 0.0147001 0.00710023
43 0.195598 13.6169 24.1671 0 13.6169 0.204816 1.15896e+07 3.74638e+06 1.63648e+06 36329.2 750768 60440.7 1.0307e+06 0.000382497 0 0 0 170.922 80.6884 0.0147398 0.00695832
44 0.204816 27.0778 23.5136 0 27.0778 0.214469 1.2692e+07 4.04535e+06 1.98076e+06 40178.4 722027 61948.1 1.08688e+06 0.000381943 0 0 0 266.14 85.5602 0.0209316 0.00672923
45 0.214469 0 22.8688 4.72136 38.4483 0.224576 1.38986e+07 4.36417e+06 1.98076e+06 44427.9 694264 63485.6 1.14591e+06 0.000397404 1.30064e+13 0 0 165.827 92.7916 0.0118946 0.00665583
46 0.224576 0 22.752 3.28108 23.4985 0.23516 1.52189e+07 4.71197e+06 1.98076e+06 49118.6 667448 65053.4 1.20794e+06 0.000408668 1.05813e+13 0 0 147.924 101.636 0.00967683 0.00664875
47 0.23516 26.6211 22.0202 0 26.6211 0.246243 1.66637e+07 5.08106e+06 2.42697e+06 54295.2 641549 66651.8 1.27308e+06 0.000420351 0 0 0 354.799 104.505 0.0211678 0.00623492
48 0.246243 35.7492 21.2207 0 35.7492 0.257848 1.82444e+07 5.47106e+06 3.08398e+06 60007 616539 68280.9 1.34149e+06 0.000432475 0 0 0 368.84 111.005 0.0200693 0.00603999
49 0.257848 2.30257 20.6035 0 2.30257 0.27 1.99737e+07 5.88625e+06 3.13038e+06 66308.2 592389 69940.7 1.4133e+06 0.000445063 9.58405e+12 0 0 198.084 119.559 0.00982977 0.00593302
50 0.27 31.1855 20.2725 0 31.1855 0.282725 2.18654e+07 6.33418e+06 3.81944e+06 73258.2 569072 71631.5 1.48866e+06 0.000473716 0 0 0 391.036 126.581 0.0176974 0.00572879
51 0.282725 12.9702 19.7504 0 12.9702 0.296049 2.39344e+07 6.81268e+06 4.13367e+06 80922.2 546563 73353.2 1.56772e+06 0.000504464 0 0 0 437.786 136.33 0.0180699 0.00562709
52 0.296049 12.874 19.1577 0 12.874 0.310001 2.61972e+07 7.3216e+06 4.47567e+06 89371.8 524835 75105.9 1.65063e+06 0.000537249 0 0 0 429.243 144.925 0.0161583 0.00545554
53 0.310001 12.7741 18.5698 0 12.7741 0.324611 2.86716e+07 7.8625e+06 4.84775e+06 98685.7 503864 76889.6 1.73756e+06 0.000572212 0 0 0 421.449 153.972 0.014469 0.00528611
54 0.324611 12.6702 17.9881 0 12.6702 0.33991 3.1377e+07 8.437e+06 5.25241e+06 108950 483625 78704.2 1.82868e+06 0.000609498 0 0 0 416.767 163.496 0.0130493 0.00511917
55 0.33991 17.8257 17.4126 0 17.8257 0.355929 3.43347e+07 9.04677e+06 5.87665e+06 120259 464097 80549.8 1.92414e+06 0.000647685 0 0 0 494.163 173.508 0.0141112 0.00495466
56 0.355929 22.4226 16.8428 0 22.4226 0.372704 3.75677e+07 9.6935e+06 6.73763e+06 132716 445255 82426.1 2.02412e+06 0.000706497 0 0 0 579.537 184.014 0.015093 0.0047923
57 0.372704 26.3209 16.2787 0 26.3209 0.390269 4.11012e+07 1.03789e+07 7.8458e+06 146435 427079 84332.9 2.1288e+06 0.000770594 0 0 0 669.67 195.018 0.0159058 0.004632
58 0.390269 29.626 15.7209 0 29.626 0.408662 4.49625e+07 1.11046e+07 9.21347e+06 161540 409546 86270.2 2.23836e+06 0.000840441 0 0 0 765.119 206.539 0.0165738 0.00447399
59 0.408662 26.3434 15.194 0 26.3434 0.427921 4.91814e+07 1.18737e+07 1.05469e+07 178167 392638 88237.6 2.35299e+06 0.000916548 0 0 0 804.011 218.946 0.0158838 0.00432545
60 0.427921 16.2398 14.7008 0 16.2398 0.448088 5.37903e+07 1.26896e+07 1.14483e+07 196464 376333 90234.7 2.47286e+06 0.000955251 0 0 0 797.993 232.282 0.0143778 0.00418513
61 0.448088 22.8728 13.9864 0 22.8728 0.469206 5.88244e+07 1.35408e+07 1.28402e+07 216595 360613 92261.3 2.59818e+06 0.00105108 7.29024e+12 0 0 922.87 245.137 0.0151647 0.00402812
62 0.469206 48.0152 13.6149 0 48.0152 0.491319 6.43219e+07 1.44493e+07 1.60442e+07 238736 345459 94316.9 2.72913e+06 0.00115633 0 0 0 1354 256.734 0.0202914 0.00384748
63 0.491319 37.1241 13.0323 0 37.1241 0.514474 7.03244e+07 1.54028e+07 1.87604e+07 263084 330852 96401 2.8659e+06 0.00127193 0 0 0 1382.84 271.577 0.0189002 0.00371182
64 0.514474 27.8673 12.5549 0 27.8673 0.538721 7.68771e+07 1.641e+07 2.0996e+07 289849 316776 98513.1 3.00871e+06 0.00139885 0 0 0 1446.72 286.807 0.0180334 0.00357506
65 0.538721 46.3212 11.9739 0 46.3212 0.56411 8.4029e+07 1.74633e+07 2.50706e+07 319263 303214 100652 3.15774e+06 0.00140907 0 0 0 1749.2 300.278 0.0198853 0.00341364
66 0.56411 28.2686 11.3951 0 28.2686 0.590696 9.18332e+07 1.85624e+07 2.77971e+07 351581 290148 102819 3.31319e+06 0.00152977 7.34042e+12 0 0 1557.93 317.772 0.0161526 0.00329464
67 0.590696 33.0193 11.1443 0 33.0193 0.618534 1.00348e+08 1.97409e+07 3.12891e+07 387077 277563 105011 3.47527e+06 0.00166073 0 0 0 1820.95 332.946 0.0172184 0.00314823
68 0.618534 47.2753 10.4931 0 47.2753 0.647685 1.09634e+08 2.09577e+07 3.67712e+07 426052 265444 107228 3.64418e+06 0.00180278 0 0 0 2208.98 347.318 0.0190496 0.00299516
69 0.647685 57.1714 9.97389 0 57.1714 0.678209 1.19762e+08 2.22259e+07 4.40404e+07 468834 253775 109469 3.82011e+06 0.00195686 0 0 0 2628.86 362.001 0.0206758 0.0028471
70 0.678209 29.6611 9.47648 0 29.6611 0.710172 1.30803e+08 2.3547e+07 4.81755e+07 515780 242542 111734 4.00327e+06 0.00212399 6.64957e+12 0 0 2273.78 382.515 0.0163096 0.00274373
71 0.710172 37.5247 9.11447 0 37.5247 0.743642 1.42837e+08 2.49403e+07 5.39117e+07 567280 231731 114020 4.19384e+06 0.00218542 5.02333e+12 0 0 2663.4 397.82 0.0174233 0.00260244
72 0.743642 52.4648 8.64962 0 52.4648 0.778689 1.5595e+08 2.63901e+07 6.27055e+07 623754 221329 116328 4.39203e+06 0.00236269 1.72655e+12 0 0 3274.83 411.649 0.0195381 0.00245595
73 0.778689 59.744 8.16837 0 59.744 0.815387 1.70235e+08 2.78913e+07 7.36855e+07 685664 211321 118655 4.59802e+06 0.00255427 0 0 0 3769.91 426.377 0.0205128 0.00232
74 0.815387 58.5169 7.71848 0 58.5169 0.853815 1.85792e+08 2.94467e+07 8.54775e+07 753508 201696 121001 4.81199e+06 0.00276132 0 0 0 4061.41 442.517 0.0201544 0.00219595
75 0.853815 57.6492 7.30235 0 57.6492 0.894054 2.02729e+08 3.10602e+07 9.82154e+07 827829 192441 123364 5.03413e+06 0.00298508 0 0 0 4396.6 458.151 0.019898 0.00207349
76 0.894054 57.0974 6.89649 0 57.0974 0.936189 2.21164e+08 3.2731e+07 1.12049e+08 909216 183543 125743 5.2646e+06 0.0032269 0 0 0 4777.06 473.174 0.0197176 0.00195305
77 0.936189 56.8192 6.49935 0 56.8192 0.980311 2.41221e+08 3.44576e+07 1.27143e+08 998306 174991 128136 5.50356e+06 0.00325052 0 0 0 5205.06 495.55 0.0195938 0.00186544
78 0.980311 53.1269 6.40083 0 53.1269 1.02651 2.63038e+08 3.6322e+07 1.42617e+08 1.09579e+06 166774 130540 5.75118e+06 0.00350065 3.33721e+12 0 0 5491.3 720.145 0.0188525 0.00247237
79 1.02651 60.4836 6.02787 0 60.4836 1.07489 2.86759e+08 3.82471e+07 1.61934e+08 1.20243e+06 158881 132956 6.00759e+06 0.00377011 0 0 0 6352.56 612.587 0.0198903 0.00191805
80 1.07489 57.2635 5.68571 0 57.2635 1.12555 3.12543e+08 4.02382e+07 1.81988e+08 1.31901e+06 151301 135380 6.27292e+06 0.00406042 0 0 0 6806.7 745.861 0.019437 0.00212986
81 1.12555 57.6936 4.98502 0 57.6936 1.17859 3.40557e+08 4.21524e+07 2.04141e+08 1.44644e+06 144024 137810 6.5473e+06 0.00437321 0 0 0 7458.78 525.765 0.019425 0.00136926
82 1.17859 58.2514 5.00783 0 58.2514 1.23414 3.70984e+08 4.42608e+07 2.28666e+08 1.58564e+06 137040 140246 6.83083e+06 0.00471021 0 0 0 8179.41 768.038 0.0194274 0.00182422
83 1.23414 32.9699 6.39148 0 32.9699 1.2923 4.04017e+08 4.72114e+07 2.43886e+08 1.73766e+06 130338 142683 7.12359e+06 0.00472463 0 0 0 7816.82 2214.95 0.0169326 0.00479797
84 1.2923 0 5.23217 2.30102 5.07899 1.35321 4.39865e+08 4.98598e+07 2.43886e+08 1.90359e+06 123910 145121 7.42566e+06 0.00505387 1.13543e+13 0 0 5256.06 1597.08 0.0103837 0.00315515
85 1.35321 195.38 3.62658 0 195.38 1.41698 4.78751e+08 5.18726e+07 3.52325e+08 2.08463e+06 117747 147557 7.73708e+06 0.00540686 0 0 0 9334.97 1082.92 0.0168192 0.00195114
86 1.41698 51.9158 4.12264 0 51.9158 1.48376 5.20915e+08 5.43815e+07 3.83919e+08 2.28205e+06 111839 149987 8.05789e+06 0.00578539 4.39846e+12 0 0 11317.8 1202.03 0.0185976 0.0019752
87 1.48376 106.689 3.38877 0 106.689 1.55369 5.6661e+08 5.66428e+07 4.55111e+08 2.49726e+06 106178 152411 8.38809e+06 0.0061914 0 0 0 6700.75 915.364 0.0100419 0.00137179
88 1.55369 82.8747 3.13433 0 82.8747 1.62691 6.16109e+08 5.8936e+07 5.15747e+08 2.73173e+06 100756 154824 8.72768e+06 0.00662698 0 0 0 7254.67 1354.03 0.00991542 0.00185064
89 1.62691 51.1318 3.17026 0 51.1318 1.70358 6.69703e+08 6.14793e+07 5.56767e+08 2.98706e+06 95564.3 157225 9.0766e+06 0.00709436 0 0 0 9357.4 1521.17 0.011664 0.00189614
90 1.70358 64.3888 2.46766 0 64.3888 1.78387 7.27701e+08 6.365e+07 6.13406e+08 3.26498e+06 90595.2 159611 9.4348e+06 0.00735639 0 0 0 17253.2 692.715 0.0196139 0.000787495
91 1.78387 130.859 1.74129 29.5508 101.309 1.86794 7.90431e+08 6.53295e+07 7.39621e+08 3.56733e+06 85841 161978 9.80217e+06 0.0079022 1.92899e+13 0 0 27065.6 1158.37 0.0280615 0.001201
92 1.86794 199.965 2.10614 0 199.965 1.95598 8.58243e+08 6.75569e+07 9.51097e+08 3.89609e+06 81294.4 164323 1.01786e+07 0.00848933 0 0 0 16965.6 1371.19 0.0160422 0.00129656
93 1.95598 69.8385 1.97586 0 69.8385 2.04816 9.31507e+08 6.98481e+07 1.03208e+09 4.25338e+06 76948.1 166644 1.05639e+07 0.00912108 0 0 0 23260.4 673.942 0.0200591 0.000581187
94 2.04816 66.8668 1.6912 0 66.8668 2.14469 1.01062e+09 7.19984e+07 1.1171e+09 4.64145e+06 72795.1 168938 1.0958e+07 0.00980087 0 0 0 25144.6 683.981 0.019776 0.000537944
95 2.14469 66.0091 1.53131 0 66.0091 2.24576 1.09598e+09 7.41332e+07 1.20913e+09 5.06275e+06 68828.6 171200 1.13605e+07 0.0105325 4.46423e+11 0 0 28031.6 639.201 0.0201067 0.000458491
96 2.24576 91.8598 1.46238 0 91.8598 2.3516 1.18805e+09 7.63687e+07 1.34955e+09 5.51984e+06 65042.1 173429 1.17712e+07 0.01132 0 0 0 16699.3 693.298 0.0109243 0.000453538
97 2.3516 70.2196 1.30053 0 70.2196 2.46243 1.28728e+09 7.85486e+07 1.46724e+09 6.01551e+06 61429 175620 1.21899e+07 0.0121678 0 0 0 11175.6 1089.62 0.00666752 0.000650082
98 2.46243 50.7488 1.07036 0 50.7488 2.57848 1.39415e+09 8.05157e+07 1.56051e+09 6.55269e+06 57983.1 177771 1.26162e+07 0.0130805 0 0 0 18146.2 762.965 0.00987366 0.000415143
99 2.57848 31.401 1.19906 0 31.401 2.7 1.50918e+09 8.2932e+07 1.62379e+09 7.13451e+06 54698.5 179877 1.30498e+07 0.0135685 0 0 0 6637.28 784.882 0.0032937 0.000389491
100 2.7 10.6547 2.04724 0 10.6547 2.82725 1.63292e+09 8.74555e+07 1.64733e+09 7.76431e+06 51569 181936 1.34901e+07 0.0145566 0 0 0 20650.6 7925.42 0.009346 0.00358687
101 2.82725 0 0.433424 31.9812 101.858 2.96049 1.76591e+09 8.85056e+07 1.64733e+09 8.44564e+06 48589.1 183944 1.39369e+07 0.0156198 8.1837e+13 0 0 181321 807.827 0.0748415 0.000333435
102 2.96049 213.696 1.18166 0 213.696 3.10001 1.90875e+09 9.16446e+07 2.21501e+09 9.18225e+06 45753.2 185897 1.43896e+07 0.0167642 0 0 0 45354.8 0 0.0170733 0
103 3.10001 189.784 0 0 189.784 3.24611 2.06206e+09 9.16446e+07 2.76781e+09 9.97813e+06 43055.8 187793 1.48477e+07 0.0179961 0 0 0 46650 0 0.0160157 0
104 3.24611 167.91 0 0 167.91 3.3991 2.22647e+09 9.16446e+07 3.30408e+09 1.08375e+07 40491.7 189628 1.53107e+07 0.0193227 0 0 0 47950.7 0 0.0150137 0
105 3.3991 147.969 0 0 147.969 3.55929 2.40265e+09 9.16446e+07 3.82225e+09 1.17648e+07 38055.7 191399 1.57778e+07 0.0207515 0 0 0 49255.1 0 0.0140651 0
106 3.55929 129.858 0 0 129.858 3.72704 2.5913e+09 9.16446e+07 4.32088e+09 1.27648e+07 35742.9 193101 1.62487e+07 0.0222908 0 0 0 50561.1 0 0.0131677 0
107 3.72704 113.472 0 0 113.472 3.90269 2.79312e+09 9.16446e+07 4.79862e+09 1.38425e+07 33548.4 194733 1.67224e+07 0.0239496 0 0 0 51866.9 0 0.0123192 0
108 3.90269 98.7058 0 0 98.7058 4.08662 3.00886e+09 9.16446e+07 5.25429e+09 1.50031e+07 31467.6 196291 1.71985e+07 0.0257376 0 0 0 53170.2 0 0.0115176 0
109 4.08662 85.4562 0 0 85.4562 4.27921 3.23928e+09 9.16446e+07 5.68686e+09 1.62521e+07 29495.7 197772 1.76761e+07 0.0276654 0 0 0 54468.4 0 0.0107606 0
110 4.27921 73.6204 0 0 73.6204 4.48088 3.48517e+09 9.16446e+07 6.09546e+09 1.75954e+07 27628.4 199172 1.81545e+07 0.0297443 0 0 0 55754.1 0 0.0100455 0
111 4.48088 63.0969 0 0 63.0969 4.69206 3.74733e+09 9.16446e+07 6.47945e+09 1.90391e+07 25861.4 200490 1.86328e+07 0.0315767 0 0 0 57011.8 0 0.00936824 0
112 4.69206 53.7862 0 0 53.7862 4.91319 4.02658e+09 9.16446e+07 6.83835e+09 2.05896e+07 24190.4 201722 1.91104e+07 0.0341323 0 0 0 58212.3 0 0.00872385 0
113 4.91319 45.5909 0 0 45.5909 5.14474 4.32376e+09 9.16446e+07 7.17192e+09 2.22535e+07 22611.3 202866 1.95864e+07 0.0368894 0 0 0 59331.7 0 0.00810925 0
114 5.14474 38.4166 0 0 38.4166 5.38721 4.63973e+09 9.16446e+07 7.48011e+09 2.4038e+07 21120.3 203919 2.00598e+07 0.0398635 0 0 0 60383.5 0 0.00752682 0
115 5.38721 32.1718 0 0 32.1718 5.6411 4.97535e+09 9.16446e+07 7.76311e+09 2.59504e+07 19713.4 204880 2.053e+07 0.0430713 0 0 0 61388.4 0 0.00697879 0
116 5.6411 26.7685 0 0 26.7685 5.90696 5.33152e+09 9.16446e+07 8.0213e+09 2.79984e+07 18386.8 205745 2.09959e+07 0.0465305 0 0 0 62331 0 0.00646246 0
117 5.90696 22.1225 0 0 22.1225 6.18534 5.70911e+09 9.16446e+07 8.25526e+09 3.01899e+07 17137.1 206514 2.14568e+07 0.0502601 0 0 0 63187 0 0.00597477 0
118 6.18534 18.154 0 0 18.154 6.47685 6.10901e+09 9.16446e+07 8.46577e+09 3.25334e+07 15960.5 207185 2.19117e+07 0.0542808 0 0 0 63945.5 0 0.00551447 0
119 6.47685 14.7876 0 0 14.7876 6.78209 6.53212e+09 9.16446e+07 8.65379e+09 3.50375e+07 14853.9 207755 2.23597e+07 0.0586142 0 0 0 64604.7 0 0.00508109 0
120 6.78209 11.9525 0 0 11.9525 7.10172 6.97935e+09 9.16446e+07 8.82042e+09 3.77113e+07 13813.7 208225 2.28001e+07 0.0632847 0 0 0 65210.9 0 0.0046775 0
121 7.10172 9.58306 0 0 9.58306 7.43642 7.45156e+09 9.16446e+07 8.96691e+09 4.05641e+07 12836.9 208592 2.3232e+07 0.0683168 0 0 0 65770.2 0 0.00430252 0
122 7.43642 7.6185 0 0 7.6185 7.78689 7.94966e+09 9.16446e+07 9.09461e+09 4.36057e+07 11920.3 208857 2.36545e+07 0.0737382 0 0 0 66272.9 0 0.00395393 0
123 7.78689 6.00322 0 0 6.00322 8.15387 8.47452e+09 9.16446e+07 9.20494e+09 4.68462e+07 11060.9 209019 2.40667e+07 0.0795781 0 0 0 66699.2 0 0.00362923 0
124 8.15387 4.68673 0 0 4.68673 8.53815 9.02698e+09 9.16446e+07 9.29938e+09 5.02959e+07 10255.8 209077 2.4468e+07 0.0858678 0 0 0 67084.7 0 0.00332902 0
125 8.53815 3.62361 0 0 3.62361 8.94054 9.60791e+09 9.16446e+07 9.37945e+09 5.39657e+07 9502.35 209032 2.48576e+07 0.0926409 0 0 0 67419.1 0 0.00305124 0
126 8.94054 2.77333 0 0 2.77333 9.36189 1.02181e+10 9.16446e+07 9.44664e+09 5.78668e+07 8797.71 208884 2.52346e+07 0.0999334 0 0 0 67687.8 0 0.00279386 0
127 9.36189 2.10013 0 0 2.10013 9.80311 1.08584e+10 9.16446e+07 9.50243e+09 6.20107e+07 8139.32 208634 2.55986e+07 0.107784 0 0 0 67897.5 0 0.00255592 0
128 9.80311 1.57275 0 0 1.57275 10.2651 1.15295e+10 9.16446e+07 9.54824e+09 6.64092e+07 7524.68 208282 2.59487e+07 0.116234 0 0 0 68041.8 0 0.00233598 0
129 10.2651 1.16418 0 0 1.16418 10.7489 1.22323e+10 9.16446e+07 9.58542e+09 7.10745e+07 6951.38 207829 2.62844e+07 0.125328 0 0 0 68094.5 0 0.00213209 0
130 10.7489 0.851314 0 0 0.851314 11.2555 1.29673e+10 9.16446e+07 9.61523e+09 7.60194e+07 6417.11 207277 2.66052e+07 0.135115 0 0 0 68068.7 0 0.00194375 0
131 11.2555 0.614642 0 0 0.614642 11.7859 1.37353e+10 9.16446e+07 9.63884e+09 8.12568e+07 5919.65 206628 2.69106e+07 0.145645 0 0 0 67980.4 0 0.00177042 0
132 11.7859 0.437885 0 0 0.437885 12.3414 1.45369e+10 9.16446e+07 9.65727e+09 8.67999e+07 5456.88 205884 2.72002e+07 0.156973 0 0 0 67762.1 0 0.00160946 0
133 12.3414 0.307632 0 0 0.307632 12.923 1.53727e+10 9.16446e+07 9.67147e+09 9.26627e+07 5026.75 205045 2.74735e+07 0.169158 0 0 0 67293.7 0 0.0014577 0
134 12.923 0.212987 0 0 0.212987 13.5321 1.62433e+10 9.16446e+07 9.68225e+09 9.88592e+07 4627.3 204116 2.77304e+07 0.182265 0 0 0 66716.6 0 0.00131804 0
135 13.5321 0.145221 0 0 0.145221 14.1698 1.7149e+10 9.16446e+07 9.69031e+09 1.05404e+08 4256.69 203098 2.79704e+07 0.196359 0 0 0 66019 0 0.00118949 0
136 14.1698 0.0974423 0 0 0.0974423 14.8376 1.80905e+10 9.16446e+07 9.69624e+09 1.12312e+08 3913.12 201995 2.81936e+07 0.211515 0 0 0 65062.7 0 0.00106912 0
137 14.8376 0.0642959 0 0 0.0642959 15.5369 1.90681e+10 9.16446e+07 9.70053e+09 1.19598e+08 3594.9 200809 2.83997e+07 0.22781 0 0 0 63955.5 0 0.000958455 0
138 15.5369 0.0416863 0 0 0.0416863 16.2691 2.0082e+10 9.16446e+07 9.70358e+09 1.27278e+08 3300.41 199543 2.85888e+07 0.24533 0 0 0 62764.6 0 0.000857844 0
139 16.2691 0.0265352 0 0 0.0265352 17.0358 2.11328e+10 9.16446e+07 9.70571e+09 1.35369e+08 3028.12 198202 2.87608e+07 0.270063 0 0 0 61496.3 0 0.000766553 0
140 17.0358 0.0165689 0 0 0.0165689 17.8387 2.22204e+10 9.16446e+07 9.70717e+09 1.43887e+08 2776.57 196788 2.89159e+07 0.292429 0 0 0 60204.7 0 0.000684422 0
141 17.8387 0.0101395 0 0 0.0101395 18.6794 2.33453e+10 9.16446e+07 9.70815e+09 1.52849e+08 2544.38 195305 2.82967e+07 0.31671 0 0 0 58834.5 0 0.000609994 0
142 18.6794 0.00607542 0 0 0.00607542 19.5598 2.45074e+10 9.16446e+07 9.70879e+09 1.62272e+08 2330.23 193757 2.74679e+07 0.343076 0 0 0 57432.1 0 0.000543061 0
143 19.5598 0.0035608 0 0 0.0035608 20.4816 2.5707e+10 9.16446e+07 9.7092e+09 1.72175e+08 2132.89 192149 2.6643e+07 0.371707 0 0 0 55972.2 0 0.000482687 0
144 20.4816 0.00203927 0 0 0.00203927 21.4469 2.69439e+10 9.16446e+07 9.70946e+09 1.82577e+08 1951.18 190484 2.5824e+07 0.402801 0 0 0 54497.8 0 0.00042862 0
145 21.4469 0.00113996 0 0 0.00113996 22.4576 2.82182e+10 9.16446e+07 9.70962e+09 1.93497e+08 1784.01 188766 2.50123e+07 0.436574 0 0 0 53017.8 0 0.00038029 0
146 22.4576 0.000621289 0 0 0.000621289 23.516 2.95298e+10 9.16446e+07 9.70972e+09 2.04955e+08 1630.32 186999 2.42097e+07 0.473259 0 0 0 51523.9 0 0.000337056 0
147 23.516 0.000329739 0 0 0.000329739 24.6243 3.08785e+10 9.16446e+07 9.70977e+09 2.1697e+08 1489.14 185189 2.34175e+07 0.513111 0 0 0 50016.2 0 0.000298404 0
148 24.6243 0.000170207 0 0 0.000170207 25.7848 3.22643e+10 9.16446e+07 9.7098e+09 2.29566e+08 1359.55 183340 2.26371e+07 0.556405 0 0 0 48462.3 0 0.000263692 0
149 25.7848 8.53384e-05 0 0 8.53384e-05 27 3.36868e+10 9.16446e+07 9.70982e+09 2.42763e+08 1240.69 181455 2.18698e+07 0.603441 0 0 0 46794.4 0 0.000232214 0
150 27 4.15029e-05 0 0 4.15029e-05 28.2725 3.51459e+10 9.16446e+07 9.70983e+09 2.56585e+08 1131.75 179539 2.11168e+07 0.654545 0 0 0 45013.4 0 0.000203721 0
151 28.2725 1.95503e-05 0 0 1.95503e-05 29.6049 3.66411e+10 9.16446e+07 9.70983e+09 2.71055e+08 1031.97 177598 1.9712e+07 0.734095 0 0 0 43399.6 0 0.000179134 0
152 29.6049 8.90673e-06 0 0 8.90673e-06 31.0001 3.81721e+10 9.16446e+07 9.70984e+09 2.86199e+08 940.645 175634 1.90564e+07 0.794696 0 0 0 41727.6 0 0.000157079 0
153 31.0001 3.91822e-06 0 0 3.91822e-06 32.4611 3.97386e+10 9.16446e+07 9.70984e+09 3.02043e+08 857.112 173654 1.84151e+07 0.860355 0 0 0 40192.3 0 0.000137986 0
154 32.4611 1.66168e-06 0 0 1.66168e-06 33.991 4.134e+10 9.16446e+07 9.70984e+09 3.18613e+08 780.757 171660 1.77889e+07 0.931498 0 0 0 38674.4 0 0.000121092 0
155 33.991 6.78183e-07 0 0 6.78183e-07 35.5929 4.2976e+10 9.16446e+07 9.70984e+09 3.35939e+08 711.007 169658 1.71782e+07 1.00858 0 0 0 37211.9 0 0.000106261 0
156 35.5929 2.65889e-07 0 0 2.65889e-07 37.2704 4.4646e+10 9.16446e+07 9.70984e+09 3.5405e+08 647.329 167652 1.65836e+07 1.0921 0 0 0 35788.7 0 9.3205e-05 0
157 37.2704 9.99504e-08 0 0 9.99504e-08 39.0269 4.63495e+10 9.16446e+07 9.70984e+09 3.72977e+08 589.229 165646 1.60056e+07 1.18257 0 0 0 34398.4 0 8.17018e-05 0
158 39.0269 3.59533e-08 0 0 3.59533e-08 40.8662 4.80859e+10 9.16446e+07 9.70984e+09 3.92755e+08 536.246 163645 1.54442e+07 1.2806 0 0 0 33049.6 0 7.15912e-05 0
159 40.8662 1.23499e-08 0 0 1.23499e-08 42.7921 4.98546e+10 9.16446e+07 9.70984e+09 4.13419e+08 487.957 161652 1.49e+07 1.38679 0 0 0 31713 0 6.26514e-05 0
160 42.7921 4.04214e-09 0 0 4.04214e-09 44.8088 5.16552e+10 9.16446e+07 9.70984e+09 4.35004e+08 443.967 159671 1.43731e+07 1.50181 0 0 0 30383.2 0 5.47427e-05 0
161 44.8088 1.25775e-09 0 0 1.25775e-09 46.9206 5.34868e+10 9.16446e+07 9.70984e+09 4.57552e+08 403.914 157707 1.33927e+07 1.68359 0 0 0 28901.6 0 4.74915e-05 0
162 46.9206 3.71175e-10 0 0 3.71175e-10 49.1319 5.53489e+10 9.16446e+07 9.70984e+09 4.81104e+08 367.461 155764 1.28839e+07 1.82801 0 0 0 27671.5 0 4.14693e-05 0
163 49.1319 1.03628e-10 0 0 1.03628e-10 51.4474 5.72409e+10 9.16446e+07 9.70984e+09 5.05705e+08 334.298 153844 1.23945e+07 1.98481 0 0 0 26480.7 0 3.61928e-05 0
164 51.4474 2.72998e-11 0 0 2.72998e-11 53.8721 5.9162e+10 9.16446e+07 9.70984e+09 5.31402e+08 304.142 151953 1.19244e+07 2.15503 0 0 0 25310.2 0 3.15492e-05 0
165 53.8721 6.76756e-12 0 0 6.76756e-12 56.411 6.11116e+10 9.16446e+07 9.70984e+09 5.58248e+08 276.728 150093 1.14734e+07 2.33979 0 0 0 24153.9 0 2.74588e-05 0
166 56.411 1.57417e-12 0 0 1.57417e-12 59.0696 6.3089e+10 9.16446e+07 9.70984e+09 5.86296e+08 251.817 148268 1.10413e+07 2.54028 0 0 0 22966.2 0 2.38113e-05 0
167 59.0696 3.42545e-13 0 0 3.42545e-13 61.8534 6.50935e+10 9.16446e+07 9.70984e+09 6.15605e+08 229.186 146482 1.06278e+07 2.75778 0 0 0 21790.8 0 2.06047e-05 0
168 61.8534 6.95125e-14 0 0 6.95125e-14 64.7685 6.71244e+10 9.16446e+07 9.70984e+09 6.46238e+08 208.633 144737 1.02327e+07 2.9937 0 0 0 20591.7 0 1.77577e-05 0
169 64.7685 1.31117e-14 0 0 1.31117e-14 67.8209 6.9181e+10 9.16446e+07 9.70984e+09 6.78264e+08 189.97 143037 9.85555e+06 3.24953 0 0 0 19397.6 0 1.5256e-05 0
170 67.8209 2.29092e-15 0 0 2.29092e-15 71.0172 7.12626e+10 9.16446e+07 9.70984e+09 7.11756e+08 173.029 141385 9.49609e+06 3.52686 0 0 0 18117 0 1.29951e-05 0
171 71.0172 3.69445e-16 0 0 3.69445e-16 74.3642 7.33685e+10 9.16446e+07 9.70984e+09 7.46792e+08 157.651 139784 8.59664e+06 4.07553 0 0 0 16691.4 0 1.09191e-05 0
172 74.3642 5.47819e-17 0 0 5.47819e-17 77.8689 7.5498e+10 9.16446e+07 9.70984e+09 7.83457e+08 143.696 138236 8.32904e+06 4.40216 0 0 0 15297.9 0 9.12693e-06 0
173 77.8689 7.4397e-18 0 0 7.4397e-18 81.5387 7.76505e+10 9.16446e+07 9.70984e+09 8.21845e+08 131.033 136745 8.07346e+06 4.75485 0 0 0 13853.3 0 7.53782e-06 0
174 81.5387 9.21523e-19 0 0 9.21523e-19 85.3815 7.98252e+10 9.16446e+07 9.70984e+09 8.62056e+08 119.543 135313 7.82971e+06 5.13562 0 0 0 12399.5 0 6.15316e-06 0
175 85.3815 1.03659e-19 0 0 1.03659e-19 89.4054 8.20214e+10 9.16446e+07 9.70984e+09 9.04197e+08 109.117 133943 7.59758e+06 5.54668 0 0 0 10919.9 0 4.94209e-06 0
176 89.4054 1.05411e-20 0 0 1.05411e-20 93.6189 8.42386e+10 9.16446e+07 9.70984e+09 9.48387e+08 99.6573 132637 7.37678e+06 5.99043 0 0 0 9462.76 0 3.90581e-06 0
177 93.6189 9.64439e-22 0 0 9.64439e-22 98.0311 8.6476e+10 9.16446e+07 9.70984e+09 9.94754e+08 91.0736 131398 7.16711e+06 6.4694 0 0 0 7975.6 0 3.00232e-06 0
178 98.0311 7.89981e-23 0 0 7.89981e-23 102.651 8.8733e+10 9.16446e+07 9.70984e+09 1.04344e+09 83.2842 130227 6.96827e+06 6.98639 0 0 0 6554.66 0 2.25032e-06 0
179 102.651 5.76296e-24 0 0 5.76296e-24 107.489 9.10089e+10 9.16446e+07 9.70984e+09 1.09459e+09 76.2146 129127 6.78007e+06 7.54432 0 0 0 5103.17 0 1.59784e-06 0
180 107.489 3.72384e-25 0 0 3.72384e-25 112.555 9.33031e+10 9.16446e+07 9.70984e+09 1.14837e+09 69.7974 128101 6.6022e+06 8.14641 0 0 0 3557.17 0 1.01578e-06 0
181 112.555 2.1192e-26 0 0 2.1192e-26 117.859 9.56151e+10 9.16446e+07 9.70984e+09 1.20497e+09 63.9712 127150 6.43444e+06 8.79609 0 0 0 1884.61 0 4.90812e-07 0
182 117.859 1.05581e-27 0 0 1.05581e-27 123.414 9.79441e+10 9.16446e+07 9.70984e+09 1.26458e+09 58.6803 126276 0 0 0 0 0 0 0 0 0
183 123.414 4.57632e-29 0 0 4.57632e-29 129.23 9.97741e+10 9.16446e+07 9.70984e+09 1.26458e+09 0 0 0 0 0 0 0 0 0 0 0
184 129.23 1.71439e-30 0 0 1.71439e-30 135.321 9.97741e+10 9.16446e+07 9.70984e+09 1.26458e+09 0 0 0 0 0 0 0 0 0 0 0
185 135.321 5.5129e-32 0 0 5.5129e-32 141.698 9.97741e+10 9.16446e+07 9.70984e+09 1.26458e+09 0 0 0 0 0 0 0 0 0 0 0
186 141.698 1.5108e-33 0 0 1.5108e-33 148.376 9.97741e+10 9.16446e+07 9.70984e+09 1.26458e+09 0 0 0 0 0 0 0 0 0 0 0
187 148.376 3.50198e-35 0 0 3.50198e-35 155.369 9.97741e+10 9.16446e+07 9.70984e+09 1.26458e+09 0 0 0 0 0 0 0 0 0 0 0
188 155.369 6.81203e-37 0 0 6.81203e-37 162.691 9.97741e+10 9.16446e+07 9.70984e+09 1.26458e+09 0 0 0 0 0 0 0 0 0 0 0
189 162.691 1.10282e-38 0 0 1.10282e-38 170.358 9.97741e+10 9.16446e+07 9.70984e+09 1.26458e+09 0 0 0 0 0 0 0 0 0 0 0
190 170.358 1.47314e-40 0 0 1.47314e-40 178.387 9.97741e+10 9.16446e+07 9.70984e+09 1.26458e+09 0 0 0 0 0 0 0 0 0 0 0
191 178.387 1.60901e-42 0 0 1.60901e-42 186.794 9.97741e+10 9.16446e+07 9.70984e+09 1.26458e+09 0 0 0 0 0 0 0 0 0 0 0
192 186.794 1.4234e-44 0 0 1.4234e-44 195.598 9.97741e+10 9.16446e+07 9.70984e+09 1.26458e+09 0 0 0 0 0 0 0 0 0 0 0
193 195.598 1.0098e-46 0 0 1.0098e-46 204.816 9.97741e+10 9.16446e+07 9.70984e+09 1.26458e+09 0 0 0 0 0 0 0 0 0 0 0
194 204.816 5.68547e-49 0 0 5.68547e-49 214.469 9.97741e+10 9.16446e+07 9.70984e+09 1.26458e+09 0 0 0 0 0 0 0 0 0 0 0
195 214.469 2.51297e-51 0 0 2.51297e-51 224.576 9.97741e+10 9.16446e+07 9.70984e+09 1.26458e+09 0 0 0 0 0 0 0 0 0 0 0
196 224.576 8.62076e-54 0 0 8.62076e-54 235.16 9.97741e+10 9.16446e+07 9.70984e+09 1.26458e+09 0 0 0 0 0 0 0 0 0 0 0
197 235.16 2.26804e-56 0 0 2.26804e-56 246.243 9.97741e+10 9.16446e+07 9.70984e+09 1.26458e+09 0 0 0 0 0 0 0 0 0 0 0
198 246.243 4.51929e-59 0 0 4.51929e-59 257.848 9.97741e+10 9.16446e+07 9.70984e+09 1.26458e+09 0 0 0 0 0 0 0 0 0 0 0
199 257.848 6.73152e-62 0 0 6.73152e-62 270 9.97741e+10 9.16446e+07 9.70984e+09 1.26458e+09 0 0 0 0 0 0 0 0 0 0 0
