0 0.027 107.227 4872.28 107.11 0.117215 0.0282725 479820 1.07656e+06 23692.6 6117.42 6.37029e+07 70730.4 4.14803e+07 1.07284e-06 1.73179e+15 0 0 23217.6 224424 105.078 1015.7
1 0.0282725 107.63 4871.1 106.982 0.647417 0.0296049 526090 2.2567e+06 49768.4 6982.02 6.16593e+07 72805.7 5.5987e+06 1.09357e-06 1.73141e+15 0 0 3286.04 32947.9 13.5633 135.994
2 0.0296049 107.633 4863.29 106.969 0.664088 0.0310001 576821 3.54863e+06 78361 7942.83 5.96789e+07 74940.1 5.94169e+06 1.14102e-06 1.73101e+15 0 0 3493.83 35057.6 13.1521 131.97
3 0.0310001 107.637 4855.16 106.956 0.681171 0.0324611 632443 4.96282e+06 109713 9010.51 5.77599e+07 77135 6.30544e+06 1.19056e-06 1.73058e+15 0 0 3714.85 37304 12.7537 128.07
4 0.0324611 107.64 4846.69 106.942 0.698675 0.033991 693426 6.51076e+06 144091 10196.9 5.59004e+07 79392 6.6912e+06 1.2423e-06 1.73013e+15 0 0 3949.95 39696.1 12.3676 124.291
5 0.033991 107.644 4837.88 106.927 0.716609 0.0355929 760289 8.20494e+06 181787 11515.2 5.40986e+07 81713 7.10027e+06 1.3116e-06 1.72966e+15 0 0 4200.02 42243.4 11.9935 120.629
6 0.0355929 107.647 4828.71 106.912 0.734982 0.0372704 833596 1.00591e+07 223121 12979.9 5.23527e+07 84099.4 7.53404e+06 1.3859e-06 1.72917e+15 0 0 4466.04 44956.2 11.631 117.08
7 0.0372704 107.65 4819.17 106.896 0.753803 0.0390269 913970 1.20881e+07 268445 14607.3 5.06611e+07 86553.2 7.99398e+06 1.46446e-06 1.72866e+15 0 0 4749.04 47845.4 11.2797 113.641
8 0.0390269 107.653 4809.25 106.88 0.773082 0.0408662 1.00209e+06 1.43082e+07 318142 16415.3 4.9022e+07 89076 8.48163e+06 1.54749e-06 1.72812e+15 0 0 5050.11 50922.8 10.9394 110.308
9 0.0408662 107.656 4798.93 106.863 0.792829 0.0427921 1.0987e+06 1.67373e+07 372635 18424 4.74338e+07 91669.7 8.99864e+06 1.67793e-06 1.72756e+15 0 0 5370.44 54200.8 10.6097 107.078
10 0.0427921 107.658 4788.21 106.845 0.813052 0.0448088 1.20463e+06 1.93949e+07 432387 20655.4 4.58951e+07 94336.1 9.54675e+06 1.78376e-06 1.72697e+15 0 0 5711.26 57692.7 10.2902 103.947
11 0.0448088 107.66 4777.06 106.827 0.833762 0.0469206 1.32076e+06 2.2302e+07 497906 23134.2 4.44043e+07 97077.1 1.01278e+07 1.89629e-06 1.72636e+15 0 0 6073.91 61412.7 9.98072 100.914
12 0.0469206 107.662 4765.48 106.807 0.854967 0.0491319 1.44809e+06 2.54819e+07 569746 25887.6 4.296e+07 99894.8 1.07437e+07 2.01595e-06 1.72571e+15 0 0 6459.81 65376 9.68085 97.9742
13 0.0491319 107.664 4753.45 106.788 0.876679 0.0514474 1.58768e+06 2.89598e+07 648519 28946.1 4.15607e+07 102791 1.13965e+07 2.1646e-06 1.72504e+15 0 0 6870.48 69598.9 9.39033 95.1252
14 0.0514474 107.666 4740.96 106.767 0.898906 0.0538721 1.74073e+06 3.27632e+07 734894 32343.1 4.0205e+07 105768 1.20884e+07 2.27568e-06 1.72433e+15 0 0 7307.54 74098.6 9.10887 92.3641
15 0.0538721 107.667 4727.99 106.745 0.921659 0.056411 1.90852e+06 3.69222e+07 829602 36115.9 3.88917e+07 108827 1.28217e+07 2.39253e-06 1.72359e+15 0 0 7772.71 78893.6 8.83621 89.6882
16 0.056411 107.668 4714.54 106.723 0.944948 0.0590696 2.09247e+06 4.14694e+07 933448 40306.1 3.76194e+07 111972 1.35988e+07 2.51545e-06 1.72282e+15 0 0 8267.84 84003.8 8.57206 87.0948
17 0.0590696 107.668 4700.57 106.699 0.968781 0.0618534 2.29415e+06 4.64405e+07 1.04731e+06 44959.3 3.63868e+07 115203 1.44223e+07 2.68645e-06 1.72201e+15 0 0 8794.89 89450.1 8.31618 84.5813
18 0.0618534 107.668 4686.09 106.675 0.99317 0.0647685 2.51526e+06 5.18745e+07 1.17217e+06 50126.7 3.51929e+07 118523 1.52948e+07 2.80937e-06 1.72116e+15 0 0 9355.96 95255.1 8.0683 82.1451
19 0.0647685 107.668 4671.08 106.65 1.01812 0.0678209 2.75766e+06 5.78137e+07 1.30906e+06 55864.7 3.40363e+07 121935 1.62193e+07 2.93801e-06 1.72027e+15 0 0 9953.3 101443 7.82818 79.7839
20 0.0678209 107.667 4655.52 106.623 1.04365 0.0710172 3.02342e+06 6.43041e+07 1.45917e+06 62235.9 3.2916e+07 125441 1.71987e+07 3.07266e-06 1.71935e+15 0 0 10589.3 108039 7.59558 77.4952
21 0.0710172 107.666 4639.39 106.596 1.06977 0.0743642 3.31476e+06 7.13961e+07 1.62375e+06 69309.9 3.18308e+07 129042 1.82363e+07 3.21006e-06 1.71837e+15 0 0 11266.5 115072 7.37027 75.2768
22 0.0743642 107.664 4622.69 106.567 1.09647 0.0778689 3.63417e+06 7.91443e+07 1.80421e+06 77163.7 3.07797e+07 132742 1.93354e+07 3.35662e-06 1.71736e+15 0 0 11987.7 122569 7.15203 73.1264
23 0.0778689 107.661 4605.39 106.538 1.12379 0.0815387 3.98433e+06 8.76082e+07 2.00207e+06 85882.8 2.97616e+07 136543 2.04996e+07 3.51e-06 1.71629e+15 0 0 12755.8 130563 6.94065 71.0419
24 0.0815387 107.658 4587.48 106.507 1.15171 0.0853815 4.3682e+06 9.68527e+07 2.21902e+06 95561.9 2.87755e+07 140448 2.17326e+07 3.67055e-06 1.71518e+15 0 0 13573.8 139087 6.7359 69.021
25 0.0853815 107.655 4568.96 106.475 1.18026 0.0894054 4.78904e+06 1.06948e+08 2.45689e+06 106306 2.78204e+07 144458 2.30384e+07 3.84292e-06 1.71401e+15 0 0 14445.2 148178 6.53759 67.0619
26 0.0894054 107.65 4549.79 106.441 1.20944 0.0936189 5.25039e+06 1.17971e+08 2.7177e+06 118232 2.68954e+07 148577 2.44212e+07 4.02004e-06 1.71279e+15 0 0 15373.5 157872 6.34552 65.1624
27 0.0936189 107.645 4529.97 106.406 1.23926 0.0980311 5.75614e+06 1.30005e+08 3.00365e+06 131469 2.59996e+07 152807 2.58854e+07 4.20552e-06 1.71152e+15 0 0 16362.6 168210 6.15949 63.3208
28 0.0980311 107.639 4509.48 106.37 1.26974 0.102651 6.31057e+06 1.4314e+08 3.31718e+06 146160 2.5132e+07 157151 2.74357e+07 4.39975e-06 1.71018e+15 0 0 17416.4 179237 5.97933 61.535
29 0.102651 107.633 4488.31 106.332 1.30087 0.107489 6.91836e+06 1.57475e+08 3.66094e+06 162463 2.42918e+07 161612 2.90769e+07 4.60317e-06 1.70878e+15 0 0 18539.5 190999 5.80484 59.8032
30 0.107489 107.625 4466.44 106.292 1.33267 0.112555 7.58463e+06 1.73116e+08 4.03784e+06 180555 2.34782e+07 166192 3.08143e+07 4.81624e-06 1.70732e+15 0 0 19736.3 203545 5.63586 58.1238
31 0.112555 107.617 4443.86 106.251 1.36514 0.117859 8.31501e+06 1.90179e+08 4.45106e+06 200630 2.26903e+07 170894 3.26534e+07 5.0394e-06 1.70579e+15 0 0 21012.1 216928 5.47221 56.495
32 0.117859 107.607 4420.55 106.209 1.3983 0.123414 9.11565e+06 2.08791e+08 4.90411e+06 222904 2.19273e+07 175721 3.45999e+07 5.27315e-06 1.70419e+15 0 0 22372 231205 5.31372 54.9151
33 0.123414 107.596 4396.49 106.164 1.43215 0.12923 9.99329e+06 2.29087e+08 5.40082e+06 247616 2.11886e+07 180676 3.66599e+07 5.64589e-06 1.70252e+15 0 0 23821.9 246437 5.16025 53.3825
34 0.12923 107.584 4371.68 106.118 1.4667 0.135321 1.09553e+07 2.51216e+08 5.94539e+06 275032 2.04733e+07 185763 3.88397e+07 5.94129e-06 1.70077e+15 0 0 25367.9 262686 5.01162 51.8956
35 0.135321 107.571 4346.1 106.069 1.50196 0.141698 1.20099e+07 2.75337e+08 6.54243e+06 305445 1.97807e+07 190983 4.11463e+07 6.25242e-06 1.69893e+15 0 0 27016.6 280022 4.8677 50.4529
36 0.141698 107.557 4319.73 106.019 1.53793 0.148376 1.31659e+07 3.01626e+08 7.19698e+06 339180 1.91101e+07 196340 4.35865e+07 6.58016e-06 1.69702e+15 0 0 28775 298519 4.72834 49.053
37 0.148376 107.541 4292.56 105.966 1.57461 0.155369 1.44329e+07 3.30269e+08 7.91458e+06 376597 1.84609e+07 201838 4.61681e+07 7.16826e-06 1.69501e+15 0 0 30650.6 318253 4.59339 47.6943
38 0.155369 107.523 4264.58 105.911 1.61202 0.162691 1.58218e+07 3.61471e+08 8.70128e+06 418095 1.78324e+07 207478 4.88988e+07 7.79839e-06 1.69292e+15 0 0 32651.7 339309 4.46271 46.3755
39 0.162691 107.504 4235.77 105.854 1.65016 0.170358 1.73441e+07 3.95452e+08 9.56373e+06 464115 1.72239e+07 213266 5.17869e+07 8.48377e-06 1.69073e+15 0 0 34786.7 361774 4.33618 45.0952
40 0.170358 107.484 4206.12 105.795 1.68904 0.178387 1.90127e+07 4.32451e+08 1.05092e+07 515146 1.66348e+07 219203 5.48413e+07 9.22926e-06 1.68843e+15 0 0 37065.1 385743 4.21365 43.8522
41 0.178387 107.461 4175.61 105.733 1.72865 0.186794 2.08415e+07 4.72725e+08 1.15457e+07 571729 1.60646e+07 225293 5.8071e+07 9.94779e-06 1.68604e+15 0 0 39496.9 411316 4.09502 42.6451
42 0.186794 107.437 4144.24 105.668 1.769 0.195598 2.2846e+07 5.16553e+08 1.26819e+07 634463 1.55127e+07 231539 6.14858e+07 1.13676e-05 1.68353e+15 0 0 42092.6 438600 3.98015 41.4727
43 0.195598 107.411 4111.97 105.6 1.8101 0.204816 2.50429e+07 5.64235e+08 1.39274e+07 704010 1.49784e+07 237945 6.5096e+07 1.29886e-05 1.68091e+15 0 0 44863.9 467708 3.86893 40.3337
44 0.204816 107.382 4078.81 105.53 1.85194 0.214469 2.74508e+07 6.16096e+08 1.52928e+07 781104 1.44613e+07 244514 6.8912e+07 1.48389e-05 1.67817e+15 0 0 47823 498761 3.76124 39.2271
45 0.214469 107.351 4044.74 105.457 1.89453 0.224576 3.00897e+07 6.72486e+08 1.67894e+07 866557 1.39608e+07 251250 7.29454e+07 1.73121e-05 1.6753e+15 0 0 50983.2 531887 3.65696 38.1516
46 0.224576 107.318 4009.76 105.38 1.93787 0.23516 3.29819e+07 7.33781e+08 1.84299e+07 961265 1.34764e+07 258156 7.72078e+07 2.08751e-05 1.67231e+15 0 0 54358.7 567223 3.556 37.1063
47 0.23516 107.282 3973.84 105.3 1.98196 0.246243 3.61514e+07 8.00387e+08 2.02281e+07 1.06622e+06 1.30075e+07 265235 8.17117e+07 2.51652e-05 1.66918e+15 0 0 57964.6 604912 3.45825 36.0899
48 0.246243 107.244 3936.98 105.217 2.0268 0.257848 3.96249e+07 8.72742e+08 2.2199e+07 1.18253e+06 1.25539e+07 272491 8.64701e+07 3.0329e-05 1.66591e+15 0 0 61817.4 645107 3.3636 35.1015
49 0.257848 107.202 3899.17 105.13 2.07238 0.27 4.34314e+07 9.51316e+08 2.43593e+07 1.31139e+06 1.21148e+07 279927 9.14969e+07 3.65427e-05 1.66249e+15 0 0 65934.6 687972 3.27195 34.14
50 0.27 107.158 3860.41 105.039 2.1187 0.282725 4.76028e+07 1.03661e+09 2.6727e+07 1.45416e+06 1.169e+07 287548 9.68063e+07 4.33181e-05 1.65892e+15 0 0 70335.2 733677 3.18322 33.2046
51 0.282725 107.11 3820.69 104.944 2.16577 0.296049 5.21738e+07 1.12918e+09 2.9322e+07 1.61231e+06 1.1279e+07 295356 1.02414e+08 5.10584e-05 1.65519e+15 0 0 75039.3 782404 3.09729 32.2942
52 0.296049 107.059 3780 104.845 2.21357 0.310001 5.71826e+07 1.2296e+09 3.2166e+07 1.7875e+06 1.08812e+07 303356 1.08334e+08 6.01681e-05 1.65129e+15 0 0 80068.9 834345 3.0141 31.4079
53 0.310001 107.004 3738.35 104.742 2.26211 0.324611 6.26711e+07 1.33848e+09 3.52828e+07 1.98152e+06 1.04964e+07 311550 1.14586e+08 7.08872e-05 1.64721e+15 0 0 85447.2 889704 2.93354 30.5449
54 0.324611 106.946 3695.72 104.634 2.31136 0.33991 6.86848e+07 1.45652e+09 3.86984e+07 2.19639e+06 1.01241e+07 319942 1.21184e+08 8.21416e-05 1.64296e+15 0 0 91199.5 948693 2.85552 29.7043
55 0.33991 106.883 3652.11 104.522 2.36134 0.355929 7.52739e+07 1.58441e+09 4.24414e+07 2.43432e+06 9.76398e+06 328537 1.28149e+08 9.32045e-05 1.63852e+15 0 0 97352.8 1.01154e+06 2.77998 28.8852
56 0.355929 106.816 3607.53 104.404 2.41202 0.372704 8.24933e+07 1.72293e+09 4.65429e+07 2.69774e+06 9.41558e+06 337338 1.35499e+08 0.000105742 1.63388e+15 0 0 103936 1.07848e+06 2.70682 28.0869
57 0.372704 106.744 3561.98 104.281 2.46341 0.390269 9.04028e+07 1.8729e+09 5.10371e+07 2.98938e+06 9.07858e+06 346347 1.43254e+08 0.000119949 1.62903e+15 0 0 110981 1.14976e+06 2.63598 27.3086
58 0.390269 106.668 3515.46 104.153 2.51549 0.408662 9.90682e+07 2.03519e+09 5.59613e+07 3.31219e+06 8.75261e+06 355570 1.51435e+08 0.000135582 1.62397e+15 0 0 118520 1.22565e+06 2.56736 26.5496
59 0.408662 106.587 3467.97 104.018 2.56824 0.427921 1.08561e+08 2.21073e+09 6.13566e+07 3.66948e+06 8.43733e+06 365009 1.60064e+08 0.000147441 1.61869e+15 0 0 126591 1.30641e+06 2.5009 25.8091
60 0.427921 106.5 3419.52 103.878 2.62167 0.448088 1.18961e+08 2.40052e+09 6.72675e+07 4.06488e+06 8.13242e+06 374668 1.69164e+08 0.000160332 1.61318e+15 0 0 135231 1.39234e+06 2.43652 25.0864
61 0.448088 106.407 3370.12 103.731 2.67575 0.469206 1.30352e+08 2.60561e+09 7.3743e+07 4.5024e+06 7.83754e+06 384550 1.78759e+08 0.000174346 1.60744e+15 0 0 144483 1.48374e+06 2.37417 24.381
62 0.469206 106.309 3319.78 103.578 2.73046 0.491319 1.42831e+08 2.82714e+09 8.08368e+07 4.98646e+06 7.55239e+06 394660 1.88874e+08 0.000189581 1.60144e+15 0 0 154392 1.58092e+06 2.31375 23.692
63 0.491319 106.204 3268.51 103.418 2.78581 0.514474 1.56499e+08 3.06628e+09 8.86072e+07 5.52194e+06 7.27667e+06 405000 1.99536e+08 0.000204028 1.59518e+15 0 0 165005 1.6842e+06 2.25522 23.019
64 0.514474 106.092 3216.32 103.25 2.84176 0.538721 1.71469e+08 3.32431e+09 9.71184e+07 6.11424e+06 7.01007e+06 415574 2.10771e+08 0.00021844 1.58865e+15 0 0 176374 1.79393e+06 2.19851 22.3614
65 0.538721 105.973 3163.19 103.075 2.8983 0.56411 1.87864e+08 3.60255e+09 1.0644e+08 6.76928e+06 6.75231e+06 426385 2.22608e+08 0.000233876 1.58185e+15 0 0 188556 1.91045e+06 2.14355 21.7184
66 0.56411 105.847 3109.1 102.892 2.95542 0.590696 2.0582e+08 3.90243e+09 1.16649e+08 7.49361e+06 6.50313e+06 437436 2.35077e+08 0.00025041 1.57475e+15 0 0 201609 2.03411e+06 2.09028 21.0896
67 0.590696 105.713 3054.17 102.7 3.01309 0.618534 2.25483e+08 4.22543e+09 1.27829e+08 8.29445e+06 6.26224e+06 448732 2.4821e+08 0.000268366 1.56736e+15 0 0 215599 2.1653e+06 2.03864 20.4745
68 0.618534 105.57 2998.41 102.499 3.0713 0.647685 2.47015e+08 4.57312e+09 1.40071e+08 9.17974e+06 6.02939e+06 460273 2.62037e+08 0.000288817 1.55965e+15 0 0 230595 2.30442e+06 1.98858 19.8726
69 0.647685 105.419 2941.84 102.289 3.13002 0.678209 2.70592e+08 4.94717e+09 1.53475e+08 1.01583e+07 5.80434e+06 472065 2.76593e+08 0.00031083 1.55162e+15 0 0 246670 2.45185e+06 1.94004 19.2835
70 0.678209 105.259 2884.51 102.069 3.18924 0.710172 2.96406e+08 5.34931e+09 1.68149e+08 1.12396e+07 5.58683e+06 484109 2.91913e+08 0.000334526 1.54326e+15 0 0 263906 2.60799e+06 1.89296 18.7068
71 0.710172 105.088 2826.44 101.839 3.24892 0.743642 3.24667e+08 5.78137e+09 1.84214e+08 1.24345e+07 5.37662e+06 496409 3.08034e+08 0.000360031 1.53455e+15 0 0 282386 2.77328e+06 1.8473 18.1421
72 0.743642 104.907 2767.66 101.598 3.30905 0.778689 3.55607e+08 6.24526e+09 2.01797e+08 1.37546e+07 5.1735e+06 508967 3.24992e+08 0.000384283 1.52548e+15 0 0 302204 2.94811e+06 1.80299 17.5889
73 0.778689 104.716 2708.21 101.346 3.3696 0.815387 3.89475e+08 6.74299e+09 2.21042e+08 1.52128e+07 4.97724e+06 521786 3.42829e+08 0.000421903 1.51604e+15 0 0 323457 3.13293e+06 1.75999 17.0468
74 0.815387 104.512 2648.14 101.082 3.43055 0.853815 4.26547e+08 7.27663e+09 2.42103e+08 1.68232e+07 4.78761e+06 534868 3.61583e+08 0.00046317 1.50622e+15 0 0 346253 3.32815e+06 1.71825 16.5157
75 0.853815 104.297 2587.48 100.805 3.49187 0.894054 4.67122e+08 7.84835e+09 2.65148e+08 1.86014e+07 4.60443e+06 548214 3.81298e+08 0.000508434 1.496e+15 0 0 370704 3.53421e+06 1.67772 15.9951
76 0.894054 104.069 2526.28 100.515 3.55353 0.936189 5.11528e+08 8.4604e+09 2.90361e+08 2.05646e+07 4.42747e+06 561829 4.02017e+08 0.000558075 1.48538e+15 0 0 396932 3.75154e+06 1.63836 15.4847
77 0.936189 103.827 2464.58 100.212 3.61551 0.980311 5.60121e+08 9.11511e+09 3.17943e+08 2.27317e+07 4.25655e+06 575712 4.23786e+08 0.000632995 1.47434e+15 0 0 425067 3.98056e+06 1.60011 14.9843
78 0.980311 103.571 2402.45 99.8937 3.67779 1.02651 6.13292e+08 9.81489e+09 3.48111e+08 2.51233e+07 4.09147e+06 589866 4.46651e+08 0.000718707 1.46286e+15 0 0 455250 4.22168e+06 1.56294 14.4937
79 1.02651 103.301 2339.93 99.5604 3.74032 1.07489 6.71467e+08 1.05622e+10 3.81103e+08 2.77623e+07 3.93206e+06 604292 4.70662e+08 0.000815808 1.45094e+15 0 0 487630 4.47532e+06 1.5268 14.0126
80 1.07489 103.014 2277.09 99.2113 3.80309 1.12555 7.3511e+08 1.13596e+10 4.17178e+08 3.06737e+07 3.77813e+06 618991 4.95867e+08 0.000925778 1.43856e+15 0 0 522366 4.74187e+06 1.49165 13.5408
81 1.12555 102.711 2213.97 98.8454 3.86606 1.17859 8.04728e+08 1.22097e+10 4.56617e+08 3.38848e+07 3.62951e+06 633965 5.2232e+08 0.00102787 1.42571e+15 0 0 559630 5.02171e+06 1.45745 13.0781
82 1.17859 102.391 2150.65 98.462 3.92921 1.23414 8.80873e+08 1.31152e+10 4.99726e+08 3.7426e+07 3.48603e+06 649213 5.50072e+08 0.00116025 1.41238e+15 0 0 599604 5.31518e+06 1.42416 12.6244
83 1.23414 102.053 2087.18 98.0602 3.9925 1.2923 9.64149e+08 1.40788e+10 5.46838e+08 4.13303e+07 3.34753e+06 664737 5.7918e+08 0.00130933 1.39855e+15 0 0 642484 5.62262e+06 1.39173 12.1796
84 1.2923 101.695 2023.64 97.6391 4.05591 1.35321 1.05521e+09 1.51031e+10 5.98314e+08 4.5634e+07 3.21386e+06 680536 6.09698e+08 0.00147717 1.38422e+15 0 0 688477 5.94433e+06 1.36014 11.7435
85 1.35321 101.317 1960.09 97.1978 4.11939 1.41698 1.15478e+09 1.6191e+10 6.54547e+08 5.03769e+07 3.08485e+06 696610 6.41686e+08 0.00166608 1.36936e+15 0 0 737805 6.28056e+06 1.32934 11.316
86 1.41698 100.918 1896.6 96.7353 4.18293 1.48376 1.26362e+09 1.73452e+10 7.15962e+08 5.56028e+07 2.96037e+06 712957 6.75202e+08 0.00175101 1.35398e+15 0 0 790704 6.63153e+06 1.29929 10.897
87 1.48376 100.497 1833.25 96.2506 4.24648 1.55369 1.38261e+09 1.85685e+10 7.83021e+08 6.13595e+07 2.84026e+06 729579 7.10308e+08 0.00191998 1.33806e+15 0 0 847425 6.99743e+06 1.26997 10.4865
88 1.55369 100.053 1770.11 95.7427 4.31001 1.62691 1.51264e+09 1.98636e+10 8.56226e+08 6.76995e+07 2.72439e+06 746472 7.47065e+08 0.00210501 1.32158e+15 0 0 908236 7.37838e+06 1.24134 10.0845
89 1.62691 99.5839 1707.26 95.2104 4.37349 1.70358 1.65474e+09 2.12332e+10 9.36116e+08 7.46801e+07 2.61263e+06 763634 7.85537e+08 0.00230763 1.30455e+15 0 0 973418 7.77445e+06 1.21337 9.69087
90 1.70358 99.0896 1644.78 94.6527 4.43688 1.78387 1.81e+09 2.268e+10 1.02328e+09 8.23642e+07 2.50484e+06 781065 8.2579e+08 0.00252945 1.28695e+15 0 0 1.04327e+06 8.18564e+06 1.18602 9.30563
91 1.78387 98.5686 1582.73 94.0685 4.50015 1.86794 1.97961e+09 2.42066e+10 1.11835e+09 9.08207e+07 2.4009e+06 798761 8.67888e+08 0.00270975 1.26877e+15 0 0 1.11812e+06 8.61189e+06 1.15926 8.92877
92 1.86794 98.0196 1521.21 93.4564 4.56325 1.95598 2.16487e+09 2.58154e+10 1.22201e+09 1.00125e+08 2.30069e+06 816718 9.11899e+08 0.00294323 1.25001e+15 0 0 1.19829e+06 9.05307e+06 1.13306 8.56031
93 1.95598 97.4414 1460.28 92.8153 4.62614 2.04816 2.36717e+09 2.75087e+10 1.335e+09 1.10359e+08 2.20408e+06 834934 9.57892e+08 0.00319667 1.23066e+15 0 0 1.28414e+06 9.50897e+06 1.1074 8.20024
94 2.04816 96.8327 1400.03 92.1439 4.68879 2.14469 2.58807e+09 2.92888e+10 1.45812e+09 1.21612e+08 2.11097e+06 853403 1.00594e+09 0.00347176 1.21072e+15 0 0 1.37604e+06 9.97928e+06 1.08224 7.84861
95 2.14469 96.1921 1340.53 91.4409 4.75115 2.24576 2.8292e+09 3.11577e+10 1.59223e+09 1.33984e+08 2.02123e+06 872122 1.0561e+09 0.0037703 1.19019e+15 0 0 1.47439e+06 1.04636e+07 1.05756 7.50544
96 2.24576 95.5182 1281.85 90.7051 4.81317 2.3516 3.09239e+09 3.31172e+10 1.73824e+09 1.47581e+08 1.93476e+06 891084 1.10845e+09 0.00409429 1.16906e+15 0 0 1.5796e+06 1.09615e+07 1.03333 7.17076
97 2.3516 94.8098 1224.07 89.935 4.8748 2.46243 3.37957e+09 3.51689e+10 1.89716e+09 1.62521e+08 1.85146e+06 910284 1.16307e+09 0.00433676 1.14733e+15 0 0 1.6921e+06 1.14724e+07 1.00953 6.84462
98 2.46243 94.0653 1167.27 89.1293 4.93599 2.57848 3.69289e+09 3.73141e+10 2.07003e+09 1.7893e+08 1.77123e+06 929716 1.22001e+09 0.00468904 1.12501e+15 0 0 1.81235e+06 1.19956e+07 0.986133 6.52705
99 2.57848 93.2833 1111.5 88.2866 4.99669 2.7 4.03463e+09 3.9554e+10 2.25801e+09 1.96948e+08 1.69396e+06 949371 1.27936e+09 0.00506981 1.10211e+15 0 0 1.94081e+06 1.25304e+07 0.963113 6.21809
100 2.7 92.4624 1056.84 87.4056 5.05682 2.82725 4.40729e+09 4.18891e+10 2.46231e+09 2.16728e+08 1.61957e+06 969243 1.34118e+09 0.0054814 1.07862e+15 0 0 2.07799e+06 1.30757e+07 0.940451 5.91778
101 2.82725 91.6011 1003.34 86.4848 5.11632 2.96049 4.81357e+09 4.432e+10 2.68424e+09 2.38434e+08 1.54795e+06 989323 1.40555e+09 0.00592627 1.05456e+15 0 0 2.22438e+06 1.36307e+07 0.918126 5.62616
102 2.96049 90.698 951.082 85.5228 5.17513 3.10001 5.25638e+09 4.68465e+10 2.92518e+09 2.62245e+08 1.47902e+06 1.0096e+06 1.47253e+09 0.00625877 1.02994e+15 0 0 2.38052e+06 1.41943e+07 0.896118 5.34328
103 3.10001 89.7516 900.107 84.5184 5.23316 3.24611 5.7389e+09 4.94683e+10 3.1866e+09 2.88359e+08 1.41269e+06 1.03007e+06 1.54219e+09 0.00673937 1.00478e+15 0 0 2.54696e+06 1.47653e+07 0.87441 5.06916
104 3.24611 88.7604 850.47 83.4701 5.29032 3.3991 6.26453e+09 5.21845e+10 3.47009e+09 3.16987e+08 1.34888e+06 1.05071e+06 1.61459e+09 0.00725703 9.79084e+14 0 0 2.72425e+06 1.53424e+07 0.852984 4.80383
105 3.3991 87.7232 802.221 82.3767 5.34651 3.55929 6.83696e+09 5.49938e+10 3.77728e+09 3.4836e+08 1.28751e+06 1.07152e+06 1.68982e+09 0.00781464 9.5288e+14 0 0 2.91299e+06 1.59243e+07 0.831824 4.54729
106 3.55929 86.6385 755.404 81.2368 5.40165 3.72704 7.46018e+09 5.78944e+10 4.10996e+09 3.82731e+08 1.22849e+06 1.09249e+06 1.76792e+09 0.0084153 9.26191e+14 0 0 3.11375e+06 1.65094e+07 0.810918 4.29956
107 3.72704 85.5049 710.057 80.0493 5.4556 3.90269 8.13848e+09 6.08839e+10 4.46995e+09 4.20371e+08 1.17176e+06 1.11359e+06 1.84896e+09 0.00906236 8.99043e+14 0 0 3.32714e+06 1.70962e+07 0.79025 4.06061
108 3.90269 84.3214 666.216 78.8131 5.50824 4.08662 8.87649e+09 6.39595e+10 4.85922e+09 4.61577e+08 1.11723e+06 1.13482e+06 1.93299e+09 0.00930129 8.71465e+14 0 0 3.55378e+06 1.7683e+07 0.769812 3.83045
109 4.08662 83.0866 623.909 77.5271 5.55943 4.27921 9.67921e+09 6.71176e+10 5.27979e+09 5.06668e+08 1.06483e+06 1.15617e+06 2.02008e+09 0.00990557 8.43491e+14 0 0 3.7943e+06 1.82682e+07 0.749591 3.60902
110 4.27921 81.7995 583.161 76.1905 5.60902 4.48088 1.0552e+10 7.03542e+10 5.73379e+09 5.55993e+08 1.01449e+06 1.17761e+06 2.11027e+09 0.010551 8.15157e+14 0 0 4.0493e+06 1.88501e+07 0.729582 3.3963
111 4.48088 80.4592 543.991 74.8024 5.65683 4.69206 1.15007e+10 7.36648e+10 6.22343e+09 6.09927e+08 966155 1.19913e+06 2.20361e+09 0.0112405 7.86505e+14 0 0 4.31944e+06 1.94267e+07 0.709775 3.19222
112 4.69206 79.0648 506.413 73.3622 5.70268 4.91319 1.25314e+10 7.70439e+10 6.75102e+09 6.68877e+08 919746 1.22071e+06 2.30015e+09 0.0119775 7.57578e+14 0 0 4.60534e+06 1.99964e+07 0.690168 2.99671
113 4.91319 77.6158 470.435 71.8694 5.74635 5.14474 1.36508e+10 8.04859e+10 7.3189e+09 7.33283e+08 875202 1.24234e+06 2.39992e+09 0.0127651 7.28423e+14 0 0 4.90763e+06 2.05572e+07 0.670757 2.80968
114 5.14474 76.1115 436.061 70.3239 5.78761 5.38721 1.48661e+10 8.39842e+10 7.9295e+09 8.03619e+08 832463 1.26399e+06 2.50296e+09 0.013902 6.99093e+14 0 0 5.22693e+06 2.11073e+07 0.651539 2.63103
115 5.38721 74.5517 403.289 68.7255 5.82622 5.6411 1.6185e+10 8.75317e+10 8.58529e+09 8.80399e+08 791467 1.28565e+06 2.60928e+09 0.0148726 6.69641e+14 0 0 5.56389e+06 2.16449e+07 0.632516 2.46064
116 5.6411 72.9364 372.114 67.0745 5.86188 5.90696 1.76156e+10 9.11208e+10 9.28876e+09 9.64176e+08 752156 1.30729e+06 2.71892e+09 0.0159133 6.40126e+14 0 0 5.9191e+06 2.21681e+07 0.61369 2.29838
117 5.90696 71.2658 342.523 65.3715 5.89429 6.18534 1.91668e+10 9.47432e+10 1.00424e+10 1.05555e+09 714475 1.3289e+06 2.83188e+09 0.0170295 6.10609e+14 0 0 6.29319e+06 2.26753e+07 0.595065 2.14411
118 6.18534 69.5403 314.5 63.6172 5.92312 6.47685 2.08478e+10 9.83901e+10 1.08488e+10 1.15515e+09 678367 1.35044e+06 2.94818e+09 0.0182268 5.81153e+14 0 0 6.68676e+06 2.31649e+07 0.576646 1.99767
119 6.47685 67.7608 288.025 61.8128 5.94799 6.78209 2.26688e+10 1.02052e+11 1.17104e+10 1.26368e+09 643780 1.37191e+06 3.0678e+09 0.0195112 5.51826e+14 0 0 7.10042e+06 2.36352e+07 0.558441 1.85888
120 6.78209 65.9282 263.074 59.9598 5.96849 7.10172 2.46403e+10 1.0572e+11 1.26295e+10 1.38188e+09 610662 1.39327e+06 3.19073e+09 0.0208896 5.22695e+14 0 0 7.53478e+06 2.40848e+07 0.54046 1.72758
121 7.10172 64.0442 239.617 58.06 5.9842 7.43642 2.67738e+10 1.09383e+11 1.36085e+10 1.51055e+09 578964 1.41449e+06 3.31696e+09 0.0219246 4.93833e+14 0 0 7.99045e+06 2.45125e+07 0.522714 1.60355
122 7.43642 62.1106 217.623 56.1159 5.99462 7.78689 2.90814e+10 1.1303e+11 1.46496e+10 1.65054e+09 548635 1.43556e+06 3.44645e+09 0.0236206 4.65311e+14 0 0 8.46807e+06 2.4917e+07 0.505217 1.48658
123 7.78689 60.1295 197.055 54.1302 5.99925 8.15387 3.15758e+10 1.16652e+11 1.57547e+10 1.80277e+09 519629 1.45645e+06 3.57916e+09 0.0254485 4.37201e+14 0 0 8.96831e+06 2.52973e+07 0.487982 1.37647
124 8.15387 58.1037 177.875 52.1061 5.99753 8.53815 3.42707e+10 1.20236e+11 1.69255e+10 1.96823e+09 491899 1.47713e+06 3.71505e+09 0.0274189 4.09578e+14 0 0 9.49188e+06 2.56356e+07 0.471027 1.27215
125 8.53815 56.0362 160.042 50.0474 5.98886 8.94054 3.71805e+10 1.23773e+11 1.81637e+10 2.14797e+09 465402 1.49757e+06 3.85405e+09 0.029543 3.82515e+14 0 0 1.00396e+07 2.58261e+07 0.454368 1.16883
126 8.94054 53.9307 143.51 47.9581 5.9726 9.36189 4.03205e+10 1.27249e+11 1.94703e+10 2.34312e+09 440094 1.51774e+06 3.99608e+09 0.0318327 3.56082e+14 0 0 1.06122e+07 2.58604e+07 0.438027 1.0674
127 9.36189 49.7362 128.328 43.8335 5.90263 9.80311 4.37068e+10 1.30658e+11 2.07915e+10 2.55487e+09 415932 1.53762e+06 4.14106e+09 0.0343011 3.30714e+14 0 0 1.08491e+07 2.58294e+07 0.408401 0.972316
128 9.80311 44.0898 114.423 38.3023 5.78753 10.2651 4.73563e+10 1.33991e+11 2.20758e+10 2.78453e+09 392877 1.55718e+06 4.28889e+09 0.0369623 3.05532e+14 0 0 1.07427e+07 2.57701e+07 0.368813 0.884728
129 10.2651 38.9114 101.646 33.2495 5.66196 10.7489 5.1287e+10 1.37238e+11 2.33185e+10 3.03345e+09 370887 1.57638e+06 4.43946e+09 0.0398314 2.81241e+14 0 0 1.06114e+07 2.56666e+07 0.33225 0.803642
130 10.7489 34.1903 89.9481 28.6644 5.52589 11.2555 5.55178e+10 1.40388e+11 2.45158e+10 3.30309e+09 349924 1.5952e+06 4.59264e+09 0.0440474 2.57897e+14 0 0 1.04572e+07 2.55111e+07 0.298614 0.728488
131 11.2555 29.9124 79.2753 24.533 5.3794 11.7859 6.00682e+10 1.43432e+11 2.56644e+10 3.59501e+09 329951 1.61362e+06 4.74831e+09 0.0479079 2.35547e+14 0 0 1.02829e+07 2.53053e+07 0.267798 0.65903
132 11.7859 26.0603 69.5742 20.8376 5.22268 12.3414 6.49591e+10 1.46361e+11 2.67616e+10 3.91086e+09 310932 1.63159e+06 4.9063e+09 0.0520926 2.14235e+14 0 0 1.00914e+07 2.50494e+07 0.239686 0.594963
133 12.3414 22.6138 60.7905 17.5578 5.05604 12.923 7.02121e+10 1.49167e+11 2.78056e+10 4.25239e+09 292830 1.64909e+06 5.06645e+09 0.0566264 1.94e+14 0 0 9.88639e+06 2.47389e+07 0.214156 0.535888
134 12.923 19.5502 52.87 14.6702 4.87993 13.5321 7.58497e+10 1.51843e+11 2.87951e+10 4.62146e+09 275611 1.66609e+06 5.2286e+09 0.061537 1.7487e+14 0 0 9.67209e+06 2.43719e+07 0.191079 0.481484
135 13.5321 16.8446 45.7586 12.1496 4.69498 14.1698 8.18955e+10 1.54383e+11 2.97301e+10 5.02005e+09 259242 1.68256e+06 5.39254e+09 0.066854 1.56869e+14 0 0 9.45309e+06 2.39521e+07 0.170321 0.431555
136 14.1698 14.4707 39.4027 9.96877 4.50192 14.8376 8.83739e+10 1.56781e+11 3.06107e+10 5.45023e+09 243689 1.69847e+06 5.55809e+09 0.0726088 1.40013e+14 0 0 9.23454e+06 2.3474e+07 0.151743 0.385727
137 14.8376 12.4044 33.7488 8.10259 4.3018 15.5369 9.53103e+10 1.59033e+11 3.14384e+10 5.91421e+09 228922 1.71379e+06 5.72501e+09 0.078835 1.24341e+14 0 0 9.02438e+06 2.29423e+07 0.135242 0.343819
138 15.5369 10.6801 28.7405 6.55671 4.12343 16.2691 1.02731e+11 1.61136e+11 3.22198e+10 6.41433e+09 214909 1.7285e+06 5.84458e+09 0.0855691 1.09984e+14 0 0 8.80794e+06 2.2351e+07 0.120384 0.305485
139 16.2691 9.26282 24.329 5.27662 3.9862 17.0358 1.10663e+11 1.63088e+11 3.29629e+10 6.95303e+09 201621 1.74257e+06 5.8019e+09 0.0928496 9.65563e+13 0 0 8.54829e+06 2.17335e+07 0.106555 0.270909
140 17.0358 8.05436 20.4657 4.21186 3.8425 17.8387 1.19135e+11 1.64888e+11 3.36714e+10 7.53292e+09 189027 1.75597e+06 5.75745e+09 0.100718 8.42715e+13 0 0 8.33391e+06 2.11089e+07 0.0947419 0.239971
141 17.8387 7.04454 17.1014 3.34627 3.69828 18.6794 1.28175e+11 1.66537e+11 3.43509e+10 8.1567e+09 177100 1.76867e+06 5.71129e+09 0.109219 7.32473e+13 0 0 8.17957e+06 2.04886e+07 0.0848055 0.212425
142 18.6794 6.28964 14.1873 2.66229 3.62735 19.5598 1.37813e+11 1.68038e+11 3.5016e+10 8.82725e+09 165812 1.78065e+06 5.43317e+09 0.123418 6.29091e+13 0 0 7.99052e+06 1.98328e+07 0.0755559 0.187533
143 19.5598 5.54284 11.687 2.07111 3.47173 20.4816 1.48079e+11 1.69393e+11 3.56588e+10 9.54758e+09 155137 1.79189e+06 5.37888e+09 0.133918 5.37927e+13 0 0 7.94132e+06 1.92148e+07 0.0684835 0.165702
144 20.4816 4.90484 9.55386 1.59306 3.31178 21.4469 1.59003e+11 1.70608e+11 3.62824e+10 1.03208e+10 145048 1.80236e+06 5.32368e+09 0.14525 4.56565e+13 0 0 7.95594e+06 1.86235e+07 0.0625727 0.146472
145 21.4469 4.35677 7.74674 1.20943 3.14734 22.4576 1.70618e+11 1.71688e+11 3.68898e+10 1.11504e+10 135520 1.81205e+06 5.26754e+09 0.157475 3.8449e+13 0 0 8.04037e+06 1.80515e+07 0.0576726 0.129481
146 22.4576 3.8822 6.22765 0.904098 2.9781 23.516 1.82955e+11 1.7264e+11 3.74833e+10 1.20396e+10 126529 1.82093e+06 5.21052e+09 0.170657 3.21139e+13 0 0 8.2014e+06 1.75005e+07 0.0536514 0.114484
147 23.516 3.46715 4.96109 0.663357 2.8038 24.6243 1.96046e+11 1.73471e+11 3.80644e+10 1.29921e+10 118050 1.82899e+06 5.15268e+09 0.184862 2.65913e+13 0 0 8.44685e+06 1.69694e+07 0.0503951 0.101242
148 24.6243 3.10004 3.91419 0.475655 2.62439 25.7848 2.09924e+11 1.74191e+11 3.86341e+10 1.40117e+10 110061 1.83621e+06 5.094e+09 0.200165 2.18182e+13 0 0 8.78588e+06 1.64588e+07 0.0478056 0.0895553
149 25.7848 2.77144 3.05677 0.331282 2.44016 27 2.24622e+11 1.74807e+11 3.91926e+10 1.51024e+10 102538 1.84257e+06 5.03454e+09 0.216642 1.77302e+13 0 0 9.22936e+06 1.59691e+07 0.0458 0.0792453
150 27 2.47389 2.36131 0.222081 2.25181 28.2725 2.40172e+11 1.75328e+11 3.97393e+10 1.62683e+10 95461.7 1.84807e+06 4.97436e+09 0.234373 1.42621e+13 0 0 9.79032e+06 1.55038e+07 0.0443088 0.0701668
151 28.2725 2.20173 1.80303 0.141187 2.06054 29.6049 2.56608e+11 1.75765e+11 4.02727e+10 1.75136e+10 88809.2 1.8527e+06 4.91348e+09 0.253445 1.13491e+13 0 0 1.04844e+07 1.50575e+07 0.0432751 0.0621508
152 29.6049 1.95075 1.35977 0.0828178 1.86793 31.0001 2.73961e+11 1.76126e+11 4.07909e+10 1.88428e+10 82560.6 1.85644e+06 4.85193e+09 0.273952 8.92814e+12 0 0 1.13306e+07 1.46361e+07 0.0426527 0.0550958
153 31.0001 1.71804 1.01192 0.0421026 1.67593 32.4611 2.92265e+11 1.76421e+11 4.12913e+10 2.02605e+10 76696.3 1.8593e+06 4.78977e+09 0.295988 6.93822e+12 0 0 1.23518e+07 1.42411e+07 0.0424057 0.0488919
154 32.4611 1.50168 0.742363 0.0149587 1.48672 33.991 3.11551e+11 1.76658e+11 4.17709e+10 2.17715e+10 71197 1.86126e+06 4.72706e+09 0.319659 5.3217e+12 0 0 1.3576e+07 1.38761e+07 0.0425075 0.043447
155 33.991 1.30057 0.536262 0 1.30057 35.5929 3.31851e+11 1.76846e+11 4.22264e+10 2.33809e+10 66044.4 1.86233e+06 4.66381e+09 0.345073 4.02466e+12 0 0 1.50373e+07 1.34623e+07 0.0429401 0.0384427
156 35.5929 1.11418 0.380958 0 1.11418 37.2704 3.53195e+11 1.76992e+11 4.26542e+10 2.50937e+10 61220.7 1.86251e+06 4.60007e+09 0.372348 2.9976e+12 0 0 1.67777e+07 1.30506e+07 0.0436943 0.0339878
157 37.2704 0.942385 0.265765 0 0.942385 39.0269 3.75615e+11 1.77104e+11 4.3051e+10 2.69154e+10 56708.7 1.8618e+06 4.53592e+09 0.401605 2.19567e+12 0 0 1.88491e+07 1.26362e+07 0.0447696 0.0300131
158 39.0269 0.785301 0.181786 0 0.785301 40.8662 3.99139e+11 1.77188e+11 4.34135e+10 2.88514e+10 52491.8 1.86021e+06 4.47139e+09 0.432977 1.57896e+12 0 0 2.13163e+07 1.22139e+07 0.0461748 0.0264574
159 40.8662 0.643202 0.121715 0 0.643202 42.7921 4.23795e+11 1.7725e+11 4.37391e+10 3.09075e+10 48554.2 1.85774e+06 4.40654e+09 0.4666 1.11254e+12 0 0 2.42607e+07 1.1778e+07 0.0479289 0.0232683
160 42.7921 0.516435 0.0796369 0 0.516435 44.8088 4.49611e+11 1.77294e+11 4.40257e+10 3.30896e+10 44880.4 1.8544e+06 4.34139e+09 0.502624 7.66269e+11 0 0 2.77852e+07 1.13219e+07 0.0500618 0.0203992
161 44.8088 0.40534 0.050836 0 0.40534 46.9206 4.76612e+11 1.77325e+11 4.42724e+10 3.54037e+10 41455.8 1.85022e+06 4.27602e+09 0.541203 5.14581e+11 0 0 3.20191e+07 1.08381e+07 0.0526141 0.0178093
162 46.9206 0.31014 0.0316157 0 0.31014 49.1319 5.04823e+11 1.77346e+11 4.44793e+10 3.78564e+10 38266.1 1.8452e+06 4.21048e+09 0.582504 3.35886e+11 0 0 3.71253e+07 1.03185e+07 0.055637 0.0154635
163 49.1319 0.230583 0.0191221 0 0.230583 51.4474 5.34267e+11 1.7736e+11 4.4648e+10 4.04539e+10 35298 1.83936e+06 4.14482e+09 0.626699 2.16367e+11 0 0 4.3274e+07 9.75395e+06 0.0591454 0.0133313
164 51.4474 0.159928 0.0108964 0 0.159928 53.8721 5.64966e+11 1.77369e+11 4.47763e+10 4.32031e+10 32538.2 1.83272e+06 4.0791e+09 0.673977 2.67828e+11 0 0 4.87709e+07 9.22363e+06 0.0607931 0.0114973
165 53.8721 0.11123 0.00667845 0 0.11123 56.411 5.96939e+11 1.77374e+11 4.48742e+10 4.6111e+10 29974.5 1.8253e+06 4.01334e+09 0.724538 1.78481e+11 0 0 5.71189e+07 8.5637e+06 0.0649341 0.00973542
166 56.411 0.0752461 0.00378805 0 0.0752461 59.0696 6.30205e+11 1.77378e+11 4.49467e+10 4.91845e+10 27594.9 1.81713e+06 3.94765e+09 0.778585 1.10511e+11 0 0 6.74893e+07 7.81406e+06 0.0699726 0.00810159
167 59.0696 0.0513355 0.00232622 0 0.0513355 61.8534 6.6478e+11 1.77381e+11 4.5001e+10 5.24313e+10 25388.1 1.80823e+06 3.88203e+09 0.836348 0 0 0 8.27591e+07 6.84274e+06 0.0782545 0.00647029
168 61.8534 0.0319128 0.000857528 0 0.0319128 64.7685 7.00679e+11 1.77382e+11 4.5038e+10 5.58588e+10 23343.3 1.79863e+06 3.81656e+09 0.898062 3.43447e+10 0 0 9.62737e+07 5.95786e+06 0.0830235 0.00513788
169 64.7685 0.0208043 0.000586795 0 0.0208043 67.8209 7.37915e+11 1.77382e+11 4.50645e+10 5.94749e+10 21450.2 1.78836e+06 3.75128e+09 0.963979 0 0 0 1.19613e+08 4.62674e+06 0.0940741 0.00363889
170 67.8209 0.0122453 0.0001836 0 0.0122453 71.0172 7.76497e+11 1.77383e+11 4.50816e+10 6.32879e+10 19699 1.77744e+06 3.84109e+09 0.992671 9.17984e+09 0 0 1.38725e+08 3.50622e+06 0.0995058 0.00251497
171 71.0172 0.00759597 0.000111498 0 0.00759597 74.3642 8.16436e+11 1.77383e+11 4.50932e+10 6.7306e+10 18080.4 1.76592e+06 3.76873e+09 1.06617 0 0 0 1.68294e+08 1.95738e+06 0.110094 0.00128047
172 74.3642 0.00464718 0 0 0.00464718 77.8689 8.57738e+11 1.77383e+11 4.5101e+10 7.1538e+10 16585.5 1.75383e+06 3.69663e+09 1.14482 1.69576e+09 0 0 2.00315e+08 314738 0.119511 0.000187777
173 77.8689 0.00247958 6.07375e-06 0 0.00247958 81.5387 9.00407e+11 1.77383e+11 4.51055e+10 7.59928e+10 15206.2 1.74119e+06 3.62489e+09 1.22897 0 0 0 2.04137e+08 0 0.111074 0
174 81.5387 0.00124261 0 0 0.00124261 85.3815 9.44447e+11 1.77383e+11 4.5108e+10 8.06799e+10 13934.3 1.72805e+06 3.55356e+09 1.31898 0 0 0 2.01995e+08 0 0.100239 0
175 85.3815 0.000603856 0 0 0.000603856 89.4054 9.89859e+11 1.77383e+11 4.51094e+10 8.56088e+10 12762.5 1.71445e+06 3.4827e+09 1.41526 0 0 0 1.9736e+08 0 0.089321 0
176 89.4054 0.000284149 0 0 0.000284149 93.6189 1.03664e+12 1.77383e+11 4.511e+10 9.07896e+10 11683.7 1.70041e+06 3.4124e+09 1.51822 0 0 0 1.92747e+08 0 0.0795576 0
177 93.6189 0.000129277 0 0 0.000129277 98.0311 1.08479e+12 1.77383e+11 4.51104e+10 9.62327e+10 10691.3 1.68599e+06 3.34273e+09 1.62834 0 0 0 1.88115e+08 0 0.0708137 0
178 98.0311 5.67767e-05 0 0 5.67767e-05 102.651 1.1343e+12 1.77383e+11 4.51106e+10 1.01949e+11 9779.09 1.67122e+06 3.27373e+09 1.74611 0 0 0 1.83407e+08 0 0.0629666 0
179 102.651 2.40313e-05 0 0 2.40313e-05 107.489 1.18517e+12 1.77383e+11 4.51106e+10 1.0795e+11 8941.12 1.65613e+06 3.20549e+09 1.87203 0 0 0 1.78713e+08 0 0.0559564 0
180 107.489 9.78566e-06 0 0 9.78566e-06 112.555 1.23739e+12 1.77383e+11 4.51107e+10 1.14247e+11 8171.93 1.64078e+06 3.13804e+09 2.0067 0 0 0 1.73973e+08 0 0.0496792 0
181 112.555 3.82667e-06 0 0 3.82667e-06 117.859 1.29094e+12 1.77383e+11 4.51107e+10 1.20853e+11 7466.35 1.6252e+06 3.07144e+09 2.15071 0 0 0 1.69185e+08 0 0.044061 0
182 117.859 1.43432e-06 0 0 1.43432e-06 123.414 1.34582e+12 1.77383e+11 4.51107e+10 1.2778e+11 6819.55 1.60942e+06 3.00575e+09 2.30472 0 0 0 1.64421e+08 0 0.0390527 0
183 123.414 5.14282e-07 0 0 5.14282e-07 129.23 1.40201e+12 1.77383e+11 4.51107e+10 1.35043e+11 6227.01 1.5935e+06 2.94103e+09 2.46943 0 0 0 1.59507e+08 0 0.0345519 0
184 129.23 1.76029e-07 0 0 1.76029e-07 135.321 1.4595e+12 1.77383e+11 4.51107e+10 1.42655e+11 5684.53 1.57748e+06 2.92626e+09 2.60134 0 0 0 1.54975e+08 0 0.0306166 0
185 135.321 5.73911e-08 0 0 5.73911e-08 141.698 1.51828e+12 1.77383e+11 4.51107e+10 1.50632e+11 5188.16 1.56138e+06 2.83914e+09 2.80959 0 0 0 1.5032e+08 0 0.0270839 0
186 141.698 1.77826e-08 0 0 1.77826e-08 148.376 1.57832e+12 1.77383e+11 4.51107e+10 1.58989e+11 4734.26 1.54526e+06 2.75407e+09 3.03453 0 0 0 1.45575e+08 0 0.0239211 0
187 148.376 5.2239e-09 0 0 5.2239e-09 155.369 1.6396e+12 1.77383e+11 4.51107e+10 1.67744e+11 4319.41 1.52915e+06 2.67111e+09 3.27754 0 0 0 1.39447e+08 0 0.0208979 0
188 155.369 1.4513e-09 0 0 1.4513e-09 162.691 1.70212e+12 1.77383e+11 4.51107e+10 1.76914e+11 3940.46 1.51309e+06 2.59034e+09 3.54002 0 0 0 1.33316e+08 0 0.0182212 0
189 162.691 3.80315e-10 0 0 3.80315e-10 170.358 1.76584e+12 1.77383e+11 4.51107e+10 1.86518e+11 3594.48 1.49712e+06 2.51179e+09 3.82355 0 0 0 1.27389e+08 0 0.0158791 0
190 170.358 9.37477e-11 0 0 9.37477e-11 178.387 1.83074e+12 1.77383e+11 4.51107e+10 1.96576e+11 3278.73 1.48128e+06 2.43553e+09 4.1298 0 0 0 1.21264e+08 0 0.0137856 0
191 178.387 2.16751e-11 0 0 2.16751e-11 186.794 1.89681e+12 1.77383e+11 4.51107e+10 2.0711e+11 2990.72 1.46561e+06 2.36157e+09 4.46058 0 0 0 1.15345e+08 0 0.0119589 0
192 186.794 4.68635e-12 0 0 4.68635e-12 195.598 1.96402e+12 1.77383e+11 4.51107e+10 2.18142e+11 2728.11 1.45013e+06 2.28995e+09 4.81783 0 0 0 1.09198e+08 0 0.0103255 0
193 195.598 9.44528e-13 0 0 9.44528e-13 204.816 2.03234e+12 1.77383e+11 4.51107e+10 2.29698e+11 2488.75 1.4349e+06 2.22068e+09 5.20367 0 0 0 1.03289e+08 0 0.00890737 0
194 204.816 1.76875e-13 0 0 1.76875e-13 214.469 2.10176e+12 1.77383e+11 4.51107e+10 2.41803e+11 2270.66 1.41993e+06 2.15378e+09 5.62039 0 0 0 9.73754e+07 0 0.00765848 0
195 214.469 3.0668e-14 0 0 3.0668e-14 224.576 2.17225e+12 1.77383e+11 4.51107e+10 2.54486e+11 2072.02 1.40528e+06 2.04241e+09 6.20964 0 0 0 9.11972e+07 0 0.00654146 0
196 224.576 4.9057e-15 0 0 4.9057e-15 235.16 2.24378e+12 1.77383e+11 4.51107e+10 2.67776e+11 1891.14 1.39096e+06 1.97356e+09 6.73426 0 0 0 8.47578e+07 0 0.00554464 0
197 235.16 7.21218e-16 0 0 7.21218e-16 246.243 2.31632e+12 1.77383e+11 4.51107e+10 2.81707e+11 1726.48 1.37702e+06 1.90766e+09 7.30259 0 0 0 7.86216e+07 0 0.00469067 0
198 246.243 9.70636e-17 0 0 9.70636e-17 257.848 2.38987e+12 1.77383e+11 4.51107e+10 2.96313e+11 1576.62 1.36349e+06 1.84467e+09 7.91812 0 0 0 7.21306e+07 0 0.00392476 0
199 257.848 1.19087e-17 0 0 1.19087e-17 270 2.46437e+12 1.77383e+11 4.51107e+10 3.11633e+11 1440.25 1.35039e+06 1.78457e+09 8.58457 0 0 0 6.60488e+07 0 0.00327762 0
