#i RadiusInner RadiusOuter RadiusIso SDensityCold SDensityStar SDensityColdMolecular SDensityColdAtomic MassProfHalo MassProfStar MassProfCold MassProfHot DensityProfHot TemperatureProfHot CoolingRate CoolingTime SDensitySFR SDensityOFR SDensityCAR StellarAge MassProfDM MassProfDMContracted MassMetalCold MassMetalStar SDensityMetalCold SDensityMetalStar MetallicityCold MetallicityStar MassStar MassHalo
0 0.0146214 0.0153105 0.891015 5584.81 0 0 5584.81 65859.4 0 361882 5.37857e-05 3.57773 1745.76 1.00892e-07 533.101 0 0 1.01885e+07 nan 0 0 0 0 0 0 0 0 0 9.98918e+10
1 0.0153105 0.0160321 0.933007 5565.61 0 0 5565.61 72206.7 0 757314 6.17524e-05 3.57753 1745.7 1.49437e-08 533.111 0 0 1.0186e+07 nan 0 0 0 0 0 0 0 0 0 9.98918e+10
2 0.0160321 0.0167877 0.976978 5545.65 0 0 5545.65 79165.3 0 1.18934e+06 7.08988e-05 3.57732 1745.63 1.71564e-08 533.122 0 0 1.01833e+07 nan 0 0 0 0 0 0 0 0 0 9.98918e+10
3 0.0167877 0.0175788 1.02302 5524.91 0 0 5524.91 86794.1 0 1.66128e+06 8.13997e-05 3.5771 1745.56 1.96965e-08 533.133 0 0 1.01804e+07 nan 0 0 0 0 0 0 0 0 0 9.98918e+10
4 0.0175788 0.0184073 1.07124 5503.38 0 0 5503.38 95157.6 0 2.17673e+06 9.34555e-05 3.57687 1745.48 2.26127e-08 533.144 0 0 1.01775e+07 nan 0 0 0 0 0 0 0 0 0 9.98918e+10
5 0.0184073 0.0192748 1.12172 5481.01 0 0 5481.01 104327 0 2.73962e+06 0.000107297 3.57663 1745.4 2.59605e-08 533.156 0 0 1.01744e+07 nan 0 0 0 0 0 0 0 0 0 9.98918e+10
6 0.0192748 0.0201832 1.17459 5457.8 0 0 5457.8 114378 0 3.35419e+06 0.000123187 3.57638 1745.32 2.98039e-08 533.169 0 0 1.01712e+07 nan 0 0 0 0 0 0 0 0 0 9.98918e+10
7 0.0201832 0.0211344 1.22994 5433.72 0 0 5433.72 125398 0 4.02509e+06 0.00014143 3.57611 1745.24 3.42161e-08 533.182 0 0 1.01678e+07 nan 0 0 0 0 0 0 0 0 0 9.98918e+10
8 0.0211344 0.0221304 1.28791 5408.73 0 0 5408.73 137478 0 4.75733e+06 0.000162375 3.57583 1745.15 3.92812e-08 533.195 0 0 1.01642e+07 nan 0 0 0 0 0 0 0 0 0 9.98918e+10
9 0.0221304 0.0231734 1.34861 5382.83 0 0 5382.83 150722 0 5.55638e+06 0.000186421 3.57554 1745.05 4.5096e-08 533.21 0 0 1.01605e+07 nan 0 0 0 0 0 0 0 0 0 9.98918e+10
10 0.0231734 0.0242655 1.41216 5355.99 0 0 5355.99 165240 0 6.42814e+06 0.000214026 3.57524 1744.95 5.17713e-08 533.225 0 0 1.01566e+07 nan 0 0 0 0 0 0 0 0 0 9.98918e+10
11 0.0242655 0.0254091 1.47872 5328.18 0 0 5328.18 181155 0 7.37905e+06 0.000245719 3.57492 1744.85 5.94344e-08 533.241 0 0 1.01526e+07 nan 0 0 0 0 0 0 0 0 0 9.98918e+10
12 0.0254091 0.0266066 1.54841 5299.38 0 0 5299.38 198602 0 8.41606e+06 0.000282104 3.57459 1744.74 6.82313e-08 533.257 0 0 1.01483e+07 nan 0 0 0 0 0 0 0 0 0 9.98918e+10
13 0.0266066 0.0278606 1.62138 5269.57 0 0 5269.57 217727 0 9.54673e+06 0.000323875 3.57424 1744.63 7.83299e-08 533.275 0 0 1.01438e+07 nan 0 0 0 0 0 0 0 0 0 9.98918e+10
14 0.0278606 0.0291736 1.69779 5238.73 0 0 5238.73 238692 0 1.07792e+07 0.00037183 3.57388 1744.51 8.99225e-08 533.293 0 0 1.01392e+07 nan 0 0 0 0 0 0 0 0 0 9.98918e+10
15 0.0291736 0.0305485 1.77781 5206.84 0 0 5206.84 261674 0 1.21224e+07 0.000426884 3.5735 1744.39 1.0323e-07 533.312 0 0 1.01343e+07 nan 0 0 0 0 0 0 0 0 0 9.98918e+10
16 0.0305485 0.0319882 1.86159 5173.87 0 0 5173.87 286867 0 1.35858e+07 0.000490087 3.5731 1744.26 1.18506e-07 533.332 0 0 1.01292e+07 nan 0 0 0 0 0 0 0 0 0 9.98918e+10
17 0.0319882 0.0334958 1.94933 5139.8 0 0 5139.8 314482 0 1.51799e+07 0.000562646 3.57268 1744.12 1.36042e-07 533.352 0 0 1.01238e+07 nan 0 0 0 0 0 0 0 0 0 9.98918e+10
18 0.0334958 0.0350744 2.0412 5104.63 0 0 5104.63 344752 0 1.69158e+07 0.000645944 3.57224 1743.98 1.56172e-07 533.374 0 0 1.01182e+07 nan 0 0 0 0 0 0 0 0 0 9.98918e+10
19 0.0350744 0.0367274 2.1374 5068.33 0 0 5068.33 377932 0 1.88056e+07 0.000741571 3.57178 1743.83 1.79279e-07 533.397 0 0 1.01124e+07 nan 0 0 0 0 0 0 0 0 0 9.98918e+10
20 0.0367274 0.0384583 2.23813 5030.88 0 0 5030.88 414302 0 2.08625e+07 0.00085135 3.5713 1743.67 2.05803e-07 533.421 0 0 1.01063e+07 nan 0 0 0 0 0 0 0 0 0 9.98918e+10
21 0.0384583 0.0402708 2.34361 4992.26 0 0 4992.26 454167 0 2.31005e+07 0.000977376 3.5708 1743.51 2.36249e-07 533.446 0 0 1.00998e+07 nan 0 0 0 0 0 0 0 0 0 9.98918e+10
22 0.0402708 0.0421687 2.45406 4952.47 0 0 4952.47 497862 0 2.55348e+07 0.00112205 3.57028 1743.34 2.71197e-07 533.472 0 0 1.00931e+07 nan 0 0 0 0 0 0 0 0 0 9.98918e+10
23 0.0421687 0.044156 2.56971 4911.5 0 0 4911.5 545754 0 2.81819e+07 0.00128814 3.56973 1743.16 3.11311e-07 533.499 0 0 1.00861e+07 nan 0 0 0 0 0 0 0 0 0 9.98918e+10
24 0.044156 0.046237 2.69082 4869.32 0 0 4869.32 598247 0 3.10595e+07 0.0014788 3.56915 1742.97 3.57356e-07 533.528 0 0 1.00788e+07 nan 0 0 0 0 0 0 0 0 0 9.98918e+10
25 0.046237 0.0484161 2.81764 4825.93 0 0 4825.93 655780 0 3.41866e+07 0.00169767 3.56855 1742.77 4.10208e-07 533.558 0 0 1.00711e+07 nan 0 0 0 0 0 0 0 0 0 9.98918e+10
26 0.0484161 0.0506979 2.95043 4781.33 0 0 4781.33 718836 0 3.75837e+07 0.00194892 3.56792 1742.57 4.7087e-07 533.59 0 0 1.0063e+07 nan 0 0 0 0 0 0 0 0 0 9.98918e+10
27 0.0506979 0.0530872 3.08948 4735.5 0 0 4735.5 787945 0 4.12728e+07 0.00223734 3.56726 1742.35 5.40498e-07 533.623 0 0 1.00546e+07 nan 0 0 0 0 0 0 0 0 0 9.98918e+10
28 0.0530872 0.0555891 3.23508 4688.44 0 0 4688.44 863686 0 4.52777e+07 0.00256843 3.56656 1742.13 6.20414e-07 533.657 0 0 1.00458e+07 nan 0 0 0 0 0 0 0 0 0 9.98918e+10
29 0.0555891 0.058209 3.38754 4640.15 0 0 4640.15 946693 0 4.96237e+07 0.00294849 3.56584 1741.89 7.12138e-07 533.693 0 0 1.00366e+07 nan 0 0 0 0 0 0 0 0 0 9.98918e+10
30 0.058209 0.0609523 3.54719 4590.63 0 0 4590.63 1.03766e+06 0 5.43381e+07 0.00338477 3.56508 1741.65 8.17413e-07 533.731 0 0 1.00269e+07 nan 0 0 0 0 0 0 0 0 0 9.98918e+10
31 0.0609523 0.0638249 3.71437 4539.88 0 0 4539.88 1.13735e+06 0 5.94503e+07 0.00388557 3.56429 1741.39 9.38237e-07 533.77 0 0 1.00169e+07 nan 0 0 0 0 0 0 0 0 0 9.98918e+10
32 0.0638249 0.0668329 3.88942 4487.9 0 0 4487.9 1.2466e+06 0 6.49915e+07 0.00446044 3.56346 1741.12 1.07691e-06 533.812 0 0 1.00063e+07 nan 0 0 0 0 0 0 0 0 0 9.98918e+10
33 0.0668329 0.0699826 4.07272 4434.7 0 0 4434.7 1.36631e+06 0 7.09952e+07 0.00512031 3.56259 1740.83 1.23605e-06 533.855 0 0 9.99527e+06 nan 0 0 0 0 0 0 0 0 0 9.98918e+10
34 0.0699826 0.0732808 4.26466 4380.3 0 0 4380.3 1.49749e+06 0 7.74975e+07 0.00587775 3.56168 1740.54 1.41869e-06 533.901 0 0 9.98373e+06 nan 0 0 0 0 0 0 0 0 0 9.98918e+10
35 0.0732808 0.0767344 4.46565 4324.69 0 0 4324.69 1.64124e+06 0 8.45365e+07 0.00674718 3.56073 1740.23 1.6283e-06 533.948 0 0 9.97166e+06 nan 0 0 0 0 0 0 0 0 0 9.98918e+10
36 0.0767344 0.0803508 4.67611 4267.89 0 0 4267.89 1.79874e+06 0 9.21533e+07 0.00774514 3.55973 1739.9 1.86884e-06 533.998 0 0 9.95903e+06 nan 0 0 0 0 0 0 0 0 0 9.98918e+10
37 0.0803508 0.0841376 4.89649 4209.92 0 0 4209.92 1.97132e+06 0 1.00392e+08 0.00889061 3.55869 1739.56 2.14488e-06 534.05 0 0 9.94583e+06 nan 0 0 0 0 0 0 0 0 0 9.98918e+10
38 0.0841376 0.0881029 5.12725 4150.8 0 0 4150.8 2.16041e+06 0 1.09298e+08 0.0102054 3.5576 1739.21 2.46164e-06 534.105 0 0 9.93203e+06 nan 0 0 0 0 0 0 0 0 0 9.98918e+10
39 0.0881029 0.092255 5.36889 4090.54 0 0 4090.54 2.36758e+06 0 1.18921e+08 0.0117145 3.55646 1738.84 2.82514e-06 534.162 0 0 9.91759e+06 nan 0 0 0 0 0 0 0 0 0 9.98918e+10
40 0.092255 0.0966029 5.62192 4029.18 0 0 4029.18 2.59454e+06 0 1.29315e+08 0.0134465 3.55527 1738.45 3.24224e-06 534.222 0 0 9.9025e+06 nan 0 0 0 0 0 0 0 0 0 9.98918e+10
41 0.0966029 0.101156 5.88688 3966.73 0 0 3966.73 2.84319e+06 0 1.40535e+08 0.0154345 3.55402 1738.04 3.72084e-06 534.284 0 0 9.88672e+06 nan 0 0 0 0 0 0 0 0 0 9.98918e+10
42 0.101156 0.105923 6.16432 3903.22 0 0 3903.22 3.11559e+06 0 1.52641e+08 0.0177162 3.55271 1737.61 4.27e-06 534.35 0 0 9.87022e+06 nan 0 0 0 0 0 0 0 0 0 9.98918e+10
43 0.105923 0.110915 6.45483 3838.69 0 0 3838.69 3.41399e+06 0 1.65695e+08 0.0203349 3.55134 1737.17 4.9001e-06 534.418 0 0 9.85298e+06 nan 0 0 0 0 0 0 0 0 0 9.98918e+10
44 0.110915 0.116142 6.75904 3773.16 0 0 3773.16 3.74085e+06 0 1.79764e+08 0.0233404 3.54991 1736.7 5.62305e-06 534.49 0 0 9.83495e+06 nan 0 0 0 0 0 0 0 0 0 9.98918e+10
45 0.116142 0.121616 7.07758 3706.68 0 0 3706.68 4.09888e+06 0 1.94918e+08 0.0267896 3.54841 1736.21 6.45249e-06 534.565 0 0 9.81611e+06 nan 0 0 0 0 0 0 0 0 0 9.98918e+10
46 0.121616 0.127347 7.41114 3639.29 0 0 3639.29 4.49103e+06 0 2.11233e+08 0.0307482 3.54685 1735.7 7.40409e-06 534.644 0 0 9.79642e+06 nan 0 0 0 0 0 0 0 0 0 9.98918e+10
47 0.127347 0.133349 7.76041 3571.02 0 0 3571.02 4.92053e+06 0 2.28786e+08 0.0352911 3.54521 1735.17 8.49579e-06 534.726 0 0 9.77585e+06 nan 0 0 0 0 0 0 0 0 0 9.98918e+10
48 0.133349 0.139634 8.12615 3501.92 0 0 3501.92 5.39091e+06 0 2.4766e+08 0.0405046 3.54349 1734.61 9.74819e-06 534.813 0 0 9.75435e+06 nan 0 0 0 0 0 0 0 0 0 9.98918e+10
49 0.139634 0.146214 8.50912 3432.04 0 0 3432.04 5.90603e+06 0 2.67942e+08 0.0464874 3.5417 1734.02 1.11849e-05 534.903 0 0 9.73189e+06 nan 0 0 0 0 0 0 0 0 0 9.98918e+10
50 0.146214 0.153105 8.91015 3361.43 0 0 3361.43 6.47013e+06 0 2.89723e+08 0.0533529 3.53982 1733.41 1.28329e-05 534.997 0 0 9.70843e+06 nan 0 0 0 0 0 0 0 0 0 9.98918e+10
51 0.153105 0.160321 9.33007 3290.14 0 0 3290.14 7.08781e+06 0 3.13099e+08 0.0612313 3.53786 1732.77 1.47232e-05 535.096 0 0 9.68392e+06 nan 0 0 0 0 0 0 0 0 0 9.98918e+10
52 0.160321 0.167877 9.76978 3218.23 0 0 3218.23 7.76412e+06 0 3.38171e+08 0.0702716 3.53581 1732.1 1.68914e-05 535.2 0 0 9.65833e+06 nan 0 0 0 0 0 0 0 0 0 9.98918e+10
53 0.167877 0.175788 10.2302 3145.76 0 0 3145.76 8.50459e+06 0 3.65042e+08 0.0806449 3.53366 1731.4 1.93783e-05 535.308 0 0 9.6316e+06 nan 0 0 0 0 0 0 0 0 0 9.98918e+10
54 0.175788 0.184073 10.7124 3072.78 0 0 3072.78 9.31524e+06 0 3.93822e+08 0.0925476 3.53141 1730.66 2.22304e-05 535.422 0 0 9.60369e+06 nan 0 0 0 0 0 0 0 0 0 9.98918e+10
55 0.184073 0.192748 11.2172 2999.36 0 0 2999.36 1.02027e+07 0 4.24624e+08 0.106205 3.52907 1729.9 2.55013e-05 535.54 0 0 9.57455e+06 nan 0 0 0 0 0 0 0 0 0 9.98918e+10
56 0.192748 0.201832 11.7459 2925.57 0 0 2925.57 1.1174e+07 0 4.57568e+08 0.121874 3.52661 1729.09 2.92522e-05 535.665 0 0 9.54413e+06 nan 0 0 0 0 0 0 0 0 0 9.98918e+10
57 0.201832 0.211344 12.2994 2851.47 0 0 2851.47 1.22373e+07 0 4.92775e+08 0.139852 3.52404 1728.25 3.35534e-05 535.795 0 0 9.51238e+06 nan 0 0 0 0 0 0 0 0 0 9.98918e+10
58 0.211344 0.221304 12.8791 2777.14 0 0 2777.14 1.34009e+07 0 5.30372e+08 0.160477 3.52136 1727.38 3.84854e-05 535.931 0 0 9.47925e+06 nan 0 0 0 0 0 0 0 0 0 9.98918e+10
59 0.221304 0.231734 13.4861 2702.65 0 0 2702.65 1.46743e+07 0 5.70491e+08 0.18414 3.51855 1726.46 4.41402e-05 536.073 0 0 9.44468e+06 nan 0 0 0 0 0 0 0 0 0 9.98918e+10
60 0.231734 0.242655 14.1216 2628.08 0 0 2628.08 1.60678e+07 0 6.13267e+08 0.211285 3.51562 1725.5 5.06234e-05 536.222 0 0 9.40862e+06 nan 0 0 0 0 0 0 0 0 0 9.98918e+10
61 0.242655 0.254091 14.7872 2553.49 0 0 2553.49 1.75924e+07 0 6.58838e+08 0.242425 3.51255 1724.5 5.80559e-05 536.378 0 0 9.37101e+06 nan 0 0 0 0 0 0 0 0 0 9.98918e+10
62 0.254091 0.266066 15.4841 2478.97 0 0 2478.97 1.92604e+07 0 7.07348e+08 0.278146 3.50935 1723.45 6.6576e-05 536.541 0 0 9.33178e+06 nan 0 0 0 0 0 0 0 0 0 9.98918e+10
63 0.266066 0.278606 16.2138 2404.6 0 0 2404.6 2.10851e+07 0 7.58942e+08 0.319119 3.506 1722.35 7.63422e-05 536.712 0 0 9.29088e+06 nan 0 0 0 0 0 0 0 0 0 9.98918e+10
64 0.278606 0.291736 16.9779 2330.46 0 0 2330.46 2.3081e+07 0 8.1377e+08 0.366117 3.5025 1721.2 8.75359e-05 536.891 0 0 9.24825e+06 nan 0 0 0 0 0 0 0 0 0 9.98918e+10
65 0.291736 0.305485 17.7781 2256.62 0 0 2256.62 2.52639e+07 0 8.71983e+08 0.42002 3.49884 1720 0.000100365 537.078 0 0 9.20381e+06 nan 0 0 0 0 0 0 0 0 0 9.98918e+10
66 0.305485 0.319882 18.6159 2183.16 0 0 2183.16 2.7651e+07 0 9.33734e+08 0.481842 3.49502 1718.75 0.000115066 537.274 0 0 9.15751e+06 nan 0 0 0 0 0 0 0 0 0 9.98918e+10
67 0.319882 0.334958 19.4933 2110.18 0 0 2110.18 3.02612e+07 0 9.99179e+08 0.552743 3.49103 1717.44 0.000131913 537.479 0 0 9.10928e+06 nan 0 0 0 0 0 0 0 0 0 9.98918e+10
68 0.334958 0.350744 20.412 2037.74 0 0 2037.74 3.31148e+07 0 1.06848e+09 0.63405 3.48686 1716.07 0.000151215 537.693 0 0 9.05905e+06 nan 0 0 0 0 0 0 0 0 0 9.98918e+10
69 0.350744 0.367274 21.374 1965.93 0 0 1965.93 3.62343e+07 0 1.14178e+09 0.727286 3.4825 1714.64 0.000173328 537.917 0 0 9.00675e+06 nan 0 0 0 0 0 0 0 0 0 9.98918e+10
70 0.367274 0.384583 22.3813 1894.82 0 0 1894.82 3.96439e+07 0 1.21925e+09 0.834196 3.47795 1713.15 0.000198661 538.151 0 0 8.9523e+06 nan 0 0 0 0 0 0 0 0 0 9.98918e+10
71 0.384583 0.402708 23.4361 1824.5 0 0 1824.5 4.33701e+07 0 1.30104e+09 0.956777 3.4732 1711.59 0.000227678 538.397 0 0 8.89564e+06 nan 0 0 0 0 0 0 0 0 0 9.98918e+10
72 0.402708 0.421687 24.5406 1755.03 0 0 1755.03 4.74415e+07 0 1.3873e+09 1.09732 3.46823 1709.96 0.000260911 538.653 0 0 8.8367e+06 nan 0 0 0 0 0 0 0 0 0 9.98918e+10
73 0.421687 0.44156 25.6971 1686.49 0 0 1686.49 5.18896e+07 0 1.4782e+09 1.25844 3.46305 1708.26 0.00029897 538.922 0 0 8.7754e+06 nan 0 0 0 0 0 0 0 0 0 9.98918e+10
74 0.44156 0.46237 26.9082 1618.94 0 0 1618.94 5.67484e+07 0 1.57387e+09 1.44314 3.45765 1706.48 0.000342549 539.203 0 0 8.71166e+06 nan 0 0 0 0 0 0 0 0 0 9.98918e+10
75 0.46237 0.484161 28.1764 1552.47 0 0 1552.47 6.20548e+07 0 1.67447e+09 1.65486 3.452 1704.62 0.000392443 539.496 0 0 8.64542e+06 nan 0 0 0 0 0 0 0 0 0 9.98918e+10
76 0.484161 0.506979 29.5043 1487.13 0 0 1487.13 6.78491e+07 0 1.78013e+09 1.89754 3.44611 1702.68 0.00044956 539.804 0 0 8.57659e+06 nan 0 0 0 0 0 0 0 0 0 9.98918e+10
77 0.506979 0.530872 30.8948 1422.98 0 0 1422.98 7.4175e+07 0 1.89098e+09 2.17567 3.43997 1700.66 0.000514937 540.125 0 0 8.50511e+06 nan 0 0 0 0 0 0 0 0 0 9.98918e+10
78 0.530872 0.555891 32.3508 1360.08 0 0 1360.08 8.10799e+07 0 2.00716e+09 2.49441 3.43355 1698.54 0.000589758 540.461 0 0 8.4309e+06 nan 0 0 0 0 0 0 0 0 0 9.98918e+10
79 0.555891 0.58209 33.8754 1298.5 0 0 1298.5 8.86153e+07 0 2.12878e+09 2.85966 3.42687 1696.34 0.000675375 540.812 0 0 8.35388e+06 nan 0 0 0 0 0 0 0 0 0 9.98918e+10
80 0.58209 0.609523 35.4719 1238.27 0 0 1238.27 9.68369e+07 0 2.25595e+09 3.27817 3.41989 1694.03 0.000773331 541.18 0 0 8.27399e+06 nan 0 0 0 0 0 0 0 0 0 9.98918e+10
81 0.609523 0.638249 37.1437 1179.45 0 0 1179.45 1.05805e+08 0 2.38876e+09 3.75766 3.41262 1691.63 0.000885385 541.564 0 0 8.19115e+06 nan 0 0 0 0 0 0 0 0 0 9.98918e+10
82 0.638249 0.668329 38.8942 1122.07 0 0 1122.07 1.15586e+08 0 2.5273e+09 4.30697 3.40504 1689.12 0.00101355 541.965 0 0 8.1053e+06 nan 0 0 0 0 0 0 0 0 0 9.98918e+10
83 0.668329 0.699826 40.7272 1066.19 0 0 1066.19 1.26251e+08 0 2.67164e+09 4.9362 3.39713 1686.51 0.00116011 542.385 0 0 8.01636e+06 nan 0 0 0 0 0 0 0 0 0 9.98918e+10
84 0.699826 0.732808 42.6466 1011.83 0 0 1011.83 1.37875e+08 0 2.82184e+09 5.6569 3.3889 1683.78 0.00132768 542.824 0 0 7.92428e+06 nan 0 0 0 0 0 0 0 0 0 9.98918e+10
85 0.732808 0.767344 44.6565 959.026 0 0 959.026 1.50544e+08 0 2.97794e+09 6.48227 3.38032 1680.94 0.00151924 543.283 0 0 7.82899e+06 nan 0 0 0 0 0 0 0 0 0 9.98918e+10
86 0.767344 0.803508 46.7611 907.803 0 0 907.803 1.64346e+08 0 3.13995e+09 7.42742 3.37138 1677.97 0.00173817 543.763 0 0 7.73044e+06 nan 0 0 0 0 0 0 0 0 0 9.98918e+10
87 0.803508 0.841376 48.9649 858.184 0 0 858.184 1.79378e+08 0 3.30789e+09 8.50961 3.36207 1674.88 0.00198834 544.264 0 0 7.62858e+06 nan 0 0 0 0 0 0 0 0 0 9.98918e+10
88 0.841376 0.881029 51.2725 810.187 0 0 810.187 1.95747e+08 0 3.48172e+09 9.74854 3.35238 1671.66 0.00227416 544.788 0 0 7.52335e+06 nan 0 0 0 0 0 0 0 0 0 9.98918e+10
89 0.881029 0.92255 53.6889 763.826 0 0 763.826 2.13565e+08 0 3.66143e+09 11.1667 3.3423 1668.31 0.00260061 545.336 0 0 7.41472e+06 nan 0 0 0 0 0 0 0 0 0 9.98918e+10
90 0.92255 0.966029 56.2192 719.11 0 0 719.11 2.32954e+08 0 3.84693e+09 12.79 3.3318 1664.82 0.0029734 545.908 0 0 7.30265e+06 nan 0 0 0 0 0 0 0 0 0 9.98918e+10
91 0.966029 1.01156 58.8688 676.045 0 0 676.045 2.54046e+08 0 4.03815e+09 14.6475 3.32088 1661.18 0.00339901 546.505 0 0 7.18711e+06 nan 0 0 0 0 0 0 0 0 0 9.98918e+10
92 1.01156 1.05923 61.6432 634.633 0 0 634.633 2.76983e+08 0 4.23498e+09 16.773 3.30952 1657.39 0.0038848 547.13 0 0 7.06809e+06 nan 0 0 0 0 0 0 0 0 0 9.98918e+10
93 1.05923 1.10915 64.5483 594.869 0 0 594.869 3.01917e+08 0 4.43727e+09 19.2047 3.29771 1653.44 0.00443914 547.782 0 0 6.94556e+06 nan 0 0 0 0 0 0 0 0 0 9.98918e+10
94 1.10915 1.16142 67.5904 556.748 0 0 556.748 3.29012e+08 0 4.64486e+09 21.9863 3.28544 1649.34 0.00507154 548.464 0 0 6.81954e+06 nan 0 0 0 0 0 0 0 0 0 9.98918e+10
95 1.16142 1.21616 70.7758 520.259 0 0 520.259 3.58445e+08 0 4.85757e+09 25.1675 3.27268 1645.06 0.00579278 549.175 0 0 6.69004e+06 nan 0 0 0 0 0 0 0 0 0 9.98918e+10
96 1.21616 1.27347 74.1114 485.388 0 0 485.388 3.90405e+08 0 5.07516e+09 28.8053 3.25943 1640.62 0.00661513 549.918 0 0 6.55706e+06 nan 0 0 0 0 0 0 0 0 0 9.98918e+10
97 1.27347 1.33349 77.6041 452.117 0 0 452.117 4.25093e+08 0 5.2974e+09 32.9644 3.24568 1636 0.00755247 550.694 0 0 6.42065e+06 nan 0 0 0 0 0 0 0 0 0 9.98918e+10
98 1.33349 1.39634 81.2615 420.426 0 0 420.426 4.62729e+08 0 5.52399e+09 37.7187 3.2314 1631.2 0.00862056 551.504 0 0 6.28085e+06 nan 0 0 0 0 0 0 0 0 0 9.98918e+10
99 1.39634 1.46214 85.0912 390.29 0 0 390.29 5.03542e+08 0 5.75464e+09 43.1523 3.21658 1626.21 0.00983725 552.35 0 0 6.13772e+06 nan 0 0 0 0 0 0 0 0 0 9.98918e+10
100 1.46214 1.53105 89.1015 361.682 0 0 361.682 5.47783e+08 0 5.989e+09 49.3611 3.20121 1621.02 0.0112228 553.233 0 0 5.99134e+06 nan 0 0 0 0 0 0 0 0 0 9.98918e+10
101 1.53105 1.60321 93.3007 334.571 0 0 334.571 5.95717e+08 0 6.22671e+09 56.4542 3.18527 1615.64 0.0128 554.154 0 0 5.8418e+06 nan 0 0 0 0 0 0 0 0 0 9.98918e+10
102 1.60321 1.67877 97.6978 308.926 0 0 308.926 6.47625e+08 0 6.46738e+09 64.556 3.16875 1610.05 0.0145948 555.115 0 0 5.68922e+06 nan 0 0 0 0 0 0 0 0 0 9.98918e+10
103 1.67877 1.75788 102.302 284.711 0 0 284.711 7.0381e+08 0 6.71058e+09 73.8079 3.15163 1604.25 0.0166365 556.118 0 0 5.53371e+06 nan 0 0 0 0 0 0 0 0 0 9.98918e+10
104 1.75788 1.84073 107.124 261.888 0 0 261.888 7.64592e+08 0 6.95586e+09 84.3708 3.13391 1598.23 0.0189582 557.164 0 0 5.37543e+06 nan 0 0 0 0 0 0 0 0 0 9.98918e+10
105 1.84073 1.92748 112.172 240.419 0 0 240.419 8.30312e+08 0 7.20277e+09 96.4276 3.11557 1591.98 0.0215972 558.256 0 0 5.21454e+06 nan 0 0 0 0 0 0 0 0 0 9.98918e+10
106 1.92748 2.01832 117.459 220.261 0 0 220.261 9.01332e+08 0 7.45079e+09 110.186 3.09659 1585.51 0.0245958 559.394 0 0 5.05123e+06 nan 0 0 0 0 0 0 0 0 0 9.98918e+10
107 2.01832 2.11344 122.994 201.373 0 0 201.373 9.78034e+08 0 7.69942e+09 125.883 3.07696 1578.8 0.0280013 560.581 0 0 4.88569e+06 nan 0 0 0 0 0 0 0 0 0 9.98918e+10
108 2.11344 2.21304 128.791 183.709 0 0 183.709 1.06083e+09 0 7.94813e+09 143.787 3.05668 1571.86 0.0318675 561.818 0 0 4.71817e+06 nan 0 0 0 0 0 0 0 0 0 9.98918e+10
109 2.21304 2.31734 134.861 167.226 0 0 167.226 1.15014e+09 0 8.19637e+09 164.202 3.03572 1564.67 0.0362547 563.108 0 0 4.54891e+06 nan 0 0 0 0 0 0 0 0 0 9.98918e+10
110 2.31734 2.42655 141.216 151.876 0 0 151.876 1.24642e+09 0 8.44357e+09 187.475 3.01409 1557.22 0.0412309 564.452 0 0 4.37817e+06 nan 0 0 0 0 0 0 0 0 0 9.98918e+10
111 2.42655 2.54091 147.872 137.613 0 0 137.613 1.35014e+09 0 8.68916e+09 213.998 2.99176 1549.52 0.0468724 565.853 0 0 4.20625e+06 nan 0 0 0 0 0 0 0 0 0 9.98918e+10
112 2.54091 2.66066 154.841 124.39 0 0 124.39 1.46182e+09 0 8.93258e+09 244.216 2.96873 1541.56 0.0532651 567.312 0 0 4.03346e+06 nan 0 0 0 0 0 0 0 0 0 9.98918e+10
113 2.66066 2.78606 162.138 112.158 0 0 112.158 1.58197e+09 0 9.17323e+09 278.633 2.94499 1533.33 0.0605054 568.832 0 0 3.86013e+06 nan 0 0 0 0 0 0 0 0 0 9.98918e+10
114 2.78606 2.91736 169.779 100.871 0 0 100.871 1.71116e+09 0 9.41054e+09 317.822 2.92054 1524.83 0.0687014 570.415 0 0 3.68661e+06 nan 0 0 0 0 0 0 0 0 0 9.98918e+10
115 2.91736 3.05485 177.781 90.4801 0 0 90.4801 1.84995e+09 0 9.64395e+09 362.428 2.89536 1516.06 0.0779745 572.064 0 0 3.51326e+06 nan 0 0 0 0 0 0 0 0 0 9.98918e+10
116 3.05485 3.19882 186.159 80.9384 0 0 80.9384 1.99895e+09 0 9.87289e+09 413.185 2.86946 1507 0.0884604 573.78 0 0 3.34048e+06 nan 0 0 0 0 0 0 0 0 0 9.98918e+10
117 3.19882 3.34958 194.933 72.199 0 0 72.199 2.15879e+09 0 1.00968e+10 470.921 2.84283 1497.66 0.100311 575.566 0 0 3.16865e+06 nan 0 0 0 0 0 0 0 0 0 9.98918e+10
118 3.34958 3.50744 204.12 64.2158 0 0 64.2158 2.33013e+09 0 1.03152e+10 536.572 2.81546 1488.03 0.113697 577.425 0 0 2.99819e+06 nan 0 0 0 0 0 0 0 0 0 9.98918e+10
119 3.50744 3.67274 213.74 56.9433 0 0 56.9433 2.51365e+09 0 1.05275e+10 611.197 2.78736 1478.12 0.128807 579.359 0 0 2.82952e+06 nan 0 0 0 0 0 0 0 0 0 9.98918e+10
120 3.67274 3.84583 223.813 50.3369 0 0 50.3369 2.71005e+09 0 1.07333e+10 695.993 2.75853 1467.91 0.145854 581.371 0 0 2.66306e+06 nan 0 0 0 0 0 0 0 0 0 9.98918e+10
121 3.84583 4.02708 234.361 44.3532 0 0 44.3532 2.92007e+09 0 1.09321e+10 792.307 2.72896 1457.4 0.165074 583.463 0 0 2.49924e+06 nan 0 0 0 0 0 0 0 0 0 9.98918e+10
122 4.02708 4.21687 245.406 38.9499 0 0 38.9499 3.14445e+09 0 1.11236e+10 901.663 2.69867 1446.59 0.18673 585.638 0 0 2.33849e+06 nan 0 0 0 0 0 0 0 0 0 9.98918e+10
123 4.21687 4.4156 256.971 34.0861 0 0 34.0861 3.38398e+09 0 1.13073e+10 1025.78 2.66765 1435.49 0.211116 587.899 0 0 2.18123e+06 nan 0 0 0 0 0 0 0 0 0 9.98918e+10
124 4.4156 4.6237 269.082 29.7222 0 0 29.7222 3.63944e+09 0 1.14829e+10 1166.59 2.63592 1424.08 0.238557 590.248 0 0 2.02789e+06 nan 0 0 0 0 0 0 0 0 0 9.98918e+10
125 4.6237 4.84161 281.764 25.8199 0 0 25.8199 3.91166e+09 0 1.16503e+10 1326.27 2.60348 1412.37 0.269415 592.69 0 0 1.87886e+06 nan 0 0 0 0 0 0 0 0 0 9.98918e+10
126 4.84161 5.06979 295.043 22.3427 0 0 22.3427 4.20147e+09 0 1.1809e+10 1507.27 2.57035 1400.37 0.304092 595.225 0 0 1.73453e+06 nan 0 0 0 0 0 0 0 0 0 9.98918e+10
127 5.06979 5.30872 308.948 19.2556 0 0 19.2556 4.50971e+09 0 1.1959e+10 1712.35 2.53653 1388.06 0.343033 597.859 0 0 1.59526e+06 nan 0 0 0 0 0 0 0 0 0 9.98918e+10
128 5.30872 5.55891 323.508 16.5252 0 0 16.5252 4.83725e+09 0 1.21002e+10 1944.62 2.50205 1375.45 0.386732 600.593 0 0 1.46141e+06 nan 0 0 0 0 0 0 0 0 0 9.98918e+10
129 5.55891 5.8209 338.754 14.1199 0 0 14.1199 5.18496e+09 0 1.22324e+10 2207.56 2.46691 1362.54 0.435733 603.431 0 0 1.33326e+06 nan 0 0 0 0 0 0 0 0 0 9.98918e+10
130 5.8209 6.09523 354.719 12.0096 0 0 12.0096 5.55373e+09 0 1.23557e+10 2505.07 2.43115 1349.34 0.49064 606.376 0 0 1.21111e+06 nan 0 0 0 0 0 0 0 0 0 9.98918e+10
131 6.09523 6.38249 371.437 10.1662 0 0 10.1662 5.94445e+09 0 1.24702e+10 2841.55 2.39476 1335.84 0.552119 609.431 0 0 1.09517e+06 nan 0 0 0 0 0 0 0 0 0 9.98918e+10
132 6.38249 6.68329 388.942 8.56313 0 0 8.56313 6.35801e+09 0 1.2576e+10 3221.91 2.35779 1322.06 0.620902 612.6 0 0 985649 nan 0 0 0 0 0 0 0 0 0 9.98918e+10
133 6.68329 6.99826 407.272 7.17558 0 0 7.17558 6.7953e+09 0 1.26731e+10 3651.68 2.32026 1307.99 0.697798 615.886 0 0 882685 nan 0 0 0 0 0 0 0 0 0 9.98918e+10
134 6.99826 7.32808 426.466 5.98046 0 0 5.98046 7.25723e+09 0 1.27619e+10 4137.01 2.28218 1293.64 0.783697 619.292 0 0 786378 nan 0 0 0 0 0 0 0 0 0 9.98918e+10
135 7.32808 7.67344 446.565 4.95636 0 0 4.95636 7.74467e+09 0 1.28425e+10 4684.83 2.24359 1279.02 0.879575 622.823 0 0 696774 nan 0 0 0 0 0 0 0 0 0 9.98918e+10
136 7.67344 8.03508 467.611 4.08351 0 0 4.08351 8.2585e+09 0 1.29154e+10 5302.86 2.20452 1264.12 0.986507 626.481 0 0 613870 nan 0 0 0 0 0 0 0 0 0 9.98918e+10
137 8.03508 8.41376 489.649 3.34374 0 0 3.34374 8.79958e+09 0 1.29809e+10 5999.73 2.165 1248.97 1.10567 630.27 0 0 537611 nan 0 0 0 0 0 0 0 0 0 9.98918e+10
138 8.41376 8.81029 512.725 2.72046 0 0 2.72046 9.36878e+09 0 1.30392e+10 6785.08 2.12506 1233.56 1.23835 634.194 0 0 467891 nan 0 0 0 0 0 0 0 0 0 9.98918e+10
139 8.81029 9.2255 536.889 2.19854 0 0 2.19854 9.96691e+09 0 1.30909e+10 7669.68 2.08474 1217.91 1.38596 638.256 0 0 404556 nan 0 0 0 0 0 0 0 0 0 9.98918e+10
140 9.2255 9.66029 562.192 1.76433 0 0 1.76433 1.05948e+10 0 1.31365e+10 8665.52 2.04407 1202.02 1.55004 642.461 0 0 347405 nan 0 0 0 0 0 0 0 0 0 9.98918e+10
141 9.66029 10.1156 588.688 1.40553 0 0 1.40553 1.12532e+10 0 1.31762e+10 9785.98 2.00309 1185.9 1.73227 646.813 0 0 296193 nan 0 0 0 0 0 0 0 0 0 9.98918e+10
142 10.1156 10.5923 616.432 1.11114 0 0 1.11114 1.19429e+10 0 1.32107e+10 11045.9 1.96184 1169.56 1.9345 651.314 0 0 250640 nan 0 0 0 0 0 0 0 0 0 9.98918e+10
143 10.5923 11.0915 645.483 0.871393 0 0 0.871393 1.26646e+10 0 1.32403e+10 12462 1.92037 1153.02 2.15871 655.97 0 0 210430 nan 0 0 0 0 0 0 0 0 0 9.98918e+10
144 11.0915 11.6142 675.904 0.677667 0 0 0.677667 1.34189e+10 0 1.32656e+10 14052.6 1.8787 1136.28 2.40708 660.785 0 0 175221 nan 0 0 0 0 0 0 0 0 0 9.98918e+10
145 11.6142 12.1616 707.758 0.522408 0 0 0.522408 1.42066e+10 0 1.32869e+10 15838.1 1.83688 1119.35 2.68198 665.762 0 0 144650 nan 0 0 0 0 0 0 0 0 0 9.98918e+10
146 12.1616 12.7347 741.114 0.399041 0 0 0.399041 1.50283e+10 0 1.33048e+10 17841.4 1.79495 1102.25 2.98597 670.905 0 0 118338 nan 0 0 0 0 0 0 0 0 0 9.98918e+10
147 12.7347 13.3349 776.041 0.301897 0 0 0.301897 1.58844e+10 0 1.33197e+10 20087.7 1.75296 1085 3.32184 676.22 0 0 95900.5 nan 0 0 0 0 0 0 0 0 0 9.98918e+10
148 13.3349 13.9634 812.615 0.22612 0 0 0.22612 1.67756e+10 0 1.33319e+10 22605 1.71095 1067.59 3.69258 681.711 0 0 76951.1 nan 0 0 0 0 0 0 0 0 0 9.98918e+10
149 13.9634 14.6214 850.912 0.167594 0 0 0.167594 1.77023e+10 0 1.33418e+10 25424.3 1.66895 1050.05 4.10148 687.381 0 0 61108.7 nan 0 0 0 0 0 0 0 0 0 9.98918e+10
150 14.6214 15.3105 891.015 0.122859 0 0 0.122859 1.86648e+10 0 1.33497e+10 28579.9 1.62702 1032.39 4.55204 693.236 0 0 48003.6 nan 0 0 0 0 0 0 0 0 0 9.98918e+10
151 15.3105 16.0321 933.007 0.0890363 0 0 0.0890363 1.96637e+10 0 1.3356e+10 32109.9 1.58519 1014.62 5.04807 699.281 0 0 37282.3 nan 0 0 0 0 0 0 0 0 0 9.98918e+10
152 16.0321 16.7877 976.978 0.0637536 0 0 0.0637536 2.06991e+10 0 1.3361e+10 36056.4 1.54351 996.752 5.59366 705.519 0 0 28612.8 nan 0 0 0 0 0 0 0 0 0 9.98918e+10
153 16.7877 17.5788 1023.02 0.0450795 0 0 0.0450795 2.17714e+10 0 1.33649e+10 40465.7 1.50202 978.809 6.19323 711.956 0 0 21687 nan 0 0 0 0 0 0 0 0 0 9.98918e+10
154 17.5788 18.4073 1071.24 0.0314587 0 0 0.0314587 2.28807e+10 0 1.33678e+10 45389.2 1.46076 960.8 6.85153 718.598 0 0 16224.3 nan 0 0 0 0 0 0 0 0 0 9.98918e+10
155 18.4073 19.2748 1121.72 0.0216532 0 0 0.0216532 2.40273e+10 0 1.337e+10 50883.4 1.41977 942.74 7.57365 725.448 0 0 11972.7 nan 0 0 0 0 0 0 0 0 0 9.98918e+10
156 19.2748 20.1832 1174.59 0.014691 0 0 0.014691 2.52112e+10 0 1.33717e+10 57011 1.37908 924.642 8.36506 732.513 0 0 8709.64 nan 0 0 0 0 0 0 0 0 0 9.98918e+10
157 20.1832 21.1344 1229.94 0.00981827 0 0 0.00981827 2.64324e+10 0 1.33729e+10 63840.5 1.33874 906.523 9.23164 739.798 0 0 6241.59 nan 0 0 0 0 0 0 0 0 0 9.98918e+10
158 21.1344 22.1304 1287.91 0.00645911 0 0 0.00645911 2.7691e+10 0 1.33738e+10 71447.9 1.29879 888.395 10.1797 747.307 0 0 4403.21 nan 0 0 0 0 0 0 0 0 0 9.98918e+10
159 22.1304 23.1734 1348.61 0.00417971 0 0 0.00417971 2.8987e+10 0 1.33744e+10 79916.4 1.25925 870.272 11.2158 755.048 0 0 3055.65 nan 0 0 0 0 0 0 0 0 0 9.98918e+10
160 23.1734 24.2655 1412.16 0.00265842 0 0 0.00265842 3.03201e+10 0 1.33748e+10 89337.7 1.22017 852.17 12.3474 763.026 0 0 2084.3 nan 0 0 0 0 0 0 0 0 0 9.98918e+10
161 24.2655 25.4091 1478.72 0.00166058 0 0 0.00166058 3.16903e+10 0 1.33751e+10 99812.7 1.18157 834.101 13.5818 771.246 0 0 1396.32 nan 0 0 0 0 0 0 0 0 0 9.98918e+10
162 25.4091 26.6066 1548.41 0.00101786 0 0 0.00101786 3.30973e+10 0 1.33753e+10 111452 1.14348 816.079 14.9275 779.715 0 0 917.935 nan 0 0 0 0 0 0 0 0 0 9.98918e+10
163 26.6066 27.8606 1621.38 0.000611679 0 0 0.000611679 3.45408e+10 0 1.33755e+10 124377 1.10594 798.118 16.3929 788.44 0 0 591.634 nan 0 0 0 0 0 0 0 0 0 9.98918e+10
164 27.8606 29.1736 1697.79 0.000360057 0 0 0.000360057 3.60207e+10 0 1.33755e+10 138720 1.06897 780.23 17.9874 797.427 0 0 373.512 nan 0 0 0 0 0 0 0 0 0 9.98918e+10
165 29.1736 30.5485 1777.81 0.000207401 0 0 0.000207401 3.75365e+10 0 1.33756e+10 154629 1.03259 762.429 19.7206 806.682 0 0 230.75 nan 0 0 0 0 0 0 0 0 0 9.98918e+10
166 30.5485 31.9882 1861.59 0.000116789 0 0 0.000116789 3.90878e+10 0 1.33756e+10 172261 0.996838 744.726 21.603 816.214 0 0 139.354 nan 0 0 0 0 0 0 0 0 0 9.98918e+10
167 31.9882 33.4958 1949.33 6.42224e-05 0 0 6.42224e-05 4.06743e+10 0 1.33756e+10 191793 0.961726 727.134 23.6456 826.028 0 0 82.1822 nan 0 0 0 0 0 0 0 0 0 9.98918e+10
168 33.4958 35.0744 2041.2 3.44492e-05 0 0 3.44492e-05 4.22955e+10 0 1.33757e+10 213416 0.927276 709.664 25.8599 836.134 0 0 47.2745 nan 0 0 0 0 0 0 0 0 0 9.98918e+10
169 35.0744 36.7274 2137.4 1.80042e-05 0 0 1.80042e-05 4.39509e+10 0 1.33757e+10 237337 0.893506 692.328 28.2582 846.538 0 0 26.4946 nan 0 0 0 0 0 0 0 0 0 9.98918e+10
170 36.7274 38.4583 2238.13 9.15671e-06 0 0 9.15671e-06 4.56399e+10 0 1.33757e+10 263786 0.860431 675.135 30.8534 857.249 0 0 14.449 nan 0 0 0 0 0 0 0 0 0 9.98918e+10
171 38.4583 40.2708 2343.61 4.52606e-06 0 0 4.52606e-06 4.73621e+10 0 1.33757e+10 293012 0.828066 658.097 33.659 868.275 0 0 7.65785 nan 0 0 0 0 0 0 0 0 0 9.98918e+10
172 40.2708 42.1687 2454.06 2.17136e-06 0 0 2.17136e-06 4.91168e+10 0 1.33757e+10 325284 0.796422 641.223 36.6893 879.625 0 0 3.93896 nan 0 0 0 0 0 0 0 0 0 9.98918e+10
173 42.1687 44.156 2569.71 1.00963e-06 0 0 1.00963e-06 5.09035e+10 0 1.33757e+10 360900 0.765511 624.522 39.9592 891.309 0 0 1.96358 nan 0 0 0 0 0 0 0 0 0 9.98918e+10
174 44.156 46.237 2690.82 4.54324e-07 0 0 4.54324e-07 5.27216e+10 0 1.33757e+10 400182 0.735341 608.003 43.4844 903.336 0 0 0.947258 nan 0 0 0 0 0 0 0 0 0 9.98918e+10
175 46.237 48.4161 2817.64 1.97548e-07 0 0 1.97548e-07 5.45703e+10 0 1.33757e+10 443478 0.705919 591.675 47.2812 915.716 0 0 0.441537 nan 0 0 0 0 0 0 0 0 0 9.98918e+10
176 48.4161 50.6979 2950.43 8.2866e-08 0 0 8.2866e-08 5.64492e+10 0 1.33757e+10 491169 0.677249 575.545 51.3665 928.459 0 0 0.198538 nan 0 0 0 0 0 0 0 0 0 9.98918e+10
177 50.6979 53.0872 3089.48 3.34761e-08 0 0 3.34761e-08 5.83574e+10 0 1.33757e+10 543670 0.649335 559.62 55.758 941.577 0 0 0.0859725 nan 0 0 0 0 0 0 0 0 0 9.98918e+10
178 53.0872 55.5891 3235.08 1.30009e-08 0 0 1.30009e-08 6.02943e+10 0 1.33757e+10 601428 0.62218 543.907 60.4742 955.081 0 0 0.0357887 nan 0 0 0 0 0 0 0 0 0 9.98918e+10
179 55.5891 58.209 3387.54 4.8448e-09 0 0 4.8448e-09 6.22593e+10 0 1.33757e+10 664929 0.595783 528.412 65.534 968.983 0 0 0.0142953 nan 0 0 0 0 0 0 0 0 0 9.98918e+10
180 58.209 60.9523 3547.19 1.72898e-09 0 0 1.72898e-09 6.42516e+10 0 1.33757e+10 734700 0.570144 513.141 70.9569 983.296 0 0 0.00546838 nan 0 0 0 0 0 0 0 0 0 9.98918e+10
181 60.9523 63.8249 3714.37 5.89688e-10 0 0 5.89688e-10 6.62706e+10 0 1.33757e+10 811312 0.545259 498.099 76.7631 998.032 0 0 0.0019992 nan 0 0 0 0 0 0 0 0 0 9.98918e+10
182 63.8249 66.8329 3889.42 1.91794e-10 0 0 1.91794e-10 6.83156e+10 0 1.33757e+10 895382 0.521125 483.291 82.9733 1013.21 0 0 0.000697039 nan 0 0 0 0 0 0 0 0 0 9.98918e+10
183 66.8329 69.9826 4072.72 5.93536e-11 0 0 5.93536e-11 7.03858e+10 0 1.33757e+10 987574 0.497738 468.72 89.6085 1028.83 0 0 0.000231256 nan 0 0 0 0 0 0 0 0 0 9.98918e+10
184 69.9826 73.2808 4264.66 1.74353e-11 0 0 1.74353e-11 7.24806e+10 0 1.33757e+10 1.08861e+06 0.47509 454.392 96.6903 1044.93 0 0 7.28359e-05 nan 0 0 0 0 0 0 0 0 0 9.98918e+10
185 73.2808 76.7344 4465.65 4.84961e-12 0 0 4.84961e-12 7.45992e+10 0 1.33757e+10 1.19926e+06 0.453174 440.308 104.24 1061.51 0 0 2.17246e-05 nan 0 0 0 0 0 0 0 0 0 9.98918e+10
186 76.7344 80.3508 4676.11 1.27394e-12 0 0 1.27394e-12 7.67411e+10 0 1.33757e+10 1.32036e+06 0.431983 426.473 112.28 1078.59 0 0 6.12064e-06 nan 0 0 0 0 0 0 0 0 0 9.98918e+10
187 80.3508 84.1376 4896.49 3.15192e-13 0 0 3.15192e-13 7.89054e+10 0 1.33757e+10 1.45282e+06 0.411506 412.887 120.832 1096.19 0 0 1.62448e-06 nan 0 0 0 0 0 0 0 0 0 9.98918e+10
188 84.1376 88.1029 5127.25 7.32404e-14 0 0 7.32404e-14 8.10915e+10 0 1.33757e+10 1.59759e+06 0.391734 399.553 129.918 1114.33 0 0 4.05025e-07 nan 0 0 0 0 0 0 0 0 0 9.98918e+10
189 88.1029 92.255 5368.89 1.5936e-14 0 0 1.5936e-14 8.32988e+10 0 1.33757e+10 1.75572e+06 0.372656 386.473 139.56 1133.03 0 0 9.45845e-08 nan 0 0 0 0 0 0 0 0 0 9.98918e+10
190 92.255 96.6029 5621.92 3.23673e-15 0 0 3.23673e-15 8.55265e+10 0 1.33757e+10 1.92831e+06 0.35426 373.647 149.777 1152.32 0 0 2.06248e-08 nan 0 0 0 0 0 0 0 0 0 9.98918e+10
191 96.6029 101.156 5886.88 6.11665e-16 0 0 6.11665e-16 8.77741e+10 0 1.33757e+10 2.11655e+06 0.336535 361.077 160.591 1172.2 0 0 4.18587e-09 nan 0 0 0 0 0 0 0 0 0 9.98918e+10
192 101.156 105.923 6164.32 1.0718e-16 0 0 1.0718e-16 9.00409e+10 0 1.33757e+10 2.32173e+06 0.319466 348.763 172.021 1192.72 0 0 7.88025e-10 nan 0 0 0 0 0 0 0 0 0 9.98918e+10
193 105.923 110.915 6454.83 1.73523e-17 0 0 1.73523e-17 9.23262e+10 0 1.33757e+10 2.54518e+06 0.303042 336.704 184.085 1213.89 0 0 1.37125e-10 nan 0 0 0 0 0 0 0 0 0 9.98918e+10
194 110.915 116.142 6759.04 2.58591e-18 0 0 2.58591e-18 9.46294e+10 0 1.33757e+10 2.78838e+06 0.287247 324.901 196.799 1235.74 0 0 2.19735e-11 nan 0 0 0 0 0 0 0 0 0 9.98918e+10
195 116.142 121.616 7077.58 3.53329e-19 0 0 3.53329e-19 9.69499e+10 0 1.33757e+10 3.05285e+06 0.272069 313.353 210.178 1258.3 0 0 3.23004e-12 nan 0 0 0 0 0 0 0 0 0 9.98918e+10
196 121.616 127.347 7411.14 4.40833e-20 0 0 4.40833e-20 9.92872e+10 0 1.33757e+10 3.05285e+06 0 0 0 0 0 0 4.33782e-13 nan 0 0 0 0 0 0 0 0 0 9.98918e+10
197 127.347 133.349 7760.41 5.00072e-21 0 0 5.00072e-21 9.98918e+10 0 1.33757e+10 3.05285e+06 0 0 0 0 0 0 5.29959e-14 nan 0 0 0 0 0 0 0 0 0 9.98918e+10
198 133.349 139.634 8126.15 5.13452e-22 0 0 5.13452e-22 9.98918e+10 0 1.33757e+10 3.05285e+06 0 0 0 0 0 0 5.86385e-15 nan 0 0 0 0 0 0 0 0 0 9.98918e+10
199 139.634 146.214 8509.12 4.74935e-23 0 0 4.74935e-23 9.98918e+10 0 1.33757e+10 3.05285e+06 0 0 0 0 0 0 5.84879e-16 nan 0 0 0 0 0 0 0 0 0 9.98918e+10
