0.07500 
0.07700 
0.07900 
0.08110 
0.08330 
0.08550 
0.08770 
0.09010 
0.09250 
0.09490 
0.09740 
0.10000 
0.10270 
0.10540 
0.10820 
0.11100 
0.11400 
0.11700 
0.12010 
0.12330 
0.12660 
0.12990 
0.13340 
0.13690 
0.14050 
0.14430 
0.14810 
0.15200 
0.15600 
0.16020 
0.16440 
0.16880 
0.17330 
0.17780 
0.18260 
0.18740 
0.19240 
0.19750 
0.20270 
0.20810 
0.21360 
0.21930 
0.22510 
0.23100 
0.23720 
0.24340 
0.24990 
0.25650 
0.26330 
0.27030 
0.27750 
0.28480 
0.29240 
0.30010 
0.30810 
0.31630 
0.32460 
0.33320 
0.34210 
0.35110 
0.36050 
0.37000 
0.37980 
0.38990 
0.40020 
0.41080 
0.42170 
0.43290 
0.44440 
0.45620 
0.46830 
0.48070 
0.49340 
0.50650 
0.51990 
0.53370 
0.54790 
0.56240 
0.57730 
0.59260 
0.60830 
0.62440 
0.64100 
0.65800 
0.67540 
0.69330 
0.71170 
0.73060 
0.74990 
0.76980 
0.79020 
0.81120 
0.83270 
0.85470 
0.87740 
0.90070 
0.92450 
0.94910 
0.97420 
1.00000
