0 0.027 0.35956 3895.34 0.000315459 0.359244 0.0282725 479820 860700 79.447 2.30543 24354.3 6.19286e+06 0.168648 13.67 1.05076e+10 0 0 12.5351 17469.6 0.0567309 79.0636
1 0.0282725 0.35959 3886.16 0.000315209 0.359275 0.0296049 526090 1.80222e+06 166.566 2.64692 24353.7 6.19275e+06 0.0249808 13.6702 1.04988e+10 0 0 13.7442 19109.6 0.0567298 78.8762
2 0.0296049 0.359621 3876.59 0.000315084 0.359306 0.0310001 576821 2.83203e+06 262.099 3.03899 24353.1 6.19264e+06 0.0286807 13.6704 1.04943e+10 0 0 15.0699 20901.4 0.0567288 78.6809
3 0.0310001 0.359653 3866.62 0.000314953 0.359338 0.0324611 632443 3.95828e+06 366.857 3.48914 24352.4 6.19252e+06 0.0329284 13.6706 1.04895e+10 0 0 16.5235 22858.6 0.0567277 78.4772
4 0.0324611 0.359686 3856.22 0.000314815 0.359371 0.033991 693426 5.18988e+06 481.734 4.00597 24351.7 6.1924e+06 0.0378053 13.6707 1.04845e+10 0 0 18.1173 24996.2 0.0567266 78.265
5 0.033991 0.359721 3845.38 0.000314671 0.359406 0.0355929 760289 6.5365e+06 607.705 4.59935 24350.9 6.19228e+06 0.0434043 13.6709 1.04792e+10 0 0 19.8648 27330.3 0.0567254 78.0437
6 0.0355929 0.359757 3834.09 0.000314521 0.359443 0.0372704 833596 8.00871e+06 745.844 5.28061 24350.2 6.19215e+06 0.0498324 13.6712 1.04738e+10 0 0 21.7808 29878.6 0.0567241 77.8132
7 0.0372704 0.359796 3822.33 0.000314363 0.359481 0.0390269 913970 9.618e+06 897.327 6.06279 24349.3 6.19201e+06 0.0572125 13.6714 1.0468e+10 0 0 23.8817 32660.1 0.0567228 77.5731
8 0.0390269 0.359836 3810.08 0.000314198 0.359522 0.0408662 1.00209e+06 1.13769e+07 1063.44 6.96081 24348.5 6.19186e+06 0.0656854 13.6716 1.0462e+10 0 0 26.1851 35695.7 0.0567214 77.3231
9 0.0408662 0.359878 3797.33 0.000314025 0.359564 0.0427921 1.0987e+06 1.3299e+07 1245.61 7.99184 24347.6 6.19171e+06 0.0754129 13.6718 1.04557e+10 0 0 28.7106 39007.7 0.05672 77.0627
10 0.0427921 0.359922 3784.05 0.000313842 0.359608 0.0448088 1.20463e+06 1.53993e+07 1445.37 9.17558 24346.7 6.19155e+06 0.0865807 13.672 1.04491e+10 0 0 31.4798 42620.7 0.0567185 76.7917
11 0.0448088 0.359968 3770.23 0.000313648 0.359654 0.0469206 1.32076e+06 1.76937e+07 1664.43 10.5346 24345.7 6.19138e+06 0.0994022 13.6723 1.0442e+10 0 0 34.5159 46561 0.0567169 76.5096
12 0.0469206 0.360016 3755.85 0.000313445 0.359702 0.0491319 1.44809e+06 2.01999e+07 1904.66 12.095 24344.6 6.19121e+06 0.114122 13.6725 1.04346e+10 0 0 37.8449 50857.3 0.0567153 76.2161
13 0.0491319 0.360066 3740.9 0.000313232 0.359753 0.0514474 1.58768e+06 2.29369e+07 2168.11 13.8864 24343.6 6.19103e+06 0.131021 13.6729 1.04269e+10 0 0 41.4948 55540.6 0.0567136 75.9109
14 0.0514474 0.360119 3725.35 0.000313009 0.359806 0.0538721 1.74073e+06 2.59256e+07 2457.01 15.9431 24342.4 6.19084e+06 0.150422 13.6731 1.04188e+10 0 0 45.4967 60644.4 0.0567118 75.5935
15 0.0538721 0.360174 3709.18 0.000312776 0.359861 0.056411 1.90852e+06 2.91883e+07 2773.83 18.3045 24341.3 6.19064e+06 0.172695 13.6735 1.04104e+10 0 0 49.8845 66205.1 0.0567099 75.2635
16 0.056411 0.360232 3692.38 0.000312532 0.359919 0.0590696 2.09247e+06 3.27497e+07 3121.28 21.0155 24340 6.19043e+06 0.198266 13.6738 1.04015e+10 0 0 54.6953 72261.7 0.0567079 74.9207
17 0.0590696 0.360292 3674.93 0.000312276 0.35998 0.0618534 2.29415e+06 3.66361e+07 3502.31 24.1281 24338.7 6.19021e+06 0.227622 13.6741 1.03923e+10 0 0 59.9701 78856.7 0.0567059 74.5645
18 0.0618534 0.360356 3656.81 0.000312009 0.360044 0.0647685 2.51526e+06 4.08766e+07 3920.18 27.7015 24337.4 6.18998e+06 0.261324 13.6744 1.03825e+10 0 0 65.7534 86035.7 0.0567037 74.1946
19 0.0647685 0.360422 3637.99 0.000311729 0.36011 0.0678209 2.75766e+06 4.55022e+07 4378.45 31.8042 24336 6.18974e+06 0.300014 13.6748 1.03724e+10 0 0 72.0942 93848 0.0567014 73.8105
20 0.0678209 0.360491 3618.46 0.000311435 0.36018 0.0710172 3.02342e+06 5.05468e+07 4881.02 36.5143 24334.5 6.18949e+06 0.344431 13.6752 1.03618e+10 0 0 79.0465 102347 0.0566991 73.412
21 0.0710172 0.360564 3598.2 0.000311128 0.360253 0.0743642 3.31476e+06 5.60472e+07 5432.2 41.922 24332.9 6.18922e+06 0.395423 13.6756 1.03506e+10 0 0 86.6689 111589 0.0566966 72.9985
22 0.0743642 0.36064 3577.19 0.000310807 0.360329 0.0778689 3.63417e+06 6.2043e+07 6036.67 48.1304 24331.3 6.18895e+06 0.453962 13.6761 1.0339e+10 0 0 95.0263 121636 0.056694 72.5698
23 0.0778689 0.360719 3555.41 0.000310471 0.360409 0.0815387 3.98433e+06 6.85773e+07 6699.62 55.2581 24329.6 6.18866e+06 0.521165 13.6765 1.03268e+10 0 0 104.189 132555 0.0566913 72.1254
24 0.0815387 0.360803 3532.85 0.000310119 0.360493 0.0853815 4.3682e+06 7.56965e+07 7426.69 63.4412 24327.8 6.18836e+06 0.598314 13.677 1.03141e+10 0 0 114.236 144415 0.0566884 71.6649
25 0.0853815 0.36089 3509.47 0.00030975 0.36058 0.0894054 4.78904e+06 8.34509e+07 8224.1 72.836 24325.9 6.18804e+06 0.686877 13.6775 1.03007e+10 0 0 125.25 157294 0.0566855 71.188
26 0.0894054 0.360981 3485.27 0.000309365 0.360672 0.0936189 5.25039e+06 9.18948e+07 9098.66 83.6217 24324 6.18771e+06 0.788548 13.678 1.02867e+10 0 0 137.327 171274 0.0566824 70.6942
27 0.0936189 0.361077 3460.23 0.000308961 0.360768 0.0980311 5.75614e+06 1.01087e+08 10057.9 96.0044 24321.9 6.18736e+06 0.905261 13.6785 1.02721e+10 0 0 150.567 186441 0.0566791 70.1833
28 0.0980311 0.361177 3434.33 0.000308539 0.360868 0.102651 6.31057e+06 1.1109e+08 11109.9 110.22 24319.8 6.187e+06 1.03925 13.6791 1.02568e+10 0 0 165.083 202889 0.0566757 69.6549
29 0.102651 0.361281 3407.56 0.000308097 0.360973 0.107489 6.91836e+06 1.21973e+08 12263.7 126.541 24317.6 6.18662e+06 1.19305 13.6797 1.02408e+10 0 0 180.999 220718 0.0566722 69.1086
30 0.107489 0.361391 3379.89 0.000307634 0.361083 0.112555 7.58463e+06 1.33809e+08 13529.3 145.278 24315.2 6.18622e+06 1.36961 13.6803 1.02241e+10 0 0 198.448 240036 0.0566684 68.5441
31 0.112555 0.361505 3351.31 0.00030715 0.361198 0.117859 8.31501e+06 1.46678e+08 14917.4 166.788 24312.7 6.1858e+06 1.57229 13.6809 1.02066e+10 0 0 217.579 260956 0.0566645 67.9612
32 0.117859 0.361625 3321.82 0.000306643 0.361319 0.123414 9.11565e+06 1.60663e+08 16439.9 191.483 24310.2 6.18536e+06 1.80496 13.6816 1.01883e+10 0 0 238.554 283600 0.0566605 67.3595
33 0.123414 0.361751 3291.39 0.000306113 0.361445 0.12923 9.99329e+06 1.75858e+08 18109.9 219.833 24307.5 6.18491e+06 2.07203 13.6823 1.01691e+10 0 0 261.55 308095 0.0566562 66.7389
34 0.12923 0.361882 3260.02 0.000305558 0.361577 0.135321 1.09553e+07 1.92359e+08 19941.7 252.379 24304.7 6.18443e+06 2.3786 13.683 1.01491e+10 0 0 286.761 334581 0.0566517 66.0989
35 0.135321 0.36202 3227.69 0.000304978 0.361715 0.141698 1.20099e+07 2.10274e+08 21951 289.743 24301.7 6.18393e+06 2.73051 13.6838 1.01281e+10 0 0 314.401 363201 0.0566471 65.4395
36 0.141698 0.362164 3194.39 0.000304371 0.36186 0.148376 1.31659e+07 2.29714e+08 24155 332.637 24298.6 6.1834e+06 3.13446 13.6847 1.01062e+10 0 0 344.704 394109 0.0566422 64.7605
37 0.148376 0.362315 3160.13 0.000303736 0.362011 0.155369 1.44329e+07 2.508e+08 26572.6 381.88 24295.4 6.18285e+06 3.59814 13.6855 1.00833e+10 0 0 377.926 427469 0.0566371 64.0617
38 0.155369 0.362472 3124.88 0.000303071 0.362169 0.162691 1.58218e+07 2.73664e+08 29224.7 438.41 24292 6.18228e+06 4.13038 13.6864 1.00593e+10 0 0 414.349 463452 0.0566317 63.3429
39 0.162691 0.362638 3088.65 0.000302376 0.362335 0.170358 1.73441e+07 2.98442e+08 32133.9 503.305 24288.4 6.18168e+06 4.74128 13.6874 1.00342e+10 0 0 454.28 502239 0.0566261 62.6042
40 0.170358 0.36281 3051.44 0.00030165 0.362509 0.178387 1.90127e+07 3.25284e+08 35325.4 577.804 24284.7 6.18105e+06 5.44251 13.6883 1.0008e+10 0 0 498.056 544019 0.0566203 61.8454
41 0.178387 0.362991 3013.24 0.000300881 0.36269 0.186794 2.08415e+07 3.54347e+08 38826.4 663.326 24280.8 6.18039e+06 6.24737 13.6893 9.98032e+09 0 0 546.049 588994 0.0566142 61.0666
42 0.186794 0.363181 2974.06 0.000300067 0.36288 0.195598 2.2846e+07 3.858e+08 42667.3 761.502 24276.8 6.1797e+06 7.17118 13.6904 9.95106e+09 0 0 598.663 637371 0.0566077 60.2679
43 0.195598 0.363379 2933.9 0.000299217 0.36308 0.204816 2.50429e+07 4.19821e+08 46881 874.204 24272.5 6.17897e+06 8.23147 13.6915 9.92049e+09 0 0 656.343 689370 0.056601 59.4492
44 0.204816 0.363586 2892.77 0.000298328 0.363288 0.214469 2.74508e+07 4.56602e+08 51503.9 1003.58 24268 6.17822e+06 9.44847 13.6927 9.88854e+09 0 0 719.577 745218 0.056594 58.6107
45 0.214469 0.363803 2850.67 0.000297399 0.363506 0.224576 3.00897e+07 4.96344e+08 56575.9 1152.09 24263.4 6.17742e+06 10.8452 13.6939 9.85515e+09 0 0 788.898 805152 0.0565867 57.7526
46 0.224576 0.364031 2807.62 0.000296427 0.363734 0.23516 3.29819e+07 5.39263e+08 62140.6 1322.57 24258.5 6.17659e+06 12.4483 13.6952 9.82028e+09 0 0 864.892 869419 0.056579 56.8752
47 0.23516 0.364269 2763.63 0.000295412 0.363973 0.246243 3.61514e+07 5.85585e+08 68246.2 1518.27 24253.4 6.17573e+06 14.2882 13.6965 9.78385e+09 0 0 948.201 938272 0.056571 55.9786
48 0.246243 0.364518 2718.72 0.000294352 0.364223 0.257848 3.96249e+07 6.3555e+08 74945.4 1742.92 24248 6.17482e+06 16.3997 13.698 9.7458e+09 0 0 1039.53 1.01197e+06 0.0565626 55.0634
49 0.257848 0.364778 2672.9 0.000293244 0.364485 0.27 4.34314e+07 6.89413e+08 82296.2 2000.78 24242.4 6.17387e+06 18.823 13.6994 9.70607e+09 0 0 1139.64 1.09079e+06 0.0565539 54.1298
50 0.27 0.365051 2626.2 0.000292086 0.364759 0.282725 4.76028e+07 7.47441e+08 90362.3 2296.78 24236.6 6.17287e+06 21.604 13.701 9.66459e+09 0 0 1249.39 1.17501e+06 0.0565447 53.1783
51 0.282725 0.365337 2578.64 0.000290877 0.365046 0.296049 5.21738e+07 8.09915e+08 99213.5 2636.54 24230.4 6.17183e+06 24.7955 13.7026 9.62129e+09 0 0 1369.7 1.2649e+06 0.0565351 52.2095
52 0.296049 0.365636 2530.26 0.000289615 0.365347 0.310001 5.71826e+07 8.7713e+08 108927 3026.54 24224 6.17074e+06 28.458 13.7043 9.5761e+09 0 0 1501.58 1.36075e+06 0.056525 51.2239
53 0.310001 0.365949 2481.08 0.000288283 0.365661 0.324611 6.26711e+07 9.49399e+08 119586 3474.19 24217.3 6.1696e+06 32.6608 13.7061 9.5285e+09 0 0 1646.14 1.46286e+06 0.0565146 50.2222
54 0.324611 0.366277 2431.14 0.000286876 0.36599 0.33991 6.86848e+07 1.02704e+09 131284 3988.01 24210.2 6.1684e+06 37.4836 13.708 9.47827e+09 0 0 1804.61 1.5715e+06 0.0565036 49.205
55 0.33991 0.366621 2380.47 0.000285407 0.366335 0.355929 7.52739e+07 1.11041e+09 144123 4577.78 24202.9 6.16715e+06 43.0178 13.7099 9.42588e+09 0 0 1978.31 1.68699e+06 0.0564921 48.1731
56 0.355929 0.36698 2329.11 0.000283875 0.366696 0.372704 8.24933e+07 1.19984e+09 158214 5254.71 24195.2 6.16584e+06 49.3681 13.7119 9.37126e+09 0 0 2168.71 1.80959e+06 0.0564801 47.1274
57 0.372704 0.367356 2277.12 0.000282277 0.367074 0.390269 9.04028e+07 1.29571e+09 173680 6031.68 24187.1 6.16447e+06 56.6543 13.7141 9.31432e+09 0 0 2377.42 1.93961e+06 0.0564675 46.0688
58 0.390269 0.36775 2224.53 0.000280611 0.367469 0.408662 9.90682e+07 1.3984e+09 190657 6923.44 24178.7 6.16304e+06 65.0147 13.7163 9.25498e+09 0 0 2606.18 2.07731e+06 0.0564544 44.9982
59 0.408662 0.368163 2171.39 0.000278873 0.367884 0.427921 1.08561e+08 1.50832e+09 209293 7946.94 24169.9 6.16154e+06 74.6069 13.7186 9.19316e+09 0 0 2856.92 2.22298e+06 0.0564407 43.9165
60 0.427921 0.368595 2117.76 0.000277062 0.368317 0.448088 1.18961e+08 1.62586e+09 229751 9121.63 24160.6 6.15997e+06 85.6121 13.7211 9.12877e+09 0 0 3131.76 2.37686e+06 0.0564263 42.825
61 0.448088 0.369047 2063.69 0.000275137 0.368772 0.469206 1.30352e+08 1.75144e+09 252210 10469.8 24151 6.15833e+06 98.2382 13.7236 9.06046e+09 0 0 3432.99 2.53922e+06 0.0564113 41.7248
62 0.469206 0.36952 2009.24 0.000273128 0.369247 0.491319 1.42831e+08 1.88552e+09 276867 12017.1 24140.8 6.15661e+06 112.723 13.7263 8.98925e+09 0 0 3763.15 2.71027e+06 0.0563956 40.6169
63 0.491319 0.370016 1954.48 0.000271036 0.369745 0.514474 1.56499e+08 2.02852e+09 303939 13792.8 24130.3 6.15481e+06 129.341 13.7291 8.91517e+09 0 0 4125.02 2.89024e+06 0.0563792 39.5027
64 0.514474 0.370536 1899.45 0.000268859 0.370267 0.538721 1.71469e+08 2.1809e+09 333665 15830.7 24119.2 6.15293e+06 148.403 13.7321 8.83813e+09 0 0 4521.61 3.07929e+06 0.0563621 38.3834
65 0.538721 0.37108 1844.24 0.000266594 0.370813 0.56411 1.87864e+08 2.34313e+09 366307 18169.4 24107.6 6.15096e+06 170.27 13.7351 8.75804e+09 0 0 4956.27 3.27759e+06 0.0563441 37.2605
66 0.56411 0.37165 1788.9 0.000264215 0.371386 0.590696 2.0582e+08 2.51567e+09 402153 20853.2 24095.5 6.1489e+06 195.351 13.7384 8.67406e+09 0 0 5432.64 3.48528e+06 0.0563254 36.1352
67 0.590696 0.372247 1733.51 0.000261713 0.371985 0.618534 2.25483e+08 2.699e+09 441521 23933 24082.8 6.14674e+06 224.12 13.7418 8.58589e+09 0 0 5954.7 3.70243e+06 0.0563058 35.009
68 0.618534 0.372872 1678.14 0.000259113 0.372613 0.647685 2.47015e+08 2.8936e+09 484759 27467.1 24069.6 6.14449e+06 257.118 13.7452 8.49437e+09 0 0 6526.82 3.9291e+06 0.0562853 33.8834
69 0.647685 0.373526 1622.86 0.000256414 0.37327 0.678209 2.70592e+08 3.09994e+09 532251 31522.5 24055.7 6.14213e+06 294.961 13.749 8.39944e+09 0 0 7153.8 4.1653e+06 0.0562639 32.7597
70 0.678209 0.374212 1567.74 0.000253602 0.373959 0.710172 2.96406e+08 3.3185e+09 584422 36176 24041.2 6.13966e+06 338.361 13.7528 8.30064e+09 0 0 7840.86 4.411e+06 0.0562416 31.6396
71 0.710172 0.374931 1512.86 0.000250634 0.37468 0.743642 3.24667e+08 3.54977e+09 641736 41515.4 24026.1 6.13708e+06 388.132 13.7569 8.19661e+09 0 0 8593.76 4.66611e+06 0.0562182 30.5245
72 0.743642 0.375684 1458.29 0.000247558 0.375436 0.778689 3.55607e+08 3.79419e+09 704705 47641.9 24010.2 6.13438e+06 445.204 13.7611 8.08891e+09 0 0 9418.78 4.93048e+06 0.0561937 29.4159
73 0.778689 0.376472 1404.11 0.000244371 0.376228 0.815387 3.89475e+08 4.05225e+09 773894 54671.2 23993.6 6.13156e+06 510.645 13.7655 7.97748e+09 0 0 10322.8 5.20391e+06 0.0561682 28.3154
74 0.815387 0.377298 1350.38 0.000241025 0.377057 0.853815 4.26547e+08 4.32437e+09 849925 62736.1 23976.3 6.1286e+06 585.677 13.7702 7.86068e+09 0 0 11313.3 5.48614e+06 0.0561416 27.2245
75 0.853815 0.378165 1297.2 0.000237542 0.377927 0.894054 4.67122e+08 4.61099e+09 933483 71988.8 23958.2 6.12551e+06 671.702 13.775 7.73933e+09 0 0 12398.7 5.77683e+06 0.0561137 26.1447
76 0.894054 0.379071 1244.61 0.000233943 0.378837 0.936189 5.11528e+08 4.91253e+09 1.02532e+06 82604 23939.2 6.12228e+06 770.322 13.7801 7.61409e+09 0 0 13587.8 6.07559e+06 0.0560846 25.0774
77 0.936189 0.380022 1192.71 0.000230169 0.379792 0.980311 5.60121e+08 5.22937e+09 1.12627e+06 94781.7 23919.4 6.11891e+06 883.376 13.7854 7.48305e+09 0 0 14890.7 6.38194e+06 0.0560542 24.024
78 0.980311 0.381017 1141.55 0.000226257 0.380791 1.02651 6.13292e+08 5.56188e+09 1.23726e+06 108751 23898.7 6.11537e+06 1012.96 13.7911 7.34746e+09 0 0 16318.1 6.69533e+06 0.0560224 22.9861
79 1.02651 0.38206 1091.21 0.000222209 0.381837 1.07489 6.71467e+08 5.91039e+09 1.35928e+06 124776 23877.1 6.11168e+06 1161.49 13.7969 7.20741e+09 0 0 17881.8 7.01514e+06 0.0559893 21.9649
80 1.07489 0.38315 1041.74 0.000217977 0.382932 1.12555 7.3511e+08 6.2752e+09 1.49345e+06 143158 23854.4 6.10782e+06 1331.72 13.803 7.06135e+09 0 0 19595 7.34067e+06 0.0559548 20.9618
81 1.12555 0.384292 993.219 0.000213629 0.384078 1.17859 8.04728e+08 6.65657e+09 1.64101e+06 164242 23830.8 6.10378e+06 1526.79 13.8094 6.91147e+09 0 0 21471.6 7.67112e+06 0.0559188 19.978
82 1.17859 0.385487 945.692 0.000209079 0.385278 1.23414 8.80873e+08 7.05473e+09 1.80331e+06 188425 23806.1 6.09956e+06 1750.32 13.8161 6.75512e+09 0 0 23527.3 8.00564e+06 0.0558813 19.0147
83 1.23414 0.386737 899.22 0.000204416 0.386533 1.2923 9.64149e+08 7.46985e+09 1.98185e+06 216160 23780.3 6.09515e+06 2006.44 13.8231 6.59514e+09 0 0 25779.2 8.34327e+06 0.0558422 18.073
84 1.2923 0.388044 853.851 0.000199557 0.387845 1.35321 1.05521e+09 7.90205e+09 2.17827e+06 247968 23753.3 6.09054e+06 2299.88 13.8304 6.42887e+09 0 0 28245.7 8.68297e+06 0.0558015 17.1539
85 1.35321 0.38941 809.633 0.000194581 0.389215 1.41698 1.15478e+09 8.35141e+09 2.3944e+06 284446 23725.1 6.08572e+06 2636.02 13.838 6.25896e+09 0 0 30947.3 9.02364e+06 0.0557592 16.2583
86 1.41698 0.390837 766.609 0.000189433 0.390648 1.48376 1.26362e+09 8.81794e+09 2.63225e+06 326275 23695.7 6.08069e+06 3021.05 13.8461 6.08365e+09 0 0 33906.2 9.36408e+06 0.0557151 15.3872
87 1.48376 0.392327 724.817 0.000184156 0.392143 1.55369 1.38261e+09 9.3016e+09 2.89404e+06 374240 23664.9 6.07542e+06 3462.03 13.8544 5.90435e+09 0 0 37146.9 9.70303e+06 0.0556694 14.5412
88 1.55369 0.393881 684.291 0.00017877 0.393702 1.62691 1.51264e+09 9.80226e+09 3.18222e+06 429236 23632.8 6.06993e+06 3967.04 13.8632 5.72179e+09 0 0 40696.1 1.00391e+07 0.0556219 13.7211
89 1.62691 0.395499 645.059 0.000173241 0.395326 1.70358 1.65474e+09 1.03198e+10 3.49951e+06 492290 23599.3 6.06418e+06 4545.3 13.8724 5.53492e+09 0 0 44582.9 1.0371e+07 0.0555728 12.9274
90 1.70358 0.397185 607.146 0.000167633 0.397018 1.78387 1.81e+09 1.08538e+10 3.84889e+06 564578 23564.3 6.05819e+06 5207.33 13.8821 5.3458e+09 0 0 48839.4 1.0697e+07 0.0555219 12.1606
91 1.78387 0.398938 570.572 0.00016197 0.398776 1.86794 1.97961e+09 1.14042e+10 4.23367e+06 647448 23527.7 6.05192e+06 5965.22 13.8921 5.15531e+09 0 0 53500.6 1.10158e+07 0.0554692 11.4211
92 1.86794 0.400753 535.352 0.000156299 0.400597 1.95598 2.16487e+09 1.19703e+10 4.65749e+06 742441 23489.6 6.04538e+06 6832.72 13.9026 4.96495e+09 0 0 58605 1.13257e+07 0.0554151 10.7092
93 1.95598 0.402634 501.495 0.000150637 0.402483 2.04816 2.36717e+09 1.25519e+10 5.12439e+06 851322 23449.8 6.03854e+06 7825.53 13.9136 4.77535e+09 0 0 64194.4 1.1625e+07 0.0553593 10.025
94 2.04816 0.404578 469.008 0.000145079 0.404433 2.14469 2.58807e+09 1.31482e+10 5.6388e+06 976113 23408.2 6.03141e+06 8961.57 13.9251 4.58951e+09 0 0 70315 1.1912e+07 0.0553021 9.36867
95 2.14469 0.40657 437.894 0.000139765 0.40643 2.24576 2.8292e+09 1.37587e+10 6.20561e+06 1.11913e+06 23364.9 6.02396e+06 10261.3 13.9372 4.41196e+09 0 0 77017.7 1.2185e+07 0.0552439 8.74016
96 2.24576 0.408622 408.148 0.00013478 0.408487 2.3516 3.09239e+09 1.43826e+10 6.83025e+06 1.28301e+06 23319.6 6.01618e+06 11748.2 13.9498 4.24527e+09 0 0 84357.3 1.24423e+07 0.0551844 8.13941
97 2.3516 0.410704 379.767 0.000130418 0.410574 2.46243 3.37957e+09 1.50191e+10 7.51864e+06 1.4708e+06 23272.5 6.00807e+06 13448.7 13.963 4.09879e+09 0 0 92395.7 1.2682e+07 0.0551246 7.56624
98 2.46243 0.412807 352.742 0.000127018 0.41268 2.57848 3.69289e+09 1.56674e+10 8.27731e+06 1.68594e+06 23223.3 5.9996e+06 15393.3 13.9768 3.98308e+09 0 0 101200 1.29023e+07 0.0550647 7.0204
99 2.57848 0.414918 327.06 0.000125106 0.414793 2.7 4.03463e+09 1.63265e+10 9.11343e+06 1.93242e+06 23172 5.99077e+06 17616.7 13.9912 3.91444e+09 0 0 110844 1.31016e+07 0.0550054 6.50157
100 2.7 0.417033 302.705 0.00012556 0.416907 2.82725 4.40729e+09 1.69953e+10 1.00349e+07 2.21477e+06 23118.6 5.98155e+06 20158.3 14.0063 3.91997e+09 0 0 121409 1.3278e+07 0.0549469 6.00934
101 2.82725 0.419082 279.675 0.000130573 0.418951 2.96049 4.81357e+09 1.76729e+10 1.10502e+07 2.53816e+06 23062.9 5.97194e+06 23063 14.0221 4.06779e+09 0 0 132988 1.34299e+07 0.0548916 5.54325
102 2.96049 0.421096 257.953 0.00014373 0.420952 3.10001 5.25638e+09 1.83581e+10 1.21689e+07 2.90853e+06 23004.8 5.96191e+06 26382.2 14.0386 4.46838e+09 0 0 145680 1.35554e+07 0.0548395 5.10279
103 3.10001 0.423058 237.548 0.000175573 0.422882 3.24611 5.7389e+09 1.90501e+10 1.34011e+07 3.33265e+06 22944.3 5.95146e+06 30174.1 14.0558 5.4474e+09 0 0 159601 1.36532e+07 0.0547935 4.68736
104 3.24611 0.424923 218.563 0.000273136 0.42465 3.3991 6.26453e+09 1.97481e+10 1.47582e+07 3.81827e+06 22881.3 5.94056e+06 34505.2 14.0739 8.45862e+09 0 0 174910 1.37216e+07 0.0547657 4.29634
105 3.3991 632.889 3.02965e-05 0 632.889 3.55929 6.83696e+09 1.97481e+10 2.23109e+09 4.37424e+06 22815.8 5.92921e+06 39450.6 14.0928 0 0 0 610.458 0 0.000174321 0
106 3.55929 577.755 0 0 577.755 3.72704 7.46018e+09 1.97481e+10 4.44954e+09 5.01066e+06 22747.5 5.91737e+06 45096.7 14.1125 0 0 0 642.963 0 0.000167448 0
107 3.72704 526.191 0 0 526.191 3.90269 8.13848e+09 1.97481e+10 6.66493e+09 5.7391e+06 22676.4 5.90504e+06 51540.9 14.1331 0 0 0 676.053 0 0.000160574 0
108 3.90269 478.073 0 0 478.073 4.08662 8.87649e+09 1.97481e+10 8.87192e+09 6.57273e+06 22602.5 5.8922e+06 58894.2 14.1547 0 0 0 709.379 0 0.000153664 0
109 4.08662 433.274 0 0 433.274 4.27921 9.67921e+09 1.97481e+10 1.10651e+10 7.5266e+06 22525.6 5.87883e+06 67282.6 14.1772 0 0 0 743.006 0 0.000146786 0
110 4.27921 391.662 0 0 391.662 4.48088 1.0552e+10 1.97481e+10 1.32389e+10 8.61791e+06 22445.6 5.86491e+06 76848.8 14.2007 0 0 0 776.862 0 0.000139971 0
111 4.48088 353.106 0 0 353.106 4.69206 1.15007e+10 1.97481e+10 1.53877e+10 9.86626e+06 22362.5 5.85041e+06 87755.2 14.2253 0 0 0 810.725 0 0.000133219 0
112 4.69206 317.469 0 0 317.469 4.91319 1.25314e+10 1.97481e+10 1.75061e+10 1.1294e+07 22276.1 5.83534e+06 100186 14.251 0 0 0 844.492 0 0.000126558 0
113 4.91319 284.616 0 0 284.616 5.14474 1.36508e+10 1.97481e+10 1.95886e+10 1.29267e+07 22186.3 5.81965e+06 114350 14.2779 0 0 0 877.963 0 0.000119997 0
114 5.14474 254.412 0 0 254.412 5.38721 1.48661e+10 1.97481e+10 2.16296e+10 1.47934e+07 22093.1 5.80333e+06 130483 14.306 0 0 0 910.843 0 0.000113537 0
115 5.38721 226.718 0 0 226.718 5.6411 1.6185e+10 1.97481e+10 2.36239e+10 1.69272e+07 21996.3 5.78637e+06 148853 14.3354 0 0 0 943.321 0 0.000107239 0
116 5.6411 201.4 0 0 201.4 5.90696 1.76156e+10 1.97481e+10 2.55664e+10 1.9366e+07 21895.8 5.76874e+06 169762 14.366 0 0 0 974.893 0 0.000101077 0
117 5.90696 178.323 0 0 178.323 6.18534 1.91668e+10 1.97481e+10 2.74523e+10 2.21528e+07 21791.6 5.75042e+06 193554 14.3981 0 0 0 1005.19 0 9.5048e-05 0
118 6.18534 157.353 0 0 157.353 6.47685 2.08478e+10 1.97481e+10 2.92769e+10 2.53366e+07 21683.5 5.73139e+06 220614 14.4315 0 0 0 1034.35 0 8.91993e-05 0
119 6.47685 138.36 0 0 138.36 6.78209 2.26688e+10 1.97481e+10 3.10361e+10 2.89732e+07 21571.5 5.71163e+06 251382 14.4664 0 0 0 1061.83 0 8.35123e-05 0
120 6.78209 121.214 0 0 121.214 7.10172 2.46403e+10 1.97481e+10 3.2726e+10 3.31261e+07 21455.4 5.69112e+06 286350 14.5029 0 0 0 1087.64 0 7.8015e-05 0
121 7.10172 105.789 0 0 105.789 7.43642 2.67738e+10 1.97481e+10 3.43432e+10 3.78676e+07 21335.1 5.66983e+06 326074 14.541 0 0 0 1111.7 0 7.27247e-05 0
122 7.43642 91.9634 0 0 91.9634 7.78689 2.90814e+10 1.97481e+10 3.58846e+10 4.32797e+07 21210.6 5.64775e+06 371184 14.5807 0 0 0 1133.47 0 6.76245e-05 0
123 7.78689 79.6173 0 0 79.6173 8.15387 3.15758e+10 1.97481e+10 3.73478e+10 4.94559e+07 21081.8 5.62486e+06 422385 14.6223 0 0 0 1152.46 0 6.27076e-05 0
124 8.15387 68.6356 0 0 68.6356 8.53815 3.42707e+10 1.97481e+10 3.87309e+10 5.65024e+07 20948.5 5.60113e+06 481467 14.6353 0 0 0 1169.25 0 5.8023e-05 0
125 8.53815 58.9072 0 0 58.9072 8.94054 3.71805e+10 1.97481e+10 4.00325e+10 6.45395e+07 20810.8 5.57654e+06 546994 14.6933 0 0 0 1183.25 0 5.35515e-05 0
126 8.94054 50.3256 0 0 50.3256 9.36189 4.03205e+10 1.97481e+10 4.12518e+10 7.37043e+07 20668.4 5.55108e+06 621173 14.754 0 0 0 1194.37 0 4.92982e-05 0
127 9.36189 42.789 0 0 42.789 9.80311 4.37068e+10 1.97481e+10 4.23885e+10 8.4152e+07 20521.4 5.52472e+06 705100 14.8174 0 0 0 1202.25 0 4.52573e-05 0
128 9.80311 36.2005 0 0 36.2005 10.2651 4.73563e+10 1.97481e+10 4.34429e+10 9.60589e+07 20369.6 5.49745e+06 800007 14.8835 0 0 0 1206.74 0 4.14292e-05 0
129 10.2651 30.4685 0 0 30.4685 10.7489 5.1287e+10 1.97481e+10 4.4416e+10 1.09625e+08 20213 5.46924e+06 907258 14.9526 0 0 0 1208.05 0 3.78249e-05 0
130 10.7489 25.5064 0 0 25.5064 11.2555 5.55178e+10 1.97481e+10 4.53092e+10 1.25076e+08 20051.6 5.44008e+06 1.02839e+06 15.0247 0 0 0 1206.07 0 3.44403e-05 0
131 11.2555 21.2332 0 0 21.2332 11.7859 6.00682e+10 1.97481e+10 4.61245e+10 1.42669e+08 19885.2 5.40995e+06 1.16512e+06 15.1 0 0 0 1200.46 0 3.12638e-05 0
132 11.7859 17.5732 0 0 17.5732 12.3414 6.49591e+10 1.97481e+10 4.68644e+10 1.62695e+08 19713.9 5.37884e+06 1.31934e+06 15.1785 0 0 0 1191.52 0 2.83006e-05 0
133 12.3414 14.4561 0 0 14.4561 12.923 7.02121e+10 1.97481e+10 4.75318e+10 1.85482e+08 19537.6 5.34672e+06 1.49319e+06 15.2606 0 0 0 1179.24 0 2.55443e-05 0
134 12.923 11.817 0 0 11.817 13.5321 7.58497e+10 1.97481e+10 4.81299e+10 2.11402e+08 19356.2 5.31358e+06 1.68902e+06 15.3462 0 0 0 1163.22 0 2.29803e-05 0
135 13.5321 9.59626 0 0 9.59626 14.1698 8.18955e+10 1.97481e+10 4.86625e+10 2.40876e+08 19169.9 5.27942e+06 1.90947e+06 15.4355 0 0 0 1144.02 0 2.06124e-05 0
136 14.1698 7.73963 0 0 7.73963 14.8376 8.83739e+10 1.97481e+10 4.91335e+10 2.74378e+08 18978.4 5.24421e+06 2.15743e+06 15.5288 0 0 0 1121.28 0 1.8425e-05 0
137 14.8376 6.19775 0 0 6.19775 15.5369 9.53103e+10 1.97481e+10 4.95471e+10 3.12446e+08 18781.9 5.20794e+06 2.43615e+06 15.6261 0 0 0 1095.17 0 1.64125e-05 0
138 15.5369 4.92622 0 0 4.92622 16.2691 1.02731e+11 1.97481e+10 4.99075e+10 3.55684e+08 18580.3 5.17061e+06 2.7492e+06 15.7276 0 0 0 1066.2 0 1.45725e-05 0
139 16.2691 3.88526 0 0 3.88526 17.0358 1.10663e+11 1.97481e+10 5.02192e+10 4.04776e+08 18373.7 5.13221e+06 3.10053e+06 15.8335 0 0 0 1034.55 0 1.28957e-05 0
140 17.0358 3.03955 0 0 3.03955 17.8387 1.19135e+11 1.97481e+10 5.04866e+10 4.60492e+08 18162.1 5.09273e+06 3.49453e+06 15.9439 0 0 0 1000.03 0 1.13686e-05 0
141 17.8387 2.35792 0 0 2.35792 18.6794 1.28175e+11 1.97481e+10 5.0714e+10 5.237e+08 17945.6 5.05217e+06 3.93597e+06 16.0591 0 0 0 963.659 0 9.99118e-06 0
142 18.6794 1.81311 0 0 1.81311 19.5598 1.37813e+11 1.97481e+10 5.09057e+10 5.95377e+08 17724.1 5.01052e+06 4.43045e+06 16.1783 0 0 0 924.71 0 8.74377e-06 0
143 19.5598 1.38142 0 0 1.38142 20.4816 1.48079e+11 1.97481e+10 5.10659e+10 6.76623e+08 17497.8 4.96778e+06 4.99187e+06 16.2755 0 0 0 883.828 0 7.62186e-06 0
144 20.4816 1.04246 0 0 1.04246 21.4469 1.59003e+11 1.97481e+10 5.11985e+10 7.68674e+08 17266.8 4.92396e+06 5.62078e+06 16.3769 0 0 0 841.42 0 6.61769e-06 0
145 21.4469 0.778843 0 0 0.778843 22.4576 1.70618e+11 1.97481e+10 5.13071e+10 8.72919e+08 17031.1 4.87905e+06 6.32474e+06 16.4822 0 0 0 797.539 0 5.72065e-06 0
146 22.4576 0.57584 0 0 0.57584 23.516 1.82955e+11 1.97481e+10 5.13951e+10 9.90921e+08 16790.9 4.83306e+06 7.11201e+06 16.5919 0 0 0 752.446 0 4.92231e-06 0
147 23.516 0.421133 0 0 0.421133 24.6243 1.96046e+11 1.97481e+10 5.14657e+10 1.12443e+09 16546.2 4.78599e+06 7.99179e+06 16.7059 0 0 0 706.706 0 4.21631e-06 0
148 24.6243 0.304506 0 0 0.304506 25.7848 2.09924e+11 1.97481e+10 5.15216e+10 1.27541e+09 16297.3 4.73787e+06 8.97405e+06 16.8245 0 0 0 660.497 0 3.59388e-06 0
149 25.7848 0.217578 0 0 0.217578 27 2.24622e+11 1.97481e+10 5.15655e+10 1.44608e+09 16044.2 4.68869e+06 1.00697e+07 16.9479 0 0 0 613.929 0 3.04657e-06 0
150 27 0.153551 0 0 0.153551 28.2725 2.40172e+11 1.97481e+10 5.15994e+10 1.63888e+09 15787.1 4.63848e+06 1.1291e+07 17.0761 0 0 0 567.82 0 2.56983e-06 0
151 28.2725 0.106974 0 0 0.106974 29.6049 2.56608e+11 1.97481e+10 5.16253e+10 1.85659e+09 15526.3 4.58724e+06 1.26508e+07 17.2094 0 0 0 522.06 0 2.15483e-06 0
152 29.6049 0.0735265 0 0 0.0735265 31.0001 2.73961e+11 1.97481e+10 5.16449e+10 2.1023e+09 15261.8 4.535e+06 1.41637e+07 17.3478 0 0 0 476.873 0 1.79513e-06 0
153 31.0001 0.049831 0 0 0.049831 32.4611 2.92265e+11 1.97481e+10 5.16594e+10 2.37946e+09 14994 4.48178e+06 1.58452e+07 17.4918 0 0 0 433.034 0 1.48667e-06 0
154 32.4611 0.0332799 0 0 0.0332799 33.991 3.11551e+11 1.97481e+10 5.167e+10 2.69193e+09 14722.9 4.4276e+06 1.77631e+07 17.5909 0 0 0 390.35 0 1.22221e-06 0
155 33.991 0.0218887 0 0 0.0218887 35.5929 3.31851e+11 1.97481e+10 5.16777e+10 3.04402e+09 14448.9 4.37249e+06 1.98405e+07 17.7458 0 0 0 349.512 0 9.98057e-07 0
156 35.5929 0.0141687 0 0 0.0141687 37.2704 3.53195e+11 1.97481e+10 5.16831e+10 3.44053e+09 14172.1 4.31648e+06 2.21429e+07 17.9067 0 0 0 310.531 0 8.0872e-07 0
157 37.2704 0.00902021 0 0 0.00902021 39.0269 3.75615e+11 1.97481e+10 5.16869e+10 3.88681e+09 13892.9 4.25959e+06 2.46921e+07 18.0738 0 0 0 273.689 0 6.50057e-07 0
158 39.0269 0.0056439 0 0 0.0056439 40.8662 3.99139e+11 1.97481e+10 5.16895e+10 4.38882e+09 13611.4 4.20186e+06 2.7512e+07 18.2472 0 0 0 239.179 0 5.18103e-07 0
159 40.8662 0.00346817 0 0 0.00346817 42.7921 4.23795e+11 1.97481e+10 5.16913e+10 4.95321e+09 13327.9 4.14332e+06 3.06279e+07 18.4273 0 0 0 207.079 0 4.09101e-07 0
160 42.7921 0.00209148 0 0 0.00209148 44.8088 4.49611e+11 1.97481e+10 5.16924e+10 5.58735e+09 13042.8 4.08401e+06 3.40675e+07 18.6142 0 0 0 177.586 0 3.19966e-07 0
161 44.8088 0.0012368 0 0 0.0012368 46.9206 4.76612e+11 1.97481e+10 5.16932e+10 6.29945e+09 12756.2 4.02397e+06 3.78609e+07 18.8082 0 0 0 150.772 0 2.4775e-07 0
162 46.9206 0.000716619 0 0 0.000716619 49.1319 5.04823e+11 1.97481e+10 5.16937e+10 7.0986e+09 12468.5 3.96324e+06 4.21607e+07 18.955 0 0 0 126.677 0 1.89842e-07 0
163 49.1319 0.000406491 0 0 0.000406491 51.4474 5.34267e+11 1.97481e+10 5.1694e+10 7.99492e+09 12180 3.90186e+06 4.67729e+07 19.1632 0 0 0 105.231 0 1.43826e-07 0
164 51.4474 0.000225532 0 0 0.000225532 53.8721 5.64966e+11 1.97481e+10 5.16941e+10 8.99961e+09 11890.9 3.83987e+06 5.18432e+07 19.3793 0 0 0 86.407 0 1.07707e-07 0
165 53.8721 0.000122282 0 0 0.000122282 56.411 5.96939e+11 1.97481e+10 5.16942e+10 1.01251e+10 11601.6 3.77733e+06 5.7412e+07 19.6033 0 0 0 70.0433 0 7.9627e-08 0
166 56.411 6.47303e-05 0 0 6.47303e-05 59.0696 6.30205e+11 1.97481e+10 5.16943e+10 1.13851e+10 11312.3 3.71427e+06 6.3521e+07 19.8357 0 0 0 56.032 0 5.80938e-08 0
167 59.0696 3.34201e-05 0 0 3.34201e-05 61.8534 6.6478e+11 1.97481e+10 5.16943e+10 1.27948e+10 11023.3 3.65074e+06 7.02157e+07 20.0768 0 0 0 44.2237 0 4.18166e-08 0
168 61.8534 1.68119e-05 0 0 1.68119e-05 64.7685 7.00679e+11 1.97481e+10 5.16944e+10 1.4371e+10 10735 3.5868e+06 7.75448e+07 20.3266 0 0 0 34.4047 0 2.96696e-08 0
169 64.7685 8.23116e-06 0 0 8.23116e-06 67.8209 7.37915e+11 1.97481e+10 5.16944e+10 1.61323e+10 10447.6 3.52249e+06 8.58046e+07 20.5268 0 0 0 26.3613 0 2.07329e-08 0
170 67.8209 3.91786e-06 0 0 3.91786e-06 71.0172 7.76497e+11 1.97481e+10 5.16944e+10 1.80991e+10 10161.4 3.45787e+06 9.45839e+07 20.7946 0 0 0 19.877 0 1.42575e-08 0
171 71.0172 1.81076e-06 0 0 1.81076e-06 74.3642 8.16436e+11 1.97481e+10 5.16944e+10 2.02941e+10 9876.7 3.39298e+06 1.04164e+08 21.0722 0 0 0 14.7432 0 9.64464e-09 0
172 74.3642 8.11611e-07 0 0 8.11611e-07 77.8689 8.57738e+11 1.97481e+10 5.16944e+10 2.2742e+10 9593.8 3.32788e+06 1.14606e+08 21.36 0 0 0 10.7447 0 6.41047e-09 0
173 77.8689 3.5232e-07 0 0 3.5232e-07 81.5387 9.00407e+11 1.97481e+10 5.16944e+10 2.54704e+10 9312.96 3.26261e+06 1.25974e+08 21.6582 0 0 0 7.69114 0 4.18489e-09 0
174 81.5387 1.47917e-07 0 0 1.47917e-07 85.3815 9.44447e+11 1.97481e+10 5.16944e+10 2.85093e+10 9034.44 3.19723e+06 1.38338e+08 21.9672 0 0 0 5.40114 0 2.68027e-09 0
175 85.3815 5.99717e-08 0 0 5.99717e-08 89.4054 9.89859e+11 1.97481e+10 5.16944e+10 3.18919e+10 8758.51 3.13179e+06 1.52205e+08 22.2238 0 0 0 3.71908 0 1.68317e-09 0
176 89.4054 2.34446e-08 0 0 2.34446e-08 93.6189 1.03664e+12 1.97481e+10 5.16944e+10 3.56545e+10 8485.41 3.06635e+06 1.66821e+08 22.5547 0 0 0 2.5073 0 1.0349e-09 0
177 93.6189 8.8223e-09 0 0 8.8223e-09 98.0311 1.08479e+12 1.97481e+10 5.16944e+10 3.9837e+10 8215.38 3.00095e+06 1.82663e+08 22.8977 0 0 0 1.65431 0 6.22746e-10 0
178 98.0311 3.19008e-09 0 0 3.19008e-09 102.651 1.1343e+12 1.97481e+10 5.16944e+10 4.44834e+10 7948.66 2.93564e+06 1.99815e+08 23.2531 0 0 0 1.06747 0 3.66479e-10 0
179 102.651 1.10635e-09 0 0 1.10635e-09 107.489 1.18517e+12 1.97481e+10 5.16944e+10 4.96414e+10 7685.47 2.87047e+06 2.18364e+08 23.6214 0 0 0 0.672845 0 2.10673e-10 0
180 107.489 3.6728e-10 0 0 3.6728e-10 112.555 1.23739e+12 1.97481e+10 5.16944e+10 5.53637e+10 7426 2.8055e+06 2.39303e+08 23.9124 0 0 0 0.413817 0 1.18169e-10 0
181 112.555 1.16468e-10 0 0 1.16468e-10 117.859 1.29094e+12 1.97481e+10 5.16944e+10 6.17077e+10 7170.46 2.74076e+06 2.62223e+08 24.1931 0 0 0 0.247921 0 6.45665e-11 0
182 117.859 3.52019e-11 0 0 3.52019e-11 123.414 1.34582e+12 1.97481e+10 5.16944e+10 6.87362e+10 6919.03 2.67631e+06 2.87079e+08 24.4827 0 0 0 0.144553 0 3.43337e-11 0
183 123.414 1.01173e-11 0 0 1.01173e-11 129.23 1.40201e+12 1.97481e+10 5.16944e+10 7.65177e+10 6671.88 2.61219e+06 3.14007e+08 24.7813 0 0 0 0.0819573 0 1.77534e-11 0
184 129.23 2.75824e-12 0 0 2.75824e-12 135.321 1.4595e+12 1.97481e+10 5.16944e+10 8.5127e+10 6429.16 2.54845e+06 3.43147e+08 25.0894 0 0 0 0.0450987 0 8.90958e-12 0
185 135.321 7.11458e-13 0 0 7.11458e-13 141.698 1.51828e+12 1.97481e+10 5.16944e+10 9.46457e+10 6191.02 2.48512e+06 3.768e+08 25.2619 0 0 0 0.0240587 0 4.33477e-12 0
186 141.698 1.73156e-13 0 0 1.73156e-13 148.376 1.57832e+12 1.97481e+10 5.16944e+10 1.05163e+11 5957.59 2.42226e+06 4.11013e+08 25.5876 0 0 0 0.012416 0 2.04022e-12 0
187 148.376 3.96511e-14 0 0 3.96511e-14 155.369 1.6396e+12 1.97481e+10 5.16944e+10 1.16774e+11 5728.98 2.35989e+06 4.47917e+08 25.9236 0 0 0 0.00619541 0 9.28461e-13 0
188 155.369 8.51738e-15 0 0 8.51738e-15 162.691 1.70212e+12 1.97481e+10 5.16944e+10 1.29586e+11 5505.3 2.29806e+06 4.87681e+08 26.27 0 0 0 0.00298506 0 4.07987e-13 0
189 162.691 1.71091e-15 0 0 1.71091e-15 170.358 1.76584e+12 1.97481e+10 5.16944e+10 1.43711e+11 5286.64 2.2368e+06 5.33619e+08 26.4706 0 0 0 0.00138799 0 1.73014e-13 0
190 170.358 3.20329e-16 0 0 3.20329e-16 178.387 1.83074e+12 1.97481e+10 5.16944e+10 1.59274e+11 5073.07 2.17614e+06 5.83097e+08 26.6898 0 0 0 0.000620203 0 7.05062e-14 0
191 178.387 5.57084e-17 0 0 5.57084e-17 186.794 1.89681e+12 1.97481e+10 5.16944e+10 1.76408e+11 4864.67 2.11613e+06 6.36621e+08 26.9146 0 0 0 0.00026607 0 2.75861e-14 0
192 186.794 8.96688e-18 0 0 8.96688e-18 195.598 1.96402e+12 1.97481e+10 5.16944e+10 1.95259e+11 4661.48 2.05679e+06 6.94456e+08 27.1453 0 0 0 0.000109479 0 1.0352e-14 0
193 195.598 1.33086e-18 0 0 1.33086e-18 204.816 2.03234e+12 1.97481e+10 5.16944e+10 2.15984e+11 4463.54 1.99814e+06 7.56888e+08 27.3819 0 0 0 4.31007e-05 0 3.71687e-15 0
194 204.816 1.81421e-19 0 0 1.81421e-19 214.469 2.10176e+12 1.97481e+10 5.16944e+10 2.38753e+11 4270.89 1.94023e+06 8.35991e+08 27.2353 0 0 0 1.61752e-05 0 1.27217e-15 0
195 214.469 2.26222e-20 0 0 2.26222e-20 224.576 2.17225e+12 1.97481e+10 5.16944e+10 2.63748e+11 4083.54 1.88306e+06 9.14997e+08 27.317 0 0 0 5.77316e-06 0 4.14102e-16 0
196 224.576 2.56932e-21 0 0 2.56932e-21 235.16 2.24378e+12 1.97481e+10 5.16944e+10 2.91166e+11 3901.49 1.82667e+06 1.00068e+09 27.4 0 0 0 1.9546e-06 0 1.27865e-16 0
197 235.16 2.64605e-22 0 0 2.64605e-22 246.243 2.31632e+12 1.97481e+10 5.16944e+10 3.21221e+11 3724.75 1.77108e+06 1.09889e+09 27.35 0 0 0 6.26371e-07 0 3.73701e-17 0
198 246.243 2.45953e-23 0 0 2.45953e-23 257.848 2.38987e+12 1.97481e+10 5.16944e+10 3.5414e+11 3553.29 1.7163e+06 1.19233e+09 27.6091 0 0 0 1.89037e-07 0 1.02859e-17 0
199 257.848 2.05339e-24 0 0 2.05339e-24 270 2.46437e+12 1.97481e+10 5.16944e+10 3.90168e+11 3387.1 1.66236e+06 1.2925e+09 27.8748 0 0 0 5.37374e-08 0 2.66667e-18 0
