#i RadiusInner RadiusOuter RadiusIso SDensityCold SDensityStar SDensityColdMolecular SDensityColdAtomic MassProfHalo MassProfStar MassProfCold MassProfHot DensityProfHot TemperatureProfHot CoolingRate CoolingTime SDensitySFR SDensityOFR SDensityCAR StellarAge MassProfDM MassProfDMContracted MassMetalCold MassMetalStar SDensityMetalCold SDensityMetalStar MetallicityCold MetallicityStar MassStar MassHalo
0 0.0315009 0.0329855 0.0211883 750.412 6731.45 745.78 4.63127 507865 2.02458e+06 27985.9 1.89617 12613 1.86298e+06 1.04469 1.81505 6.1382e+14 7.51486e+15 6.57362e+14 0.741202 0 0 2605.17 14774.3 8.66186 49.1227 0.0115428 0.00729749 2.7425e+10 9.98021e+11
1 0.0329855 0.0345401 0.0221868 749.746 6739.05 745.115 4.63131 556819 4.24699e+06 58712.9 2.17703 12612.4 1.86292e+06 0.154745 1.815 6.13067e+14 7.50564e+15 6.56572e+14 0.784073 0 0 2853.95 16165 8.65408 49.0174 0.0115427 0.00727363 2.7425e+10 9.98021e+11
2 0.0345401 0.0361679 0.0232325 749.051 6720.72 744.419 4.63134 610490 6.67718e+06 92451.6 2.49949 12611.8 1.86286e+06 0.177668 1.81494 6.12278e+14 7.49599e+15 6.55746e+14 0.775613 0 0 3126.35 17685 8.64593 48.908 0.0115425 0.0072772 2.7425e+10 9.98021e+11
3 0.0361679 0.0378724 0.0243274 748.322 6701.48 743.691 4.63139 669331 9.33421e+06 129499 2.8697 12611.1 1.8628e+06 0.203986 1.81488 6.11454e+14 7.4859e+15 6.54882e+14 0.767915 0 0 3424.6 19345.8 8.63742 48.7934 0.0115424 0.00728099 2.7425e+10 9.98021e+11
4 0.0378724 0.0396573 0.0254739 747.561 6681.48 742.929 4.63143 733841 1.22389e+07 170183 3.29473 12610.5 1.86273e+06 0.234201 1.81483 6.10592e+14 7.47534e+15 6.53978e+14 0.76099 0 0 3751.12 21160.3 8.62851 48.674 0.0115422 0.00728491 2.7425e+10 9.98021e+11
5 0.0396573 0.0415263 0.0266745 746.764 6660.65 742.133 4.63147 804565 1.54139e+07 214862 3.78271 12609.7 1.86266e+06 0.268893 1.81477 6.09691e+14 7.46431e+15 6.53033e+14 0.752931 0 0 4108.58 23142.5 8.61919 48.5494 0.011542 0.00728899 2.7425e+10 9.98021e+11
6 0.0415263 0.0434834 0.0279316 745.931 6638.91 741.299 4.63152 882102 1.88838e+07 263933 4.34295 12609 1.86258e+06 0.308723 1.8147 6.08749e+14 7.45278e+15 6.52045e+14 0.743004 0 0 4499.88 25307.2 8.60944 48.4193 0.0115419 0.00729326 2.7425e+10 9.98021e+11
7 0.0434834 0.0455327 0.029248 745.059 6616.24 740.427 4.63157 967106 2.26755e+07 317831 4.98615 12608.2 1.86251e+06 0.354452 1.81464 6.07764e+14 7.44072e+15 6.51013e+14 0.735086 0 0 4928.17 27671 8.59924 48.2835 0.0115417 0.00729773 2.7425e+10 9.98021e+11
8 0.0455327 0.0476786 0.0306264 744.147 6592.6 739.516 4.63162 1.0603e+06 2.68182e+07 377034 5.7246 12607.4 1.86242e+06 0.406955 1.81456 6.06734e+14 7.42811e+15 6.49933e+14 0.726162 0 0 5396.93 30251.5 8.58858 48.1417 0.0115415 0.00730239 2.7425e+10 9.98021e+11
9 0.0476786 0.0499256 0.0320698 743.194 6567.96 738.562 4.63167 1.16246e+06 3.13436e+07 442069 6.57239 12606.5 1.86234e+06 0.467235 1.81449 6.05658e+14 7.41493e+15 6.48804e+14 0.71454 0 0 5909.94 33068.2 8.57743 47.9938 0.0115413 0.00730725 2.7425e+10 9.98021e+11
10 0.0499256 0.0522785 0.0335812 742.197 6542.3 737.565 4.63173 1.27446e+06 3.62862e+07 513518 7.54572 12605.6 1.86225e+06 0.536442 1.81441 6.04532e+14 7.40116e+15 6.47624e+14 0.705464 0 0 6471.3 36142 8.56576 47.8394 0.0115411 0.00731233 2.7425e+10 9.98021e+11
11 0.0522785 0.0547423 0.0351638 741.154 6515.57 736.522 4.63179 1.39725e+06 4.16836e+07 592017 8.66316 12604.7 1.86216e+06 0.615899 1.81433 6.03357e+14 7.38676e+15 6.46391e+14 0.693667 0 0 7085.54 39495.5 8.55357 47.6785 0.0115409 0.00731762 2.7425e+10 9.98021e+11
12 0.0547423 0.0573223 0.036821 740.064 6487.75 735.432 4.63185 1.53185e+06 4.75763e+07 678270 9.94605 12603.7 1.86206e+06 0.707126 1.81424 6.02128e+14 7.37171e+15 6.45102e+14 0.683055 0 0 7757.56 43153.6 8.54082 47.5107 0.0115407 0.00732314 2.7425e+10 9.98021e+11
13 0.0573223 0.0600238 0.0385563 738.924 6458.89 734.292 4.63191 1.67941e+06 5.40089e+07 773051 11.4189 12602.6 1.86196e+06 0.81186 1.81415 6.00844e+14 7.35599e+15 6.43755e+14 0.67244 0 0 8492.72 47143.2 8.52749 47.3362 0.0115404 0.00732884 2.7425e+10 9.98021e+11
14 0.0600238 0.0628526 0.0403734 737.732 6428.7 733.1 4.63198 1.84118e+06 6.10291e+07 877211 13.1098 12601.5 1.86185e+06 0.932111 1.81405 5.99502e+14 7.33957e+15 6.42348e+14 0.658535 0 0 9296.86 51492.1 8.51355 47.1536 0.0115402 0.00733486 2.7425e+10 9.98021e+11
15 0.0628526 0.0658148 0.0422762 736.486 6397.3 731.854 4.63205 2.01851e+06 6.8689e+07 991688 15.051 12600.4 1.86174e+06 1.07017 1.81396 5.981e+14 7.32241e+15 6.40878e+14 0.647267 0 0 10176.4 56232.2 8.49898 46.9634 0.0115399 0.00734113 2.7425e+10 9.98021e+11
16 0.0658148 0.0689165 0.0442686 735.183 6364.74 730.551 4.63212 2.21291e+06 7.70451e+07 1.11752e+06 17.2797 12599.2 1.86162e+06 1.22867 1.81386 5.96636e+14 7.30448e+15 6.39342e+14 0.632236 0 0 11138.2 61397.7 8.48374 46.7656 0.0115396 0.00734761 2.7425e+10 9.98021e+11
17 0.0689165 0.0721645 0.0463549 733.822 6330.93 729.19 4.6322 2.42601e+06 8.61588e+07 1.25584e+06 19.8382 12598 1.8615e+06 1.41064 1.81375 5.95107e+14 7.28576e+15 6.37737e+14 0.620019 0 0 12189.8 67025 8.46782 46.5598 0.0115393 0.00735434 2.7425e+10 9.98021e+11
18 0.0721645 0.0755655 0.0485395 732.399 6295.61 727.767 4.63227 2.65961e+06 9.6096e+07 1.4079e+06 22.7755 12596.7 1.86137e+06 1.61957 1.81364 5.9351e+14 7.26621e+15 6.36062e+14 0.604766 0 0 13339.6 73151.9 8.45119 46.3447 0.011539 0.00736143 2.7425e+10 9.98021e+11
19 0.0755655 0.0791268 0.0508271 730.912 6258.6 726.279 4.63236 2.91569e+06 1.06928e+08 1.57508e+06 26.1476 12595.3 1.86123e+06 1.85943 1.81352 5.91842e+14 7.24579e+15 6.34312e+14 0.590599 0 0 14596.5 79819.8 8.4338 46.1195 0.0115387 0.00736898 2.7425e+10 9.98021e+11
20 0.0791268 0.0828559 0.0532225 729.358 6219.89 724.725 4.63244 3.19639e+06 1.18731e+08 1.75892e+06 30.0189 12593.9 1.86109e+06 2.13482 1.8134 5.901e+14 7.22447e+15 6.32484e+14 0.574861 0 0 15970.3 87073.8 8.41563 45.8841 0.0115384 0.00737699 2.7425e+10 9.98021e+11
21 0.0828559 0.0867608 0.0557308 727.734 6179.76 723.101 4.63253 3.50408e+06 1.3159e+08 1.96108e+06 34.4632 12592.4 1.86095e+06 2.45098 1.81327 5.88282e+14 7.20221e+15 6.30577e+14 0.558623 0 0 17471.5 94965.2 8.39664 45.6393 0.0115381 0.00738529 2.7425e+10 9.98021e+11
22 0.0867608 0.0908497 0.0583574 726.037 6138.19 721.405 4.63263 3.84136e+06 1.45594e+08 2.18342e+06 39.5653 12590.8 1.86079e+06 2.81397 1.81313 5.86385e+14 7.17898e+15 6.28585e+14 0.541952 0 0 19111.9 103547 8.37681 45.385 0.0115377 0.00739388 2.7425e+10 9.98021e+11
23 0.0908497 0.0951313 0.0611077 724.265 6094.97 719.632 4.63273 4.21106e+06 1.60842e+08 2.42798e+06 45.4225 12589.2 1.86063e+06 3.2307 1.81298 5.84404e+14 7.15473e+15 6.26506e+14 0.524165 0 0 20904 112875 8.35609 45.1202 0.0115373 0.00740286 2.7425e+10 9.98021e+11
24 0.0951313 0.0996147 0.0639876 722.414 6050.2 717.781 4.63283 4.6163e+06 1.77438e+08 2.697e+06 52.1465 12587.4 1.86046e+06 3.70914 1.81284 5.82338e+14 7.12943e+15 6.24337e+14 0.505722 0 0 22861.4 123010 8.33445 44.8451 0.011537 0.00741217 2.7425e+10 9.98021e+11
25 0.0996147 0.104309 0.0670032 720.48 6003.86 715.847 4.63294 5.06048e+06 1.95495e+08 2.99297e+06 59.8657 12585.6 1.86028e+06 4.25841 1.81268 5.80182e+14 7.10303e+15 6.22074e+14 0.486726 0 0 24999 134019 8.31185 44.5596 0.0115365 0.00742182 2.7425e+10 9.98021e+11
26 0.104309 0.109225 0.070161 718.461 5955.9 713.828 4.63305 5.54734e+06 2.15136e+08 3.31862e+06 68.7271 12583.8 1.8601e+06 4.88902 1.81252 5.77932e+14 7.0755e+15 6.19713e+14 0.466727 0 0 27333.1 145971 8.28825 44.2631 0.0115361 0.00743181 2.7425e+10 9.98021e+11
27 0.109225 0.114373 0.0734676 716.352 5906.17 711.719 4.63317 6.08097e+06 2.36493e+08 3.67698e+06 78.8998 12581.8 1.8599e+06 5.61298 1.81235 5.75587e+14 7.04678e+15 6.1725e+14 0.445808 0 0 29881 158940 8.26361 43.955 0.0115357 0.00744222 2.7425e+10 9.98021e+11
28 0.114373 0.119763 0.07693 714.151 5854.75 709.518 4.63329 6.66585e+06 2.59706e+08 4.07136e+06 90.5777 12579.7 1.8597e+06 6.44415 1.81217 5.7314e+14 7.01683e+15 6.14681e+14 0.42397 0 0 32661.9 173007 8.23788 43.6354 0.0115352 0.00745299 2.7425e+10 9.98021e+11
29 0.119763 0.125407 0.0805556 711.853 5801.65 707.22 4.63342 7.30689e+06 2.84928e+08 4.50544e+06 103.983 12577.6 1.85949e+06 7.39838 1.81198 5.7059e+14 6.98561e+15 6.12003e+14 0.400937 0 0 35696.3 188259 8.21103 43.3042 0.0115347 0.00746412 2.7425e+10 9.98021e+11
30 0.125407 0.131318 0.084352 709.455 5746.67 704.821 4.63355 8.00947e+06 3.12321e+08 4.98328e+06 119.373 12575.3 1.85926e+06 8.49386 1.81179 5.67932e+14 6.95306e+15 6.09211e+14 0.377512 0 0 39006.6 204783 8.18301 42.9603 0.0115342 0.0074757 2.7425e+10 9.98021e+11
31 0.131318 0.137507 0.0883274 706.952 5689.9 702.318 4.63369 8.77948e+06 3.4206e+08 5.50935e+06 137.038 12572.9 1.85903e+06 9.75152 1.81158 5.65162e+14 6.91915e+15 6.06301e+14 0.353058 0 0 42617.1 222678 8.15376 42.6041 0.0115337 0.00748767 2.7425e+10 9.98021e+11
32 0.137507 0.143987 0.0924902 704.34 5631.34 699.706 4.63384 9.62339e+06 3.74333e+08 6.08858e+06 157.317 12570.4 1.85879e+06 11.1954 1.81137 5.62276e+14 6.88381e+15 6.03269e+14 0.327638 0 0 46553.8 242048 8.12325 42.2352 0.0115331 0.00750003 2.7425e+10 9.98021e+11
33 0.143987 0.150773 0.0968491 701.616 5570.83 696.982 4.63399 1.05482e+07 4.0934e+08 6.72642e+06 180.596 12567.9 1.85853e+06 12.8529 1.81115 5.59269e+14 6.84701e+15 6.00111e+14 0.301743 0 0 50845.3 262997 8.09142 41.8529 0.0115326 0.00751287 2.7425e+10 9.98021e+11
34 0.150773 0.157879 0.101413 698.774 5508.46 694.14 4.63415 1.15618e+07 4.47293e+08 7.42888e+06 207.317 12565.1 1.85826e+06 14.7559 1.81091 5.56138e+14 6.80868e+15 5.96821e+14 0.274991 0 0 55522 285645 8.05823 41.4574 0.011532 0.00752613 2.7425e+10 9.98021e+11
35 0.157879 0.165319 0.106193 695.81 5444.21 691.176 4.63431 1.26725e+07 4.88424e+08 8.20261e+06 237.991 12562.3 1.85798e+06 16.9405 1.81066 5.52879e+14 6.76877e+15 5.93396e+14 0.247427 0 0 60617.2 310114 8.02361 41.0483 0.0115313 0.00753981 2.7425e+10 9.98021e+11
36 0.165319 0.17311 0.111198 692.72 5377.96 688.086 4.63448 1.38898e+07 5.32973e+08 9.05492e+06 273.2 12559.3 1.85769e+06 19.4484 1.81041 5.49486e+14 6.72724e+15 5.8983e+14 0.218656 0 0 66166.5 336527 7.98753 40.625 0.0115307 0.00755398 2.7425e+10 9.98021e+11
37 0.17311 0.181269 0.116438 689.499 5309.81 684.864 4.63466 1.52236e+07 5.81202e+08 9.99392e+06 313.616 12556.2 1.85738e+06 22.3275 1.81014 5.45956e+14 6.68402e+15 5.86119e+14 0.188992 0 0 72208.4 365022 7.94991 40.1878 0.01153 0.00756859 2.7425e+10 9.98021e+11
38 0.181269 0.189812 0.121926 686.142 5239.7 681.507 4.63485 1.66852e+07 6.33385e+08 1.10285e+07 360.008 12553 1.85706e+06 25.6328 1.80985 5.42284e+14 6.63906e+15 5.82258e+14 0.158297 0 0 78784.6 395741 7.91071 39.7361 0.0115293 0.00758367 2.7425e+10 9.98021e+11
39 0.189812 0.198757 0.127672 682.644 5167.59 678.008 4.63504 1.82868e+07 6.89815e+08 1.21686e+07 413.258 12549.5 1.85672e+06 29.4271 1.80957 5.38465e+14 6.59231e+15 5.78242e+14 0.126391 0 0 85939.6 428829 7.86987 39.2698 0.0115285 0.00759924 2.7425e+10 9.98021e+11
40 0.198757 0.208125 0.133689 678.999 5093.57 674.364 4.63524 2.00417e+07 7.50804e+08 1.3425e+07 474.38 12546 1.85637e+06 33.7831 1.80925 5.34496e+14 6.54371e+15 5.74067e+14 0.0934315 0 0 93721.5 464443 7.82733 38.7889 0.0115277 0.00761526 2.7425e+10 9.98021e+11
41 0.208125 0.217933 0.13999 675.204 5017.52 670.568 4.63545 2.19645e+07 8.16678e+08 1.48098e+07 544.537 12542.2 1.856e+06 38.7835 1.80893 5.3037e+14 6.49321e+15 5.69728e+14 0.0591812 0 0 102182 502738 7.78303 38.2927 0.0115269 0.00763181 2.7425e+10 9.98021e+11
42 0.217933 0.228204 0.146587 671.252 4939.52 666.616 4.63567 2.40712e+07 8.87785e+08 1.63362e+07 625.063 12538.3 1.85562e+06 44.5238 1.80859 5.26085e+14 6.44074e+15 5.65219e+14 0.0237275 0 0 111376 543883 7.7369 37.7816 0.0115261 0.00764884 2.7425e+10 9.98021e+11
43 0.228204 0.238959 0.153495 667.138 4859.6 662.502 4.6359 2.63794e+07 9.6449e+08 1.80188e+07 717.488 12534.2 1.85522e+06 51.1135 1.80824 5.21635e+14 6.38626e+15 5.60536e+14 -0.013085 0 0 121364 588050 7.6889 37.2554 0.0115252 0.00766634 2.7425e+10 9.98021e+11
44 0.238959 0.250221 0.16073 662.857 4777.71 658.221 4.63613 2.89082e+07 1.04718e+09 1.98739e+07 823.571 12530 1.85479e+06 58.6782 1.80787 5.17015e+14 6.3297e+15 5.55673e+14 -0.0508631 0 0 132208 635410 7.63894 36.7137 0.0115243 0.00768438 2.7425e+10 9.98021e+11
45 0.250221 0.262013 0.168304 658.403 4693.93 653.767 4.63638 3.16785e+07 1.13626e+09 2.19191e+07 945.326 12525.5 1.85435e+06 67.362 1.80748 5.12222e+14 6.27102e+15 5.50627e+14 -0.0898527 0 0 143978 686146 7.58698 36.1569 0.0115233 0.0077029 2.7425e+10 9.98021e+11
46 0.262013 0.274362 0.176236 653.771 4608.23 649.134 4.63663 3.47134e+07 1.23214e+09 2.41742e+07 1085.07 12520.8 1.85389e+06 77.3305 1.80707 5.07251e+14 6.21016e+15 5.45392e+14 -0.129837 0 0 156744 740436 7.53295 35.5846 0.0115223 0.00772196 2.7425e+10 9.98021e+11
47 0.274362 0.287292 0.184542 648.955 4520.71 644.318 4.63689 3.8038e+07 1.33528e+09 2.66609e+07 1245.45 12515.9 1.8534e+06 88.7733 1.80665 5.02097e+14 6.14706e+15 5.39964e+14 -0.170942 0 0 170585 798468 7.47678 34.9971 0.0115213 0.00774149 2.7425e+10 9.98021e+11
48 0.287292 0.300832 0.193239 643.95 4431.34 639.312 4.63717 4.16797e+07 1.44614e+09 2.9403e+07 1429.52 12510.8 1.8529e+06 101.909 1.80621 4.96757e+14 6.08168e+15 5.34338e+14 -0.213413 0 0 185582 860420 7.41841 34.3942 0.0115202 0.00776158 2.7425e+10 9.98021e+11
49 0.300832 0.315009 0.202346 638.749 4340.22 634.111 4.63745 4.56686e+07 1.56519e+09 3.24269e+07 1640.77 12505.4 1.85237e+06 116.987 1.80574 4.91226e+14 6.01396e+15 5.28509e+14 -0.257075 0 0 201824 926483 7.35777 33.7763 0.011519 0.00778215 2.7425e+10 9.98021e+11
50 0.315009 0.329855 0.211883 633.347 4247.36 628.71 4.63775 5.00376e+07 1.69294e+09 3.57616e+07 1883.2 12499.8 1.85181e+06 134.295 1.80525 4.855e+14 5.94387e+15 5.22474e+14 -0.302158 0 0 219401 996830 7.29481 33.1433 0.0115179 0.00780326 2.7425e+10 9.98021e+11
51 0.329855 0.345401 0.221868 627.74 4152.86 623.102 4.63805 5.48227e+07 1.82989e+09 3.9439e+07 2161.42 12493.9 1.85123e+06 154.161 1.80475 4.79577e+14 5.87135e+15 5.16228e+14 -0.348624 0 0 238413 1.07164e+06 7.22945 32.4956 0.0115166 0.00782487 2.7425e+10 9.98021e+11
52 0.345401 0.361679 0.232325 621.92 4056.75 617.282 4.63837 6.00632e+07 1.97658e+09 4.34944e+07 2480.71 12487.8 1.85063e+06 176.967 1.80421 4.73451e+14 5.79636e+15 5.09768e+14 -0.396462 0 0 258963 1.15109e+06 7.16163 31.8333 0.0115154 0.007847 2.7425e+10 9.98021e+11
53 0.361679 0.378724 0.243274 615.884 3959.14 611.245 4.6387 6.58023e+07 2.13356e+09 4.79665e+07 2847.11 12481.3 1.84999e+06 203.143 1.80366 4.67122e+14 5.71887e+15 5.0309e+14 -0.445727 0 0 281159 1.23532e+06 7.0913 31.157 0.011514 0.00786963 2.7425e+10 9.98021e+11
54 0.378724 0.396573 0.254739 609.624 3860.08 604.985 4.63904 7.20868e+07 2.30137e+09 5.28978e+07 3267.57 12474.6 1.84933e+06 233.189 1.80307 4.60585e+14 5.63883e+15 4.96191e+14 -0.49624 0 0 305114 1.3245e+06 7.01838 30.4667 0.0115126 0.00789277 2.7425e+10 9.98021e+11
55 0.396573 0.415263 0.266745 603.137 3759.68 598.498 4.63939 7.89683e+07 2.48058e+09 5.83352e+07 3750.04 12467.6 1.84863e+06 267.677 1.80246 4.53838e+14 5.55623e+15 4.89069e+14 -0.548028 0 0 330950 1.41875e+06 6.94283 29.7632 0.0115112 0.00791642 2.7425e+10 9.98021e+11
56 0.415263 0.434834 0.279316 596.417 3658.03 591.778 4.63975 8.65029e+07 2.67178e+09 6.43301e+07 4303.67 12460.2 1.8479e+06 307.261 1.80183 4.46879e+14 5.47104e+15 4.8172e+14 -0.60115 0 0 358790 1.51818e+06 6.86459 29.0468 0.0115097 0.00794055 2.7425e+10 9.98021e+11
57 0.434834 0.455327 0.29248 589.46 3555.22 584.82 4.64012 9.47522e+07 2.87552e+09 7.09388e+07 4938.94 12452.5 1.84714e+06 352.695 1.80116 4.39707e+14 5.38324e+15 4.74143e+14 -0.655692 0 0 388764 1.62289e+06 6.78359 28.318 0.0115081 0.00796518 2.7425e+10 9.98021e+11
58 0.455327 0.476786 0.306264 582.261 3451.39 577.621 4.64051 1.03783e+08 3.0924e+09 7.82233e+07 5667.84 12444.5 1.84635e+06 404.845 1.80046 4.32321e+14 5.29281e+15 4.66337e+14 -0.71167 0 0 421005 1.73294e+06 6.6998 27.5776 0.0115065 0.00799029 2.7425e+10 9.98021e+11
59 0.476786 0.499256 0.320698 574.816 3346.65 570.175 4.6409 1.1367e+08 3.32299e+09 8.62513e+07 6504.17 12436.1 1.84552e+06 464.697 1.79973 4.2472e+14 5.19975e+15 4.58301e+14 -0.769093 0 0 455654 1.84836e+06 6.61317 26.8263 0.0115048 0.00801586 2.7425e+10 9.98021e+11
60 0.499256 0.522785 0.335812 567.12 3241.12 562.479 4.64131 1.24491e+08 3.56785e+09 9.5097e+07 7463.73 12427.3 1.84465e+06 533.394 1.79896 4.16904e+14 5.10407e+15 4.50034e+14 -0.827903 0 0 492851 1.96916e+06 6.52364 26.0648 0.0115031 0.0080419 2.7425e+10 9.98021e+11
61 0.522785 0.547423 0.351638 559.171 3134.95 554.529 4.64173 1.36336e+08 3.82754e+09 1.04841e+08 8564.63 12418.1 1.84374e+06 612.236 1.79817 4.08875e+14 5.00576e+15 4.41537e+14 -0.888116 0 0 532742 2.09528e+06 6.43119 25.294 0.0115013 0.00806838 2.7425e+10 9.98021e+11
62 0.547423 0.573223 0.36821 550.965 3028.27 546.323 4.64216 1.49299e+08 4.1026e+09 1.15573e+08 9827.66 12408.5 1.84278e+06 702.724 1.79733 4.00633e+14 4.90486e+15 4.32812e+14 -0.949771 0 0 575474 2.22666e+06 6.33578 24.5147 0.0114994 0.0080953 2.7425e+10 9.98021e+11
63 0.573223 0.600238 0.385563 542.5 2921.23 537.858 4.6426 1.63485e+08 4.39353e+09 1.27389e+08 11276.6 12398.4 1.84179e+06 806.573 1.79646 3.92181e+14 4.80139e+15 4.23861e+14 -1.01288 0 0 621196 2.36314e+06 6.23739 23.7281 0.0114975 0.00812264 2.7425e+10 9.98021e+11
64 0.600238 0.628526 0.403734 533.775 2813.99 529.131 4.64306 1.79008e+08 4.70082e+09 1.40393e+08 12938.9 12387.9 1.84075e+06 925.755 1.79554 3.83523e+14 4.69538e+15 4.14686e+14 -1.07742 0 0 670054 2.50453e+06 6.13598 22.9351 0.0114955 0.00815039 2.7425e+10 9.98021e+11
65 0.628526 0.658148 0.422762 524.786 2706.71 520.143 4.64352 1.95992e+08 5.02491e+09 1.54701e+08 14845.7 12376.9 1.83966e+06 1062.53 1.79459 3.74662e+14 4.5869e+15 4.05291e+14 -1.14336 0 0 722197 2.65059e+06 6.03156 22.1369 0.0114934 0.00817851 2.7425e+10 9.98021e+11
66 0.658148 0.689165 0.442686 515.535 2599.57 510.891 4.64399 2.14573e+08 5.36621e+09 1.70437e+08 17032.9 12365.4 1.83852e+06 1219.5 1.79359 3.65603e+14 4.47599e+15 3.95682e+14 -1.21072 0 0 777767 2.80099e+06 5.92412 21.3347 0.0114912 0.008207 2.7425e+10 9.98021e+11
67 0.689165 0.721645 0.463549 506.021 2492.73 501.376 4.64447 2.34899e+08 5.72504e+09 1.87734e+08 19541.8 12353.4 1.83733e+06 1399.62 1.79255 3.56352e+14 4.36274e+15 3.85864e+14 -1.27949 0 0 836903 2.95534e+06 5.81365 20.5297 0.011489 0.00823584 2.7425e+10 9.98021e+11
68 0.721645 0.755655 0.485395 496.244 2386.36 491.599 4.64496 2.57132e+08 6.10172e+09 2.06738e+08 22419.5 12340.9 1.83609e+06 1606.33 1.79145 3.46917e+14 4.24723e+15 3.75844e+14 -1.34963 0 0 899735 3.11318e+06 5.70018 19.7233 0.0114866 0.00826499 2.7425e+10 9.98021e+11
69 0.755655 0.791268 0.508271 486.208 2280.66 481.562 4.64546 2.81448e+08 6.49643e+09 2.27607e+08 25720 12327.8 1.83479e+06 1843.53 1.79031 3.37305e+14 4.12955e+15 3.65631e+14 -1.42114 0 0 966385 3.27396e+06 5.58373 18.9168 0.0114843 0.00829444 2.7425e+10 9.98021e+11
70 0.791268 0.828559 0.532225 475.914 2175.8 471.268 4.64596 3.08038e+08 6.90933e+09 2.50508e+08 29505.3 12314.1 1.83343e+06 2115.72 1.78912 3.27527e+14 4.00984e+15 3.55233e+14 -1.49402 0 0 1.03696e+06 3.43705e+06 5.46434 18.1117 0.0114818 0.00832416 2.7425e+10 9.98021e+11
71 0.828559 0.867608 0.557308 465.367 2071.97 460.72 4.64647 3.37113e+08 7.34046e+09 2.75624e+08 33846.3 12299.8 1.83201e+06 2428.04 1.78787 3.17592e+14 3.8882e+15 3.44663e+14 -1.56823 0 0 1.11156e+06 3.60172e+06 5.34204 17.3095 0.0114792 0.00835412 2.7425e+10 9.98021e+11
72 0.867608 0.908497 0.583574 454.571 1969.36 449.924 4.64698 3.68899e+08 7.78978e+09 3.03148e+08 38824.4 12284.9 1.83052e+06 2786.4 1.78657 3.07512e+14 3.7648e+15 3.33931e+14 -1.64374 0 0 1.19025e+06 3.76718e+06 5.21691 16.5117 0.0114766 0.00838428 2.7425e+10 9.98021e+11
73 0.908497 0.951313 0.611077 443.532 1868.15 438.885 4.6475 4.03646e+08 8.25713e+09 3.33288e+08 44532.8 12269.2 1.82897e+06 3197.6 1.7852 2.973e+14 3.63978e+15 3.23051e+14 -1.72054 0 0 1.27309e+06 3.93253e+06 5.08902 15.7198 0.0114738 0.00841461 2.7425e+10 9.98021e+11
74 0.951313 0.996147 0.639876 432.259 1768.53 427.611 4.64801 4.41624e+08 8.74223e+09 3.66265e+08 51078.1 12252.9 1.82735e+06 3669.38 1.78378 2.86972e+14 3.51333e+15 3.12039e+14 -1.79858 0 0 1.3601e+06 4.09677e+06 4.95846 14.9354 0.011471 0.00844509 2.7425e+10 9.98021e+11
75 0.996147 1.04309 0.670032 420.76 1670.67 416.111 4.64852 4.83126e+08 9.24471e+09 4.02311e+08 58582.8 12235.9 1.82566e+06 4210.68 1.78229 2.76542e+14 3.38564e+15 3.00909e+14 -1.87782 0 0 1.45128e+06 4.25884e+06 4.82532 14.1601 0.0114681 0.00847567 2.7425e+10 9.98021e+11
76 1.04309 1.09225 0.70161 409.044 1574.76 404.395 4.64903 5.28474e+08 9.76404e+09 4.41675e+08 67186.8 12218.1 1.82389e+06 4831.7 1.78074 2.66027e+14 3.25691e+15 2.89681e+14 -1.95822 0 0 1.54659e+06 4.41755e+06 4.68974 13.3954 0.0114651 0.00850632 2.7425e+10 9.98021e+11
77 1.09225 1.14373 0.734676 397.124 1480.97 392.474 4.64952 5.78016e+08 1.02996e+10 4.84616e+08 77050.5 12199.6 1.82204e+06 5544.16 1.77911 2.55445e+14 3.12736e+15 2.78371e+14 -2.03973 0 0 1.64594e+06 4.57169e+06 4.55186 12.643 0.0114621 0.008537 2.7425e+10 9.98021e+11
78 1.14373 1.19763 0.7693 385.013 1389.47 380.363 4.65 6.32131e+08 1.08505e+10 5.31405e+08 88357.5 12180.2 1.82012e+06 6361.49 1.77742 2.44817e+14 2.99724e+15 2.67002e+14 -2.12229 0 0 1.74921e+06 4.71993e+06 4.41182 11.9045 0.0114589 0.00856765 2.7425e+10 9.98021e+11
79 1.19763 1.25407 0.805556 372.724 1300.42 368.074 4.65047 6.91231e+08 1.14158e+10 5.82326e+08 101318 12160 1.8181e+06 7299.14 1.77564 2.34162e+14 2.8668e+15 2.55595e+14 -2.20587 0 0 1.85623e+06 4.86091e+06 4.26979 11.1813 0.0114556 0.00859823 2.7425e+10 9.98021e+11
80 1.25407 1.31318 0.84352 360.276 1213.97 355.625 4.65092 7.55763e+08 1.19945e+10 6.3767e+08 116173 12138.9 1.816e+06 8374.68 1.7738 2.23503e+14 2.7363e+15 2.44171e+14 -2.29041 0 0 1.96677e+06 4.9932e+06 4.12598 10.475 0.0114523 0.00862869 2.7425e+10 9.98021e+11
81 1.31318 1.37507 0.883274 347.685 1130.27 343.033 4.65134 8.26213e+08 1.25852e+10 6.97739e+08 133198 12116.9 1.8138e+06 9608.45 1.77187 2.12862e+14 2.60602e+15 2.32757e+14 -2.37584 0 0 2.08053e+06 5.11534e+06 3.98059 9.78699 0.0114488 0.00865898 2.7425e+10 9.98021e+11
82 1.37507 1.43987 0.924902 334.971 1049.45 330.319 4.65173 9.0311e+08 1.31867e+10 7.6284e+08 152708 12093.9 1.81151e+06 11023.6 1.76986 2.02263e+14 2.47625e+15 2.21375e+14 -2.46208 0 0 2.19715e+06 5.22586e+06 3.83384 9.11869 0.0114453 0.00868905 2.7425e+10 9.98021e+11
83 1.43987 1.50773 0.968491 322.154 971.617 317.502 4.65208 9.87027e+08 1.37972e+10 8.33282e+08 175065 12070 1.80912e+06 12646.8 1.76775 1.9173e+14 2.34731e+15 2.10054e+14 -2.54907 0 0 2.31622e+06 5.32328e+06 3.68599 8.47138 0.0114417 0.00871884 2.7425e+10 9.98021e+11
84 1.50773 1.57879 1.01413 309.259 896.889 304.607 4.65238 1.07858e+09 1.44152e+10 9.09377e+08 200680 12045 1.80662e+06 14508.4 1.76555 1.81289e+14 2.21948e+15 1.98819e+14 -2.63674 0 0 2.43724e+06 5.40615e+06 3.5373 7.84626 0.011438 0.00874831 2.7425e+10 9.98021e+11
85 1.57879 1.65319 1.06193 296.309 825.354 291.656 4.65263 1.17845e+09 1.50387e+10 9.91431e+08 230027 12018.9 1.80401e+06 16643.5 1.76326 1.70966e+14 2.0931e+15 1.87698e+14 -2.725 0 0 2.55962e+06 5.47307e+06 3.38805 7.24445 0.0114342 0.00877738 2.7425e+10 9.98021e+11
86 1.65319 1.7311 1.11198 283.33 757.087 278.677 4.65281 1.28737e+09 1.56659e+10 1.07974e+09 263645 11991.8 1.8013e+06 19091.9 1.76088 1.60786e+14 1.96847e+15 1.76719e+14 -2.81379 0 0 2.68272e+06 5.5227e+06 3.23854 6.66692 0.0114303 0.00880602 2.7425e+10 9.98021e+11
87 1.7311 1.81269 1.16438 270.349 692.151 265.696 4.65291 1.40612e+09 1.62945e+10 1.17461e+09 302153 11963.5 1.79846e+06 21899.8 1.75837 1.50777e+14 1.84593e+15 1.6591e+14 -2.90298 0 0 2.8058e+06 5.55381e+06 3.08909 6.11456 0.0114263 0.00883414 2.7425e+10 9.98021e+11
88 1.81269 1.89812 1.21926 257.394 630.589 252.742 4.65293 1.53556e+09 1.69226e+10 1.27628e+09 346258 11934 1.7955e+06 25119.5 1.75578 1.40964e+14 1.72578e+15 1.553e+14 -2.99248 0 0 2.92804e+06 5.5653e+06 2.94003 5.58809 0.0114223 0.00886169 2.7425e+10 9.98021e+11
89 1.89812 1.98757 1.27672 244.497 572.429 239.844 4.65283 1.67661e+09 1.75477e+10 1.38503e+09 396766 11903.3 1.79242e+06 28811.3 1.75306 1.31372e+14 1.60836e+15 1.44916e+14 -3.08223 0 0 3.04855e+06 5.55625e+06 2.79169 5.0881 0.0114181 0.00888861 2.7425e+10 9.98021e+11
90 1.98757 2.08125 1.33689 231.686 517.682 227.034 4.65262 1.83028e+09 1.81675e+10 1.50105e+09 454601 11871.3 1.78921e+06 33044.2 1.75023 1.22028e+14 1.49397e+15 1.34786e+14 -3.17212 0 0 3.16635e+06 5.52589e+06 2.64444 4.61505 0.0114139 0.00891483 2.7425e+10 9.98021e+11
91 2.08125 2.17933 1.3999 218.995 466.34 214.343 4.65226 1.99766e+09 1.87798e+10 1.62454e+09 520818 11837.9 1.78586e+06 37897.3 1.74728 1.12956e+14 1.3829e+15 1.24937e+14 -3.26199 0 0 3.28041e+06 5.47369e+06 2.49863 4.16922 0.0114095 0.00894029 2.7425e+10 9.98021e+11
92 2.17933 2.28204 1.46587 206.455 418.381 201.803 4.65173 2.17989e+09 1.9382e+10 1.75563e+09 596623 11803.2 1.78236e+06 43460.9 1.7442 1.04179e+14 1.27544e+15 1.15394e+14 -3.35175 0 0 3.38961e+06 5.39937e+06 2.35464 3.75074 0.0114051 0.00896491 2.7425e+10 9.98021e+11
93 2.28204 2.38959 1.53495 194.098 373.762 189.447 4.65101 2.37826e+09 1.9972e+10 1.8944e+09 683392 11767.1 1.77873e+06 49838.6 1.741 9.57189e+13 1.17186e+15 1.06182e+14 -3.44123 0 0 3.49281e+06 5.3029e+06 2.21284 3.3596 0.0114006 0.00898862 2.7425e+10 9.98021e+11
94 2.38959 2.50221 1.6073 181.959 332.426 177.309 4.65006 2.59411e+09 2.05473e+10 2.04088e+09 782698 11729.6 1.77494e+06 59518.2 1.6685 8.75958e+13 1.07242e+15 9.73223e+13 -3.53008 0 0 3.58882e+06 5.18455e+06 2.0736 2.99561 0.011396 0.00901136 2.7425e+10 9.98021e+11
95 2.50221 2.62013 1.68304 170.068 294.3 165.42 4.64886 2.8289e+09 2.11058e+10 2.19503e+09 896336 11690.5 1.77099e+06 68214.4 1.6659 7.98281e+13 9.77318e+14 8.88368e+13 -3.618 0 0 3.6764e+06 5.04488e+06 1.9373 2.65843 0.0113913 0.00903306 2.7425e+10 9.98021e+11
96 2.62013 2.74362 1.76236 158.46 259.296 153.812 4.64735 3.08423e+09 2.16454e+10 2.35674e+09 1.02636e+06 11649.8 1.76688e+06 78175 1.6632 7.24319e+13 8.86767e+14 8.07432e+13 -3.70598 0 0 3.75435e+06 4.88479e+06 1.8043 2.34758 0.0113865 0.00905365 2.7425e+10 9.98021e+11
97 2.74362 2.87292 1.84542 147.164 227.312 142.518 4.6455 3.36177e+09 2.2164e+10 2.52582e+09 1.1751e+06 11607.5 1.76261e+06 89583.4 1.66038 6.54207e+13 8.00931e+14 7.30573e+13 -3.79279 0 0 3.82147e+06 4.70545e+06 1.67496 2.06241 0.0113816 0.00907306 2.7425e+10 9.98021e+11
98 2.87292 3.00832 1.93239 136.211 198.231 131.568 4.64324 3.66336e+09 2.26599e+10 2.70198e+09 1.34523e+06 11563.6 1.75816e+06 102647 1.65745 5.88056e+13 7.19944e+14 6.57921e+13 -3.87802 0 0 3.87659e+06 4.50839e+06 1.54961 1.80217 0.0113766 0.00909126 2.7425e+10 9.98021e+11
99 3.00832 3.15009 2.02346 125.63 171.928 120.989 4.64052 3.99096e+09 2.31315e+10 2.88486e+09 1.5398e+06 11517.9 1.75353e+06 117607 1.65439 5.25946e+13 6.43904e+14 5.89577e+13 -3.96178 0 0 3.91862e+06 4.29542e+06 1.42859 1.56596 0.0113714 0.00910821 2.7425e+10 9.98021e+11
100 3.15009 3.29855 2.11883 115.447 148.266 110.81 4.63724 4.34666e+09 2.35774e+10 3.074e+09 1.76227e+06 11470.5 1.74871e+06 134734 1.6512 4.67928e+13 5.72874e+14 5.25608e+13 -4.04304 0 0 3.94657e+06 4.06863e+06 1.31218 1.35277 0.0113661 0.00912393 2.7425e+10 9.98021e+11
101 3.29855 3.45401 2.21868 105.687 127.098 101.054 4.63334 4.73271e+09 2.39966e+10 3.26884e+09 2.01661e+06 11421.3 1.7437e+06 154341 1.64789 4.14023e+13 5.06879e+14 4.66051e+13 -4.1218 0 0 3.95959e+06 3.83038e+06 1.20067 1.16149 0.0113606 0.00913852 2.7425e+10 9.98021e+11
102 3.45401 3.61679 2.32325 96.3727 108.273 91.744 4.62869 5.15154e+09 2.43881e+10 3.46874e+09 2.30732e+06 11370.2 1.7385e+06 176783 1.64445 3.6422e+13 4.45907e+14 4.10906e+13 -4.19573 0 0 3.95697e+06 3.58328e+06 1.0943 0.990958 0.0113549 0.00915244 2.7425e+10 9.98021e+11
103 3.61679 3.78724 2.43274 87.2707 91.6525 82.6459 4.62475 5.60571e+09 2.47514e+10 3.67196e+09 2.63954e+06 11317.1 1.73309e+06 202470 1.64086 3.15565e+13 3.86339e+14 3.60143e+13 -4.26252 0 0 3.925e+06 3.33083e+06 0.989951 0.840091 0.0113435 0.00916605 2.7425e+10 9.98021e+11
104 3.78724 3.96573 2.54739 72.6412 77.3284 68.0312 4.61001 6.098e+09 2.50876e+10 3.85139e+09 3.01913e+06 11262.1 1.72747e+06 231862 1.63714 2.72295e+13 3.33364e+14 3.13695e+13 -4.3401 0 0 3.58065e+06 3.08953e+06 0.823636 0.710667 0.0113384 0.00919024 2.7425e+10 9.98021e+11
105 3.96573 4.15263 2.66745 59.8611 64.7987 55.2721 4.589 6.63134e+09 2.53965e+10 4.00733e+09 3.45275e+06 11205.1 1.72163e+06 265494 1.63326 2.35569e+13 2.88402e+14 2.71465e+13 -4.41934 0 0 3.23561e+06 2.84616e+06 0.678782 0.597082 0.0113393 0.00921441 2.7425e+10 9.98021e+11
106 4.15263 4.34834 2.79316 49.1161 53.9151 44.553 4.56312 7.20887e+09 2.56783e+10 4.14209e+09 3.94799e+06 11146 1.71557e+06 303969 1.62924 2.0248e+13 2.47892e+14 2.33325e+13 -4.49585 0 0 2.91125e+06 2.60246e+06 0.556997 0.497919 0.0113404 0.00923523 2.7425e+10 9.98021e+11
107 4.34834 4.55327 2.9248 40.1611 44.5199 35.6297 4.53135 7.83395e+09 2.59334e+10 4.25814e+09 4.51348e+06 11084.8 1.70928e+06 347981 1.62505 1.72863e+13 2.11632e+14 1.99118e+13 -4.57244 0 0 2.61047e+06 2.36103e+06 0.455504 0.411979 0.0113419 0.00925383 2.7425e+10 9.98021e+11
108 4.55327 4.76786 3.06264 32.7629 36.4695 28.2703 4.49261 8.51014e+09 2.61626e+10 4.35803e+09 5.15903e+06 11021.4 1.70276e+06 398314 1.62071 1.46535e+13 1.79399e+14 1.68661e+13 -4.64893 0 0 2.33543e+06 2.12438e+06 0.371656 0.338071 0.0113438 0.00926995 2.7425e+10 9.98021e+11
109 4.76786 4.99256 3.20698 26.7029 29.6251 22.257 4.44583 9.24121e+09 2.63667e+10 4.44435e+09 5.89581e+06 10955.8 1.69599e+06 455872 1.6162 1.23296e+13 1.50948e+14 1.41749e+13 -4.72443 0 0 2.08749e+06 1.8949e+06 0.302969 0.275018 0.0113459 0.00928327 2.7425e+10 9.98021e+11
110 4.99256 5.22785 3.35812 21.7794 23.8535 17.3893 4.39009 1.00312e+10 2.65469e+10 4.51962e+09 6.73651e+06 10887.9 1.68898e+06 521679 1.61152 1.02933e+13 1.26019e+14 1.1816e+13 -4.79783 0 0 1.86722e+06 1.67476e+06 0.247155 0.22168 0.0113481 0.0092934 2.7425e+10 9.98021e+11
111 5.22785 5.47423 3.51638 17.8094 19.028 13.4847 4.32476 1.08843e+10 2.67046e+10 4.58626e+09 7.69553e+06 10817.7 1.68172e+06 596904 1.60666 8.52264e+12 1.04341e+14 9.76543e+12 -4.87511 0 0 1.67445e+06 1.46587e+06 0.202137 0.176957 0.01135 0.00929985 2.7425e+10 9.98021e+11
112 5.47423 5.73223 3.6821 14.6301 15.0297 10.3804 4.24968 1.18051e+10 2.68411e+10 4.64649e+09 8.78925e+06 10745.2 1.67419e+06 682884 1.60162 6.99503e+12 8.56386e+13 7.99858e+12 -4.95272 0 0 1.50839e+06 1.26985e+06 0.166069 0.139806 0.0113512 0.00930199 2.7425e+10 9.98021e+11
113 5.73223 6.00238 3.85563 12.099 11.7479 7.93366 4.16534 1.27983e+10 2.69581e+10 4.70235e+09 1.00363e+07 10670.2 1.6664e+06 781133 1.59641 5.68809e+12 6.96381e+13 6.49007e+12 -5.03172 0 0 1.36777e+06 1.08798e+06 0.137337 0.109243 0.0113511 0.00929896 2.7425e+10 9.98021e+11
114 6.00238 6.28526 4.03734 10.0941 9.08069 6.02112 4.073 1.38689e+10 2.70572e+10 4.75564e+09 1.14576e+07 10592.9 1.65833e+06 893389 1.59099 4.57988e+12 5.60705e+13 5.21444e+12 -5.11064 0 0 1.25101e+06 921176 0.11456 0.0843561 0.0113492 0.00928962 2.7425e+10 9.98021e+11
115 6.28526 6.58148 4.22762 8.51276 6.93535 4.53806 3.97471 1.50223e+10 2.71403e+10 4.80792e+09 1.30773e+07 10513.1 1.64999e+06 1.02162e+06 1.58538 3.64917e+12 4.46759e+13 4.14656e+12 -5.19147 0 0 1.15639e+06 769989 0.0965783 0.0643071 0.0113451 0.00927236 2.7425e+10 9.98021e+11
116 6.58148 6.89165 4.42686 7.27004 5.22839 3.39683 3.87321 1.6264e+10 2.72089e+10 4.86054e+09 1.49223e+07 10430.7 1.64137e+06 1.16807e+06 1.57958 2.87562e+12 3.52055e+13 3.26195e+12 -5.27969 0 0 1.08224e+06 634591 0.082432 0.0483357 0.0113386 0.00924486 2.7425e+10 9.98021e+11
117 6.89165 7.21645 4.63549 6.29694 3.88555 2.52514 3.77179 1.75998e+10 2.72649e+10 4.91466e+09 1.70235e+07 10345.9 1.63245e+06 1.33529e+06 1.57358 2.2399e+12 2.74226e+13 2.5372e+12 -5.36995 0 0 1.02697e+06 514805 0.0713399 0.0357616 0.0113293 0.00920373 2.7425e+10 9.98021e+11
118 7.21645 7.55655 4.85395 5.53813 2.84162 1.86414 3.67398 1.90359e+10 2.73097e+10 4.97129e+09 1.94156e+07 10258.5 1.62325e+06 1.5262e+06 1.56735 1.72378e+12 2.11039e+13 1.95025e+12 -5.45941 0 0 989254 410131 0.0626732 0.0259834 0.0113167 0.00914387 2.7425e+10 9.98021e+11
119 7.55655 7.91268 5.08271 4.94981 2.04004 1.36649 3.58333 2.05786e+10 2.7345e+10 5.03134e+09 2.2138e+07 10168.5 1.61374e+06 1.74409e+06 1.56093 1.31016e+12 1.604e+13 1.48061e+12 -5.55449 0 0 967983 319789 0.0559297 0.0184773 0.0112993 0.00905729 2.7425e+10 9.98021e+11
120 7.91268 8.28559 5.32225 4.49787 1.43244 0.994572 3.5033 2.22347e+10 2.73722e+10 5.09564e+09 2.52353e+07 10076 1.60394e+06 1.99275e+06 1.55428 9.83285e+11 1.20381e+13 1.10956e+12 -5.69785 0 0 962301 242775 0.050709 0.0127932 0.011274 0.00893101 2.7425e+10 9.98021e+11
121 8.28559 8.67608 5.57308 4.15782 0.97784 0.719252 3.43856 2.40111e+10 2.73925e+10 5.16508e+09 2.87579e+07 9980.82 1.59382e+06 2.27643e+06 1.54741 7.29196e+11 8.92739e+12 8.20273e+11 -5.79066 0 0 971520 177910 0.0466902 0.00855015 0.0112295 0.00874391 2.7425e+10 9.98021e+11
122 8.67608 9.08497 5.83574 3.92159 0.641589 0.519373 3.40222 2.59151e+10 2.74072e+10 5.24092e+09 3.27627e+07 9883.06 1.5834e+06 2.65184e+06 1.51021 5.36786e+11 6.57175e+12 5.97836e+11 -5.87368 0 0 994768 123898 0.043601 0.0054305 0.0111182 0.00846414 2.7425e+10 9.98021e+11
123 9.08497 9.51313 6.11077 3.80952 0.393778 0.380203 3.42932 2.79543e+10 2.7417e+10 5.32548e+09 3.73142e+07 9782.69 1.57266e+06 3.01175e+06 1.51124 3.97341e+11 4.86455e+12 4.29271e+11 -5.95753 0 0 1.02996e+06 79387.3 0.0411715 0.0031734 0.0108075 0.00805887 2.7425e+10 9.98021e+11
124 9.51313 9.96147 6.39876 3.86034 0.208723 0.288274 3.57206 3.01364e+10 2.74228e+10 5.42304e+09 4.2485e+07 9679.71 1.5616e+06 3.41913e+06 1.51231 3.00801e+11 3.68264e+12 3.0346e+11 -5.81122 0 0 1.07337e+06 43022.9 0.0391314 0.00156846 0.0101368 0.00751455 2.7425e+10 9.98021e+11
125 9.96147 10.4309 6.70032 4.0834 0.0655441 0.227239 3.85616 3.24696e+10 2.74247e+10 5.53951e+09 4.83571e+07 9574.14 1.55023e+06 3.88004e+06 1.51341 2.32508e+11 2.84655e+12 2.11043e+11 -4.29176 0 0 1.12203e+06 13504 0.037306 0.000448989 0.00913603 0.00685019 2.7425e+10 9.98021e+11
126 10.4309 10.9225 7.0161 3.50102 0.00958158 0 3.50102 3.49621e+10 2.7425e+10 5.65021e+09 5.5023e+07 9465.98 1.53853e+06 4.40122e+06 1.51456 0 0 1.44281e+11 13.8654 0 0 988941 0 0.0299878 0 0.00856546 0 2.7425e+10 9.98021e+11
127 10.9225 11.4373 7.34676 2.26137 0 0 2.26137 3.76225e+10 2.7425e+10 5.72847e+09 6.2587e+07 9355.25 1.52651e+06 4.99027e+06 1.51574 0 0 9.68863e+10 nan 0 0 702604 0 0.0194305 0 0.00859239 0 2.7425e+10 9.98021e+11
128 11.4373 11.9763 7.693 1.43327 0 0 1.43327 4.04597e+10 2.7425e+10 5.78277e+09 7.11664e+07 9241.99 1.51416e+06 5.65562e+06 1.51698 0 0 6.38506e+10 nan 0 0 489765 0 0.0123527 0 0.00861855 0 2.7425e+10 9.98021e+11
129 11.9763 12.5407 8.05556 0.890603 0 0 0.890603 4.34826e+10 2.7425e+10 5.81969e+09 8.08936e+07 9126.23 1.50149e+06 6.40681e+06 1.51825 0 0 4.12604e+10 nan 0 0 334674 0 0.00769833 0 0.00864395 0 2.7425e+10 9.98021e+11
130 12.5407 13.1318 8.4352 0.542051 0 0 0.542051 4.67005e+10 2.7425e+10 5.84429e+09 9.19171e+07 9008 1.4885e+06 7.25438e+06 1.51958 0 0 2.61194e+10 nan 0 0 223983 0 0.00469883 0 0.0086686 0 2.7425e+10 9.98021e+11
131 13.1318 13.7507 8.83274 0.322834 0 0 0.322834 5.01227e+10 2.7425e+10 5.86032e+09 1.04404e+08 8887.35 1.47518e+06 8.21021e+06 1.52094 0 0 1.61822e+10 nan 0 0 146673 0 0.00280624 0 0.00869252 0 2.7425e+10 9.98021e+11
132 13.7507 14.3987 9.24902 0.187958 0 0 0.187958 5.37587e+10 2.7425e+10 5.87053e+09 1.18543e+08 8764.34 1.46153e+06 9.28746e+06 1.52236 0 0 9.80188e+09 nan 0 0 93883.6 0 0.00163819 0 0.00871572 0 2.7425e+10 9.98021e+11
133 14.3987 15.0773 9.68491 0.106863 0 0 0.106863 5.76183e+10 2.7425e+10 5.87688e+09 1.34545e+08 8639.03 1.44757e+06 1.05009e+07 1.52381 0 0 5.79858e+09 nan 0 0 58678 0 0.000933791 0 0.0087382 0 2.7425e+10 9.98021e+11
134 15.0773 15.7879 10.1413 0.0592651 0 0 0.0592651 6.17111e+10 2.7425e+10 5.88073e+09 1.52646e+08 8511.48 1.43328e+06 1.18669e+07 1.52533 0 0 3.34648e+09 nan 0 0 35770.8 0 0.000519162 0 0.00876 0 2.7425e+10 9.98021e+11
135 15.7879 16.5319 10.6193 0.0320236 0 0 0.0320236 6.6047e+10 2.7425e+10 5.88301e+09 1.73111e+08 8381.77 1.41868e+06 1.34036e+07 1.52689 0 0 1.88194e+09 nan 0 0 21244.5 0 0.000281203 0 0.00878111 0 2.7425e+10 9.98021e+11
136 16.5319 17.311 11.1198 0.016839 0 0 0.016839 7.06359e+10 2.7425e+10 5.88432e+09 1.9624e+08 8249.97 1.40377e+06 1.47876e+07 1.56405 0 0 1.03001e+09 nan 0 0 12277.2 0 0.000148209 0 0.00880156 0 2.7425e+10 9.98021e+11
137 17.311 18.1269 11.6438 0.00860561 0 0 0.00860561 7.54875e+10 2.7425e+10 5.88505e+09 2.22364e+08 8116.19 1.38856e+06 1.66123e+07 1.57259 0 0 5.47946e+08 nan 0 0 6895.14 0 7.59132e-05 0 0.00882135 0 2.7425e+10 9.98021e+11
138 18.1269 18.9812 12.1926 0.00426865 0 0 0.00426865 8.06118e+10 2.7425e+10 5.88544e+09 2.51858e+08 7980.51 1.37304e+06 1.86495e+07 1.58145 0 0 2.82955e+08 nan 0 0 3758.32 0 3.77371e-05 0 0.00884052 0 2.7425e+10 9.98021e+11
139 18.9812 19.8757 12.7672 0.00205228 0 0 0.00205228 8.60185e+10 2.7425e+10 5.88565e+09 2.85137e+08 7843.03 1.35722e+06 2.09221e+07 1.59064 0 0 1.41635e+08 nan 0 0 1985.4 0 1.81812e-05 0 0.00885906 0 2.7425e+10 9.98021e+11
140 19.8757 20.8125 13.3689 0.000954955 0 0 0.000954955 9.17172e+10 2.7425e+10 5.88576e+09 3.22669e+08 7703.86 1.34112e+06 2.34552e+07 1.60016 0 0 6.86215e+07 nan 0 0 1015.02 0 8.47713e-06 0 0.008877 0 2.7425e+10 9.98021e+11
141 20.8125 21.7933 13.999 0.000429405 0 0 0.000429405 9.77174e+10 2.7425e+10 5.88581e+09 3.64975e+08 7563.11 1.32474e+06 2.62761e+07 1.61003 0 0 3.21305e+07 nan 0 0 501.426 0 3.81928e-06 0 0.00889435 0 2.7425e+10 9.98021e+11
142 21.7933 22.8204 14.6587 0.000186291 0 0 0.000186291 1.04029e+11 2.7425e+10 5.88584e+09 4.12634e+08 7420.91 1.30808e+06 2.94151e+07 1.62025 0 0 1.45159e+07 nan 0 0 238.974 0 1.66007e-06 0 0.00891113 0 2.7425e+10 9.98021e+11
143 22.8204 23.8959 15.3495 7.7845e-05 0 0 7.7845e-05 1.1066e+11 2.7425e+10 5.88585e+09 4.66297e+08 7277.38 1.29116e+06 3.29049e+07 1.63083 0 0 6.31694e+06 nan 0 0 109.693 0 6.9495e-07 0 0.00892736 0 2.7425e+10 9.98021e+11
144 23.8959 25.0221 16.073 3.12764e-05 0 0 3.12764e-05 1.1762e+11 2.7425e+10 5.88585e+09 5.26684e+08 7132.65 1.27398e+06 3.67814e+07 1.64179 0 0 2.64326e+06 nan 0 0 48.4093 0 2.79707e-07 0 0.00894304 0 2.7425e+10 9.98021e+11
145 25.0221 26.2013 16.8304 1.20602e-05 0 0 1.20602e-05 1.24918e+11 2.7425e+10 5.88585e+09 5.946e+08 6986.85 1.25656e+06 4.19186e+07 1.6202 0 0 1.06156e+06 nan 0 0 20.5022 0 1.08037e-07 0 0.0089582 0 2.7425e+10 9.98021e+11
146 26.2013 27.4362 17.6236 4.45453e-06 0 0 4.45453e-06 1.32561e+11 2.7425e+10 5.88586e+09 6.70941e+08 6840.12 1.23891e+06 4.66539e+07 1.63633 0 0 408388 nan 0 0 8.31683 0 3.99698e-08 0 0.00897285 0 2.7425e+10 9.98021e+11
147 27.4362 28.7292 18.4542 1.57284e-06 0 0 1.57284e-06 1.40558e+11 2.7425e+10 5.88586e+09 7.56702e+08 6692.61 1.22103e+06 5.18801e+07 1.65306 0 0 150193 nan 0 0 3.22497 0 1.41351e-08 0 0.008987 0 2.7425e+10 9.98021e+11
148 28.7292 30.0832 19.3239 5.29769e-07 0 0 5.29769e-07 1.48916e+11 2.7425e+10 5.88586e+09 8.52989e+08 6544.45 1.20294e+06 5.76422e+07 1.67042 0 0 52693.2 nan 0 0 1.19285 0 4.76828e-09 0 0.00900067 0 2.7425e+10 9.98021e+11
149 30.0832 31.5009 20.2346 1.69841e-07 0 0 1.69841e-07 1.57643e+11 2.7425e+10 5.88586e+09 9.6103e+08 6395.79 1.18465e+06 6.39892e+07 1.68843 0 0 17596.3 nan 0 0 0.419933 0 1.53093e-09 0 0.00901388 0 2.7425e+10 9.98021e+11
150 31.5009 32.9855 21.1883 5.17068e-08 0 0 5.17068e-08 1.66744e+11 2.7425e+10 5.88586e+09 1.08219e+09 6246.8 1.16618e+06 7.09728e+07 1.7071 0 0 5580.03 nan 0 0 0.140378 0 4.66739e-10 0 0.00902664 0 2.7425e+10 9.98021e+11
151 32.9855 34.5401 22.1868 1.49124e-08 0 0 1.49124e-08 1.76226e+11 2.7425e+10 5.88586e+09 1.21797e+09 6097.61 1.14754e+06 7.86492e+07 1.72647 0 0 1676.28 nan 0 0 0.044452 0 1.34792e-10 0 0.00903896 0 2.7425e+10 9.98021e+11
152 34.5401 36.1679 23.2325 4.06384e-09 0 0 4.06384e-09 1.86095e+11 2.7425e+10 5.88586e+09 1.37006e+09 5948.38 1.12874e+06 8.70787e+07 1.74655 0 0 475.819 nan 0 0 0.0133 0 3.67812e-11 0 0.00905086 0 2.7425e+10 9.98021e+11
153 36.1679 37.8724 24.3274 1.04366e-09 0 0 1.04366e-09 1.96356e+11 2.7425e+10 5.88586e+09 1.5403e+09 5799.26 1.1098e+06 9.30642e+07 1.8293 0 0 127.28 nan 0 0 0.00374995 0 9.45801e-12 0 0.00906234 0 2.7425e+10 9.98021e+11
154 37.8724 39.6573 25.4739 2.51887e-10 0 0 2.51887e-10 2.07013e+11 2.7425e+10 5.88586e+09 1.73075e+09 5650.4 1.09072e+06 1.03929e+08 1.83246 0 0 31.9957 nan 0 0 0.00099358 0 2.28548e-12 0 0.00907344 0 2.7425e+10 9.98021e+11
155 39.6573 41.5263 26.6745 5.69647e-11 0 0 5.69647e-11 2.18071e+11 2.7425e+10 5.88586e+09 1.94367e+09 5501.96 1.07154e+06 1.15986e+08 1.83571 0 0 7.53634 nan 0 0 0.00024667 0 5.17476e-13 0 0.00908415 0 2.7425e+10 9.98021e+11
156 41.5263 43.4834 27.9316 1.20346e-11 0 0 1.20346e-11 2.29532e+11 2.7425e+10 5.88586e+09 2.18156e+09 5354.08 1.05225e+06 1.29357e+08 1.83903 0 0 1.6582 nan 0 0 5.72055e-05 0 1.09449e-13 0 0.00909449 0 2.7425e+10 9.98021e+11
157 43.4834 45.5327 29.248 2.36754e-12 0 0 2.36754e-12 2.41399e+11 2.7425e+10 5.88586e+09 2.44719e+09 5206.92 1.03288e+06 1.44171e+08 1.84245 0 0 0.339722 nan 0 0 1.23532e-05 0 2.15552e-14 0 0.00910448 0 2.7425e+10 9.98021e+11
158 45.5327 47.6786 30.6264 4.32257e-13 0 0 4.32257e-13 2.53676e+11 2.7425e+10 5.88586e+09 2.7436e+09 5060.61 1.01344e+06 1.60575e+08 1.84595 0 0 0.0645895 nan 0 0 2.47561e-06 0 3.93964e-15 0 0.00911412 0 2.7425e+10 9.98021e+11
159 47.6786 49.9256 32.0698 7.29864e-14 0 0 7.29864e-14 2.66363e+11 2.7425e+10 5.88586e+09 3.07416e+09 4915.31 993945 1.75154e+08 1.88722 0 0 0.0113559 nan 0 0 4.58803e-07 0 6.65886e-16 0 0.00912343 0 2.7425e+10 9.98021e+11
160 49.9256 52.2785 33.5812 1.13554e-14 0 0 1.13554e-14 2.79461e+11 2.7425e+10 5.88586e+09 3.44255e+09 4771.14 974414 1.95593e+08 1.88349 0 0 0.00183952 nan 0 0 7.83453e-08 0 1.03702e-16 0 0.00913242 0 2.7425e+10 9.98021e+11
161 52.2785 54.7423 35.1638 1.62161e-15 0 0 1.62161e-15 2.92971e+11 2.7425e+10 5.88586e+09 3.85286e+09 4628.24 954860 2.18287e+08 1.87968 0 0 0.000273483 nan 0 0 1.22792e-08 0 1.48233e-17 0 0.00914111 0 2.7425e+10 9.98021e+11
162 54.7423 57.3223 36.821 2.11704e-16 0 0 2.11704e-16 3.06893e+11 2.7425e+10 5.88586e+09 4.30956e+09 4486.75 935299 2.43469e+08 1.87579 0 0 3.71658e-05 nan 0 0 1.75935e-09 0 1.93698e-18 0 0.0091495 0 2.7425e+10 9.98021e+11
163 57.3223 60.0238 38.5563 2.51601e-17 0 0 2.51601e-17 3.21227e+11 2.7425e+10 5.88586e+09 4.81756e+09 4346.79 915746 2.71393e+08 1.87182 0 0 4.59734e-06 nan 0 0 2.29467e-10 0 2.30406e-19 0 0.0091576 0 2.7425e+10 9.98021e+11
164 60.0238 62.8526 40.3734 2.71007e-18 0 0 2.71007e-18 3.3597e+11 2.7425e+10 5.88586e+09 5.38226e+09 4208.48 896216 3.02337e+08 1.86779 0 0 5.15341e-07 nan 0 0 2.71243e-11 0 2.48389e-20 0 0.00916542 0 2.7425e+10 9.98021e+11
165 62.8526 65.8148 42.2762 2.63341e-19 0 0 2.63341e-19 3.51121e+11 2.7425e+10 5.88586e+09 6.00959e+09 4071.93 876723 3.30863e+08 1.89604 0 0 5.21064e-08 nan 0 0 2.89238e-12 0 2.41562e-21 0 0.00917299 0 2.7425e+10 9.98021e+11
166 65.8148 68.9165 44.2686 2.29733e-20 0 0 2.29733e-20 3.66678e+11 2.7425e+10 5.88586e+09 6.70603e+09 3937.26 857284 3.69795e+08 1.88333 0 0 4.72917e-09 nan 0 0 2.76889e-13 0 2.10902e-22 0 0.0091803 0 2.7425e+10 9.98021e+11
167 68.9165 72.1645 46.3549 1.79015e-21 0 0 1.79015e-21 3.82637e+11 2.7425e+10 5.88586e+09 7.47871e+09 3804.55 837911 4.13094e+08 1.87046 0 0 3.83323e-10 nan 0 0 2.36759e-14 0 1.64468e-23 0 0.00918737 0 2.7425e+10 9.98021e+11
168 72.1645 75.5655 48.5395 1.23939e-22 0 0 1.23939e-22 3.98997e+11 2.7425e+10 5.88586e+09 8.3354e+09 3673.92 818620 4.61222e+08 1.85744 0 0 2.76006e-11 nan 0 0 1.79866e-15 0 1.13952e-24 0 0.0091942 0 2.7425e+10 9.98021e+11
169 75.5655 79.1268 50.8271 7.58161e-24 0 0 7.58161e-24 4.15751e+11 2.7425e+10 5.88586e+09 9.28462e+09 3545.45 799423 5.14685e+08 1.84427 0 0 1.75558e-12 nan 0 0 1.2073e-16 0 6.9757e-26 0 0.00920081 0 2.7425e+10 9.98021e+11
170 79.1268 82.8559 53.2225 4.07397e-25 0 0 4.07397e-25 4.32898e+11 2.7425e+10 5.88586e+09 1.03357e+10 3419.22 780334 5.66432e+08 1.85556 0 0 9.80693e-14 nan 0 0 7.11822e-18 0 3.75099e-27 0 0.00920721 0 2.7425e+10 9.98021e+11
171 82.8559 86.7608 55.7308 1.91128e-26 0 0 1.91128e-26 4.50431e+11 2.7425e+10 5.88586e+09 1.14987e+10 3295.31 761366 6.37671e+08 1.82387 0 0 4.78188e-15 nan 0 0 3.66413e-19 0 1.76094e-28 0 0.00921341 0 2.7425e+10 9.98021e+11
172 86.7608 90.8497 58.3574 7.77869e-28 0 0 7.77869e-28 4.68346e+11 2.7425e+10 5.88586e+09 1.27848e+10 3173.79 742531 7.17621e+08 1.79216 0 0 2.02225e-16 nan 0 0 1.6362e-20 0 7.17149e-30 0 0.00921941 0 2.7425e+10 9.98021e+11
173 90.8497 95.1313 61.1077 2.72807e-29 0 0 2.72807e-29 4.86637e+11 2.7425e+10 5.88586e+09 1.4206e+10 3054.72 723842 8.07305e+08 1.76047 0 0 7.36764e-18 nan 0 0 6.2959e-22 0 2.5167e-31 0 0.00922522 0 2.7425e+10 9.98021e+11
174 95.1313 99.6147 63.9876 8.18701e-31 0 0 8.18701e-31 5.05299e+11 2.7425e+10 5.88586e+09 1.57756e+10 2938.16 705309 8.57558e+08 1.83023 0 0 2.29629e-19 nan 0 0 2.07297e-23 0 7.55731e-33 0 0.00923086 0 2.7425e+10 9.98021e+11
175 99.6147 104.309 67.0032 2.08703e-32 0 0 2.08703e-32 5.24325e+11 2.7425e+10 5.88586e+09 1.75077e+10 2824.16 686944 9.95056e+08 1.74075 0 0 6.07764e-21 nan 0 0 5.79767e-25 0 1.92765e-34 0 0.00923633 0 2.7425e+10 9.98021e+11
176 104.309 109.225 70.161 4.48462e-34 0 0 4.48462e-34 5.43709e+11 2.7425e+10 5.88586e+09 1.9418e+10 2712.75 668757 1.1548e+09 1.65423 0 0 1.35552e-22 nan 0 0 1.36679e-26 0 4.14452e-36 0 0.00924164 0 2.7425e+10 9.98021e+11
177 109.225 114.373 73.4676 8.05786e-36 0 0 8.05786e-36 5.63445e+11 2.7425e+10 5.88586e+09 2.15234e+10 2603.97 650759 1.34044e+09 1.57067 0 0 2.52721e-24 nan 0 0 2.69424e-28 0 7.45094e-38 0 0.00924679 0 2.7425e+10 9.98021e+11
178 114.373 119.763 76.93 1.20046e-37 0 0 1.20046e-37 5.83525e+11 2.7425e+10 5.88586e+09 2.38422e+10 2497.86 632958 1.5562e+09 1.49004 0 0 3.90543e-26 nan 0 0 4.40353e-30 0 1.11064e-39 0 0.0092518 0 2.7425e+10 9.98021e+11
179 119.763 125.407 80.5556 1.46986e-39 0 0 1.46986e-39 6.03944e+11 2.7425e+10 5.88586e+09 2.63943e+10 2394.44 615363 1.77924e+09 1.43438 0 0 4.95846e-28 nan 0 0 5.91504e-32 0 1.36061e-41 0 0.00925668 0 2.7425e+10 9.98021e+11
180 125.407 131.318 84.352 1.46551e-41 0 0 1.46551e-41 6.24692e+11 2.7425e+10 5.88586e+09 2.92012e+10 2293.72 597983 2.07826e+09 1.35062 0 0 5.12453e-30 nan 0 0 6.46983e-34 0 1.35727e-43 0 0.00926142 0 2.7425e+10 9.98021e+11
181 131.318 137.507 88.3274 1.17837e-43 0 0 1.17837e-43 6.45764e+11 2.7425e+10 5.88586e+09 3.22863e+10 2195.71 580826 2.42822e+09 1.27052 0 0 4.26952e-32 nan 0 0 5.7069e-36 0 1.09188e-45 0 0.00926604 0 2.7425e+10 9.98021e+11
182 137.507 143.987 92.4902 7.56389e-46 0 0 7.56389e-46 6.67152e+11 2.7425e+10 5.88586e+09 3.56748e+10 2100.42 563898 2.83788e+09 1.19401 0 0 2.83864e-34 nan 0 0 4.01861e-38 0 7.01213e-48 0 0.00927054 0 2.7425e+10 9.98021e+11
183 143.987 150.773 96.8491 3.83506e-48 0 0 3.83506e-48 6.88848e+11 2.7425e+10 5.88586e+09 3.93938e+10 2007.86 547206 3.19326e+09 1.16464 0 0 1.49015e-36 nan 0 0 2.23516e-40 0 3.55699e-50 0 0.00927493 0 2.7425e+10 9.98021e+11
184 150.773 157.879 101.413 1.51891e-50 0 0 1.51891e-50 7.10845e+11 2.7425e+10 5.88586e+09 4.34727e+10 1918 530756 3.37109e+09 1.14002 0 0 6.10805e-39 nan 0 0 9.71109e-43 0 1.40943e-52 0 0.00927921 0 2.7425e+10 9.98021e+11
185 157.879 165.319 106.193 4.64478e-53 0 0 4.64478e-53 7.33134e+11 2.7425e+10 5.88586e+09 4.79431e+10 1830.85 514554 3.52837e+09 1.11555 0 0 1.93225e-41 nan 0 0 3.2576e-45 0 4.31194e-55 0 0.0092834 0 2.7425e+10 9.98021e+11
186 165.319 173.11 111.198 1.08337e-55 0 0 1.08337e-55 7.55709e+11 2.7425e+10 5.88586e+09 5.28391e+10 1746.39 498606 3.69031e+09 1.11843 0 0 4.66027e-44 nan 0 0 8.33493e-48 0 1.00618e-57 0 0.00928749 0 2.7425e+10 9.98021e+11
187 173.11 181.269 116.438 1.90293e-58 0 0 1.90293e-58 7.78561e+11 2.7425e+10 5.88586e+09 5.81971e+10 1664.6 482914 3.85684e+09 1.12202 0 0 8.46042e-47 nan 0 0 1.60596e-50 0 1.76811e-60 0 0.00929149 0 2.7425e+10 9.98021e+11
188 181.269 189.812 121.926 2.48366e-61 0 0 2.48366e-61 8.01683e+11 2.7425e+10 5.88586e+09 6.40564e+10 1585.46 467483 4.02788e+09 1.12567 0 0 1.14076e-49 nan 0 0 2.29925e-53 0 2.30866e-63 0 0.00929541 0 2.7425e+10 9.98021e+11
189 189.812 198.757 127.672 2.37522e-64 0 0 2.37522e-64 8.25068e+11 2.7425e+10 5.88586e+09 7.04592e+10 1508.94 452318 4.20332e+09 1.12939 0 0 1.12649e-52 nan 0 0 2.412e-56 0 2.20878e-66 0 0.00929925 0 2.7425e+10 9.98021e+11
190 198.757 208.125 133.689 1.64018e-67 0 0 1.64018e-67 8.48707e+11 2.7425e+10 5.88586e+09 7.74503e+10 1435.01 437419 4.38303e+09 1.13794 0 0 8.02814e-56 nan 0 0 1.827e-59 0 1.52586e-69 0 0.009303 0 2.7425e+10 9.98021e+11
191 208.125 217.933 139.99 8.05344e-71 0 0 8.05344e-71 8.72593e+11 2.7425e+10 5.88586e+09 8.5078e+10 1363.63 422791 4.56685e+09 1.14961 0 0 4.06617e-59 nan 0 0 9.84016e-63 0 7.49509e-73 0 0.00930669 0 2.7425e+10 9.98021e+11
192 217.933 228.204 146.587 2.7669e-74 0 0 2.7669e-74 8.96719e+11 2.7425e+10 5.88586e+09 9.33934e+10 1294.77 408436 4.75459e+09 1.16158 0 0 1.44028e-62 nan 0 0 3.70837e-66 0 2.57607e-76 0 0.0093103 0 2.7425e+10 9.98021e+11
193 228.204 238.959 153.495 6.54056e-78 0 0 6.54056e-78 9.21077e+11 2.7425e+10 5.88586e+09 1.02451e+11 1228.39 394353 4.94602e+09 1.16722 0 0 3.50817e-66 nan 0 0 9.61546e-70 0 6.09178e-80 0 0.00931385 0 2.7425e+10 9.98021e+11
194 238.959 250.221 160.73 1.04517e-81 0 0 1.04517e-81 9.45659e+11 2.7425e+10 5.88586e+09 1.1231e+11 1164.44 380546 5.14089e+09 1.15481 0 0 5.77327e-70 nan 0 0 1.68541e-73 0 9.7382e-84 0 0.00931733 0 2.7425e+10 9.98021e+11
195 250.221 262.013 168.304 1.10839e-85 0 0 1.10839e-85 9.7046e+11 2.7425e+10 5.88586e+09 1.23031e+11 1102.89 367015 5.33891e+09 1.14233 0 0 6.3015e-74 nan 0 0 1.9605e-77 0 1.0331e-87 0 0.00932074 0 2.7425e+10 9.98021e+11
196 262.013 274.362 176.236 7.65124e-90 0 0 7.65124e-90 9.9547e+11 2.7425e+10 5.88586e+09 1.23031e+11 0 0 0 0 0 0 4.4745e-78 nan 0 0 1.48444e-81 0 7.13408e-92 0 0.00932408 0 2.7425e+10 9.98021e+11
197 274.362 287.292 184.542 3.3691e-94 0 0 3.3691e-94 9.98021e+11 2.7425e+10 5.88586e+09 1.23031e+11 0 0 0 0 0 0 2.02545e-82 nan 0 0 7.16966e-86 0 3.14248e-96 0 0.00932737 0 2.7425e+10 9.98021e+11
198 287.292 300.832 193.239 9.2647e-99 0 0 9.2647e-99 9.98021e+11 2.7425e+10 5.88586e+09 1.23031e+11 0 0 0 0 0 0 5.7222e-87 nan 0 0 2.16255e-90 0 8.64451e-101 0 0.00933058 0 2.7425e+10 9.98021e+11
199 300.832 315.009 202.346 1.55612e-103 0 0 1.55612e-103 9.98021e+11 2.7425e+10 5.88586e+09 1.23031e+11 0 0 0 0 0 0 9.86776e-92 nan 0 0 3.98404e-95 0 1.45244e-105 0 0.00933374 0 2.7425e+10 9.98021e+11
