0 0.027 2.79171 4.65891 0 2.79171 0.0282725 174953 1029.42 616.845 43.5274 452796 12409 63519.7 0.000402124 0 0 0 2.57192 0.15571 0.01164 0.000704711
1 0.0282725 98.5782 4.46803 0 98.5782 0.0296049 191779 2111.9 24499.8 49.6583 437225 12752.8 8544.09 0.000298157 0 0 0 4.37315 0.100818 0.0180504 0.000416133
2 0.0296049 89.1339 4.41781 0 89.1339 0.0310001 210221 3285.49 48178 56.4548 422153 13105.3 9045.46 0.000252686 1.75673e+12 0 0 4.49677 0.110284 0.0169275 0.00041515
3 0.0310001 87.5158 4.45479 0 87.5158 0.0324611 230433 4583.07 73669.4 63.9885 407565 13466.8 9575.41 0.00021426 0 0 0 4.84716 0.120064 0.0166411 0.000412199
4 0.0324611 112.953 4.35637 0 112.953 0.033991 252584 5974.4 109744 72.3388 393445 13837.5 10135.5 0.000181774 0 0 0 6.04833 0.128784 0.0189378 0.000403231
5 0.033991 110.016 4.3301 0 110.016 0.0355929 276861 7490.77 148271 81.5932 379780 14217.5 10727.4 0.000163353 0 0 0 6.43961 0.140295 0.0183888 0.000400624
6 0.0355929 97.9235 4.28173 0 97.9235 0.0372704 303467 9134.86 185871 91.8487 366556 14607 11352.8 0.000166835 1.72442e+12 0 0 6.5584 0.153541 0.0170801 0.00039987
7 0.0372704 112.027 4.28607 0 112.027 0.0390269 332624 10939.4 233037 103.212 353758 15006.3 12013.4 0.000170416 0 0 0 7.66391 0.165627 0.018203 0.000393391
8 0.0390269 107.54 4.23474 0 107.54 0.0408662 364576 12894.3 282682 115.803 341374 15415.4 12711.4 0.000174095 0 0 0 8.1491 0.18041 0.0176524 0.0003908
9 0.0408662 113.31 4.18798 0 113.31 0.0427921 399590 15014.2 340038 129.752 329391 15834.7 13448.5 0.000177878 0 0 0 9.13699 0.195364 0.0180508 0.000385957
10 0.0427921 109.307 4.12974 0 109.307 0.0448088 437958 17306.3 400705 145.203 317796 16264.2 14226.9 0.000195922 1.38901e+12 0 0 9.69368 0.212678 0.0174655 0.000383192
11 0.0448088 105.886 4.14382 0 105.886 0.0469206 480002 19828.1 465143 162.317 306578 16704.3 15048.8 0.000216356 0 0 0 11.1358 0.230724 0.0182985 0.000379129
12 0.0469206 109.611 4.07627 0 109.611 0.0491319 526071 22548.1 538284 181.271 295724 17155.1 15916.5 0.000238906 0 0 0 12.5788 0.249822 0.0188509 0.00037439
13 0.0491319 80.6527 4.09444 0 80.6527 0.0514474 576549 25543.8 597294 202.26 285224 17616.7 16832.4 0.000263789 0 0 0 14.4725 0.276341 0.0197804 0.000377692
14 0.0514474 55.2982 4.12945 0 55.2982 0.0538721 631856 28856.6 641657 225.501 275065 18089.5 17799.1 0.000296512 0 0 0 16.6854 0.304564 0.0207984 0.00037964
15 0.0538721 63.6764 4.06982 0 63.6764 0.056411 692453 32436.6 697669 251.232 265239 18573.5 18819.1 0.000336268 0 0 0 16.1393 0.339322 0.0183476 0.00038575
16 0.056411 46.2483 4.07642 0 46.2483 0.0590696 758842 36368.4 742276 279.716 255734 19069 19895.3 0.000381296 7.9782e+11 0 0 17.2971 0.380447 0.0179336 0.000394446
17 0.0590696 39.1628 4.17234 0 39.1628 0.0618534 831575 40780.9 783694 311.245 246541 19576.2 21030.5 0.000432291 0 0 0 22.4478 0.427625 0.021226 0.00040435
18 0.0618534 34.2671 4.18285 0 34.2671 0.0647685 911255 45631.3 823430 346.139 237650 20095.2 22227.9 0.00048272 0 0 0 25.0967 0.476624 0.0216427 0.000411026
19 0.0647685 31.4022 4.1337 0 31.4022 0.0678209 998542 50887.2 863357 384.753 229050 20626.3 23490.5 0.000543026 0 0 0 28.8087 0.52253 0.0226577 0.000410965
20 0.0678209 27.7429 4.12623 0 27.7429 0.0710172 1.09416e+06 56639.7 902034 427.479 220735 21169.7 24821.7 0.000610785 0 0 0 30.8842 0.580515 0.0221528 0.000416396
21 0.0710172 22.9645 4.00256 0 22.9645 0.0743642 1.19889e+06 62758.2 937139 474.747 212693 21725.5 26224.9 0.000686905 0 0 0 31.4204 0.625133 0.0205544 0.000408946
22 0.0743642 22.3349 4.26505 0 22.3349 0.0778689 1.31361e+06 69907 974575 527.034 204918 22294 27703.9 0.000772402 0 0 0 16.7259 0.753999 0.00997888 0.000449846
23 0.0778689 18.1058 4.28494 0 18.1058 0.0815387 1.43926e+06 77782 1.00785e+06 584.865 197400 22875.3 29262.2 0.000864232 0 0 0 3.67438 1.32325 0.0019993 0.000720007
24 0.0815387 14.4384 4.21107 0 14.4384 0.0853815 1.57686e+06 86267.9 1.03695e+06 648.819 190132 23469.5 30904 0.000966585 0 0 0 3.47858 1.46071 0.00172622 0.000724865
25 0.0853815 11.0496 4.02907 0 11.0496 0.0894054 1.72756e+06 95170.4 1.06136e+06 719.535 183105 24077 32633.3 0.00108091 0 0 0 2.89197 1.022 0.00130884 0.000462535
26 0.0894054 3.42095 3.97088 0 3.42095 0.0936189 1.8926e+06 104791 1.06965e+06 797.716 176313 24697.7 34454.4 0.0012086 0 0 0 2.41403 1.13334 0.000996407 0.000467795
27 0.0936189 4.2195 5.87227 0 4.2195 0.0980311 2.07331e+06 120390 1.08086e+06 884.137 169747 25332 36371.7 0.0013315 0 0 0 11.5354 29.884 0.00434236 0.0112495
28 0.0980311 1.90603 6.15331 0 1.90603 0.102651 2.27118e+06 138314 1.08641e+06 979.652 163402 25980 38390 0.00148091 0 0 0 10.8279 40.4406 0.00371739 0.0138839
29 0.102651 0.581007 4.37572 0 0.581007 0.107489 2.48783e+06 152289 1.08826e+06 1085.2 157269 26641.8 40513.9 0.0016469 0 0 0 4.47133 10.2072 0.00140001 0.00319594
30 0.107489 0 2.61614 10.4285 455.284 0.112555 2.72501e+06 161450 1.08826e+06 1201.82 151343 27317.6 42748.6 0.00183125 4.02702e+13 0 0 128.968 0.927733 0.0368278 0.000264921
31 0.112555 480.24 3.11105 0 480.24 0.117859 2.98467e+06 173396 2.93228e+06 1330.66 145616 28007.5 45099.3 0.00203597 0 0 0 62.4821 0.895629 0.0162723 0.00023325
32 0.117859 480.256 2.46585 0 480.256 0.123414 3.2689e+06 183778 4.95427e+06 1472.95 140083 28711.6 47571.4 0.00223716 0 0 0 67.5563 0.958982 0.0160457 0.000227774
33 0.123414 480.165 2.40107 0 480.165 0.12923 3.58001e+06 194862 7.17093e+06 1630.1 134737 29430.2 50170.5 0.00248934 0 0 0 73.0522 1.0257 0.0158244 0.000222184
34 0.12923 479.961 2.33584 0 479.961 0.135321 3.92052e+06 206686 9.6004e+06 1803.61 129573 30163.2 52902.4 0.00276956 0 0 0 79.0052 1.09612 0.0156081 0.000216547
35 0.135321 479.631 2.26957 0 479.631 0.141698 4.29316e+06 219282 1.22624e+07 1995.16 124585 30910.9 55773.2 0.00308086 0 0 0 85.4543 1.16991 0.0153967 0.000210788
36 0.141698 479.166 2.20289 0 479.166 0.148376 4.70095e+06 232688 1.51785e+07 2206.58 119767 31673.2 58789.1 0.00333784 0 0 0 92.4424 1.2474 0.0151902 0.000204974
37 0.148376 478.552 2.1356 0 478.552 0.155369 5.14714e+06 246939 1.83717e+07 2439.9 115114 32450.3 61956.6 0.0036971 0 0 0 100.016 1.32845 0.0149887 0.000199085
38 0.155369 477.783 2.06762 0 477.783 0.162691 5.63531e+06 262066 2.18675e+07 2697.32 110620 33242.3 62871.6 0.00409445 0 0 0 108.205 1.41282 0.0147891 0.000193099
39 0.162691 476.792 1.99933 0 476.792 0.170358 6.16935e+06 278106 2.56925e+07 2981.29 106282 34049.2 62632.9 0.00453389 0 0 0 117.043 1.50067 0.0145895 0.000187059
40 0.170358 475.57 1.93095 0 475.57 0.178387 6.75353e+06 295091 2.98758e+07 3294.49 102093 34871.1 62391.7 0.00501977 0 0 0 126.595 1.59198 0.0143916 0.00018098
41 0.178387 474.171 1.86224 0 474.171 0.186794 7.39246e+06 313053 3.44492e+07 3639.84 98049.2 35707.9 64817.1 0.00532807 0 0 0 137.013 1.68631 0.0142055 0.000174836
42 0.186794 472.603 1.79319 0 472.603 0.195598 8.09121e+06 332017 3.94473e+07 4020.57 94146 36559.7 65158.2 0.00584316 0 0 0 148.234 1.7833 0.0140165 0.000168623
43 0.195598 470.879 1.72404 0 470.879 0.204816 8.85528e+06 352009 4.49076e+07 4440.21 90378.9 37426.5 65493.7 0.00640741 0 0 0 160.358 1.88261 0.0138288 0.00016235
44 0.204816 469.032 1.65478 0 469.032 0.214469 9.69067e+06 373049 5.08712e+07 4902.65 86743.5 38308.3 65823.3 0.00702543 0 0 0 173.519 1.98387 0.0136471 0.00015603
45 0.214469 467.05 1.58543 0 467.05 0.224576 1.06039e+07 395152 5.73825e+07 5412.13 83235.7 39205 66146.4 0.00770228 0 0 0 187.86 2.08653 0.0134749 0.000149664
46 0.224576 465.017 1.51589 0 465.017 0.23516 1.16022e+07 418325 6.4491e+07 5973.3 79851.4 40116.5 70547.8 0.00795454 0 0 0 203.44 2.18917 0.0133085 0.00014321
47 0.23516 462.811 1.44645 0 462.811 0.246243 1.26931e+07 442569 7.22483e+07 6591.27 76586.8 41042.8 72513 0.00852224 0 0 0 220.252 2.29137 0.0131405 0.000136706
48 0.246243 460.413 1.37743 0 460.413 0.257848 1.38853e+07 467884 8.07099e+07 7271.63 73438 41983.8 74510.9 0.00913095 0 0 0 238.539 2.39282 0.0129793 0.000130198
49 0.257848 458.821 1.3071 0 458.821 0.27 1.51878e+07 494224 8.99558e+07 8020.48 70401.2 42939.3 76541.5 0.0097836 0 0 0 257.977 2.48848 0.0128019 0.000123489
50 0.27 604.236 1.01231 0 604.236 0.282725 1.66107e+07 516591 1.03307e+08 8844.52 67473.1 43909.2 78603.8 0.0104834 0 0 0 78.4017 2.99681 0.00354829 0.000135629
51 0.282725 548.544 1.08598 0 548.544 0.296049 1.81647e+07 542902 1.16597e+08 9751.05 64650 44893.2 84618.7 0.0107132 0 0 0 72.6695 4.48564 0.00299948 0.000185148
52 0.296049 490.155 1.19365 0 490.155 0.310001 1.98618e+07 574611 1.29617e+08 10748.1 61928.7 45891.2 90349.5 0.0110352 0 0 0 75.5093 5.52188 0.00284246 0.000207865
53 0.310001 427.875 1.2596 0 427.875 0.324611 2.17147e+07 611300 1.42081e+08 11844.3 59305.9 46902.9 96405.7 0.0113713 0 0 0 82.225 8.95642 0.00282291 0.000307488
54 0.324611 975.038 0.142766 0 975.038 0.33991 2.37373e+07 615860 1.73221e+08 13049.4 56778.4 47928.1 102800 0.0117221 0 0 0 336.082 0.0384546 0.010523 1.20404e-06
55 0.33991 968.18 0.075017 0 968.18 0.355929 2.59448e+07 618487 2.07126e+08 14373.6 54343.2 48966.4 109542 0.0120887 0 0 0 235.934 0.012336 0.00673726 3.52265e-07
56 0.355929 961.098 0.00854534 0 961.098 0.372704 2.83535e+07 618815 2.4403e+08 15828.4 51997.3 50017.5 116645 0.0124718 0 0 0 106.101 0.00038438 0.0027632 1.00105e-08
57 0.372704 917.815 0 0 917.815 0.390269 3.09812e+07 618815 2.82672e+08 17426.1 49737.9 51081 127977 0.0124845 0 0 0 90.6655 0 0.00215345 0
58 0.390269 870.29 0 0 870.29 0.408662 3.38473e+07 618815 3.22849e+08 19180.3 47562.2 52156.6 140717 0.0124661 0 0 0 95.1784 0 0.00206173 0
59 0.408662 824.022 0 0 824.022 0.427921 3.69725e+07 618815 3.64559e+08 21105.7 45467.4 53243.7 154557 0.0124574 0 0 0 99.8372 0 0.00197236 0
60 0.427921 779.052 0 0 779.052 0.448088 4.03794e+07 618815 4.07798e+08 23218.3 43451.1 54341.9 169571 0.0124585 0 0 0 104.627 0 0.00188512 0
61 0.448088 735.414 0 0 735.414 0.469206 4.40926e+07 618815 4.52553e+08 25535.5 41510.5 55450.7 185831 0.0124697 0 0 0 109.521 0 0.00179967 0
62 0.469206 693.141 0 0 693.141 0.491319 4.81385e+07 618815 4.98804e+08 28076.4 39643.4 56569.5 198337 0.012811 0 0 0 114.477 0 0.00171558 0
63 0.491319 652.259 0 0 652.259 0.514474 5.25457e+07 618815 5.46527e+08 30861.6 37847.3 57697.6 216955 0.0128375 0 0 0 119.652 0 0.00163536 0
64 0.514474 612.791 0 0 612.791 0.538721 5.73451e+07 618815 5.95688e+08 33913.4 36119.9 58834.5 233726 0.0128753 0 0 0 124.951 0 0.00155752 0
65 0.538721 574.754 0 0 574.754 0.56411 6.25699e+07 618815 6.46246e+08 37256.3 34459 59979.5 244491 0.0129248 0 0 0 130.373 0 0.00148211 0
66 0.56411 538.164 0 0 538.164 0.590696 6.82562e+07 618815 6.98152e+08 40916.5 32862.3 61131.8 255658 0.0129864 0 0 0 135.973 0 0.00140976 0
67 0.590696 503.027 0 0 503.027 0.618534 7.44427e+07 618815 7.51351e+08 44922.9 31327.9 62290.6 267234 0.0130605 0 0 0 141.753 0 0.00134037 0
68 0.618534 469.349 0 0 469.349 0.647685 8.11712e+07 618815 8.05776e+08 49306.3 29853.6 63455.1 279228 0.0137932 0 0 0 147.715 0 0.00127385 0
69 0.647685 437.131 0 0 437.131 0.678209 8.84867e+07 618815 8.61356e+08 54100.4 28437.6 64624.4 291644 0.0143042 0 0 0 153.86 0 0.00121009 0
70 0.678209 406.366 0 0 406.366 0.710172 9.64373e+07 618815 9.18009e+08 59341.6 27077.8 65797.6 304491 0.0148428 0 0 0 160.188 0 0.00114901 0
71 0.710172 377.048 0 0 377.048 0.743642 1.05075e+08 618815 9.75646e+08 65069.1 25772.4 66973.8 317772 0.0154108 0 0 0 166.7 0 0.00109051 0
72 0.743642 349.162 0 0 349.162 0.778689 1.14456e+08 618815 1.03417e+09 71325.6 24519.6 68151.8 331493 0.0160102 0 0 0 173.395 0 0.0010345 0
73 0.778689 322.693 0 0 322.693 0.815387 1.24639e+08 618815 1.09348e+09 78156.9 23317.7 69330.7 345658 0.0166434 0 0 0 180.272 0 0.000980895 0
74 0.815387 297.62 0 0 297.62 0.853815 1.3569e+08 618815 1.15345e+09 85612.5 22165 70509.3 360270 0.0173125 0 0 0 187.331 0 0.000929616 0
75 0.853815 273.919 0 0 273.919 0.894054 1.47675e+08 618815 1.21397e+09 93745.9 21059.8 71686.5 375331 0.0187232 0 0 0 194.57 0 0.00088058 0
76 0.894054 251.562 0 0 251.562 0.936189 1.60669e+08 618815 1.27492e+09 102614 20000.5 72861 390843 0.0201517 0 0 0 201.986 0 0.000833709 0
77 0.936189 230.519 0 0 230.519 0.980311 1.74751e+08 618815 1.33616e+09 112280 18985.6 74031.7 406804 0.0216903 0 0 0 209.576 0 0.000788925 0
78 0.980311 210.758 0 0 210.758 1.02651 1.90003e+08 618815 1.39755e+09 122810 18013.6 75197.1 423215 0.0233474 0 0 0 217.338 0 0.000746155 0
79 1.02651 192.241 0 0 192.241 1.07489 2.06514e+08 618815 1.45895e+09 134275 17082.9 76356 440072 0.0251324 0 0 0 225.266 0 0.000705326 0
80 1.07489 174.93 0 0 174.93 1.12555 2.24381e+08 618815 1.5202e+09 146753 16192.3 77507 457372 0.0270552 0 0 0 233.357 0 0.000666369 0
81 1.12555 158.786 0 0 158.786 1.17859 2.43702e+08 618815 1.58118e+09 160325 15340.3 78648.6 465972 0.0291266 0 0 0 241.527 0 0.000629011 0
82 1.17859 143.766 0 0 143.766 1.23414 2.64587e+08 618815 1.6417e+09 175080 14525.6 79779.4 480380 0.0307159 0 0 0 249.893 0 0.000593537 0
83 1.23414 129.827 0 0 129.827 1.2923 2.87147e+08 618815 1.70164e+09 191113 13746.9 80897.9 476664 0.0336362 0 0 0 258.058 0 0.000558998 0
84 1.2923 116.924 0 0 116.924 1.35321 3.11504e+08 618815 1.76082e+09 208525 13002.8 82002.5 472901 0.03682 0 0 0 265.96 0 0.000525424 0
85 1.35321 105.012 0 0 105.012 1.41698 3.37785e+08 618815 1.81911e+09 227425 12292.3 83091.7 469093 0.0402894 0 0 0 273.716 0 0.000493167 0
86 1.41698 94.0424 0 0 94.0424 1.48376 3.66124e+08 618815 1.87634e+09 247927 11614.1 84163.9 465240 0.0440682 0 0 0 281.395 0 0.000462391 0
87 1.48376 83.9703 0 0 83.9703 1.55369 3.96663e+08 618815 1.93237e+09 270156 10967.1 85217.6 461344 0.0481818 0 0 0 288.773 0 0.000432763 0
88 1.55369 74.748 0 0 74.748 1.62691 4.2955e+08 618815 1.98706e+09 294241 10350.1 86251 457402 0.0526576 0 0 0 296.04 0 0.000404616 0
89 1.62691 66.3288 0 0 66.3288 1.70358 4.64943e+08 618815 2.04027e+09 320324 9762.01 87262.5 453416 0.0575252 0 0 0 302.922 0 0.000377594 0
90 1.70358 58.6658 0 0 58.6658 1.78387 5.03006e+08 618815 2.09188e+09 348553 9201.82 88250.5 449386 0.0628159 0 0 0 309.229 0 0.000351539 0
91 1.78387 51.713 0 0 51.713 1.86794 5.43911e+08 618815 2.14175e+09 379085 8668.47 89213.3 462562 0.0660068 0 0 0 315.003 0 0.000326594 0
92 1.86794 45.4248 0 0 45.4248 1.95598 5.87838e+08 618815 2.18979e+09 412088 8160.97 90149.3 456297 0.0723285 0 0 0 319.64 0 0.000302242 0
93 1.95598 39.7568 0 0 39.7568 2.04816 6.34975e+08 618815 2.23589e+09 447740 7678.33 91056.8 450114 0.0792062 0 0 0 323.39 0 0.000278881 0
94 2.04816 34.6654 0 0 34.6654 2.14469 6.85518e+08 618815 2.27997e+09 486228 7219.61 91934.3 444011 0.0866834 0 0 0 326.259 0 0.000256599 0
95 2.14469 30.1083 0 0 30.1083 2.24576 7.3967e+08 618815 2.32195e+09 527752 6783.89 92779.9 437988 0.0948053 0 0 0 328.295 0 0.000235482 0
96 2.24576 26.0445 0 0 26.0445 2.3516 7.97642e+08 618815 2.36176e+09 572520 6370.27 93592.3 432043 0.103621 0 0 0 329.522 0 0.000215565 0
97 2.3516 22.4347 0 0 22.4347 2.46243 8.59652e+08 618815 2.39936e+09 620756 5977.88 94369.8 426175 0.113181 0 0 0 329.943 0 0.000196849 0
98 2.46243 19.241 0 0 19.241 2.57848 9.25926e+08 618815 2.43472e+09 672690 5605.87 95110.8 420384 0.123541 0 0 0 329.712 0 0.000179402 0
99 2.57848 16.4271 0 0 16.4271 2.7 9.96695e+08 618815 2.46783e+09 728570 5253.41 95814 414668 0.134759 0 0 0 328.922 0 0.000163225 0
100 2.7 13.9586 0 0 13.9586 2.82725 1.0722e+09 618815 2.49867e+09 788654 4919.71 96477.9 409028 0.146894 0 0 0 327.608 0 0.000148268 0
101 2.82725 11.8029 0 0 11.8029 2.96049 1.15268e+09 618815 2.52726e+09 853212 4603.99 97101.1 403460 0.160011 0 0 0 325.954 0 0.00013454 0
102 2.96049 9.92913 0 0 9.92913 3.10001 1.2384e+09 618815 2.55364e+09 922529 4305.49 97682.4 397964 0.174178 0 0 0 323.934 0 0.000121941 0
103 3.10001 8.30844 0 0 8.30844 3.24611 1.3296e+09 618815 2.57784e+09 996902 4023.47 98220.4 392541 0.189466 0 0 0 321.689 0 0.000110441 0
104 3.24611 6.91378 0 0 6.91378 3.3991 1.42654e+09 618815 2.59992e+09 1.07664e+06 3757.22 98714 387189 0.205949 0 0 0 319.312 0 9.9979e-05 0
105 3.3991 5.72002 0 0 5.72002 3.55929 1.52949e+09 618815 2.61995e+09 1.16208e+06 3506.04 99162.2 381905 0.223706 0 0 0 316.729 0 9.04443e-05 0
106 3.55929 4.70391 0 0 4.70391 3.72704 1.63872e+09 618815 2.63802e+09 1.25354e+06 3269.28 99564 376691 0.242819 0 0 0 313.957 0 8.17644e-05 0
107 3.72704 3.84402 0 0 3.84402 3.90269 1.7545e+09 618815 2.6542e+09 1.3514e+06 3046.26 99918.5 371546 0.263372 0 0 0 310.968 0 7.386e-05 0
108 3.90269 3.12076 0 0 3.12076 4.08662 1.87709e+09 618815 2.66861e+09 1.45601e+06 2836.36 100225 381026 0.274551 0 0 0 307.978 0 6.67134e-05 0
109 4.08662 2.51627 0 0 2.51627 4.27921 2.00676e+09 618815 2.68134e+09 1.56776e+06 2638.97 100483 375797 0.29737 0 0 0 304.776 0 6.02107e-05 0
110 4.27921 2.01441 0 0 2.01441 4.48088 2.14379e+09 618815 2.69252e+09 1.68705e+06 2453.48 100691 370641 0.321844 0 0 0 301.508 0 5.4324e-05 0
111 4.48088 1.60063 0 0 1.60063 4.69206 2.28845e+09 618815 2.70226e+09 1.81429e+06 2279.34 100849 365556 0.348072 0 0 0 298.11 0 4.89858e-05 0
112 4.69206 1.26196 0 0 1.26196 4.91319 2.441e+09 618815 2.71069e+09 1.94991e+06 2115.97 100958 360540 0.376158 0 0 0 294.703 0 4.4165e-05 0
113 4.91319 0.986865 0 0 0.986865 5.14474 2.60171e+09 618815 2.71791e+09 2.09435e+06 1962.83 101016 355592 0.406207 0 0 0 291.244 0 3.98062e-05 0
114 5.14474 0.765189 0 0 0.765189 5.38721 2.77083e+09 618815 2.72404e+09 2.24808e+06 1819.42 101024 350713 0.438326 0 0 0 287.805 0 3.5875e-05 0
115 5.38721 0.588047 0 0 0.588047 5.6411 2.94862e+09 618815 2.72922e+09 2.41156e+06 1685.23 100981 345901 0.472632 0 0 0 284.334 0 3.23238e-05 0
116 5.6411 0.447724 0 0 0.447724 5.90696 3.13533e+09 618815 2.73354e+09 2.58529e+06 1559.77 100889 341156 0.509241 0 0 0 280.887 0 2.91223e-05 0
117 5.90696 0.337583 0 0 0.337583 6.18534 3.3312e+09 618815 2.73711e+09 2.76978e+06 1442.58 100746 336476 0.548277 0 0 0 277.431 0 2.6233e-05 0
118 6.18534 0.251959 0 0 0.251959 6.47685 3.53645e+09 618815 2.74003e+09 2.96553e+06 1333.2 100554 331860 0.589871 0 0 0 273.956 0 2.36251e-05 0
119 6.47685 0.18606 0 0 0.18606 6.78209 3.75132e+09 618815 2.74239e+09 3.17309e+06 1231.21 100313 327306 0.634155 0 0 0 270.516 0 2.12758e-05 0
120 6.78209 0.135874 0 0 0.135874 7.10172 3.97601e+09 618815 2.74429e+09 3.39301e+06 1136.19 100024 322815 0.681261 0 0 0 267.086 0 1.91578e-05 0
121 7.10172 0.0980754 0 0 0.0980754 7.43642 4.21072e+09 618815 2.74579e+09 3.62586e+06 1047.75 99687.2 306193 0.760463 0 0 0 263.568 0 1.72419e-05 0
122 7.43642 0.0699336 0 0 0.0699336 7.78689 4.45564e+09 618815 2.74696e+09 3.87222e+06 965.494 99304.2 301972 0.815828 0 0 0 260.113 0 1.55187e-05 0
123 7.78689 0.0492345 0 0 0.0492345 8.15387 4.71095e+09 618815 2.74786e+09 4.13268e+06 889.064 98875.8 297806 0.87461 0 0 0 256.698 0 1.39674e-05 0
124 8.15387 0.034202 0 0 0.034202 8.53815 4.97681e+09 618815 2.74855e+09 4.40787e+06 818.11 98403.2 293697 0.936974 0 0 0 253.263 0 1.2568e-05 0
125 8.53815 0.0234294 0 0 0.0234294 8.94054 5.25337e+09 618815 2.74907e+09 4.69841e+06 752.296 97887.5 289641 1.0031 0 0 0 249.909 0 1.13103e-05 0
126 8.94054 0.0158166 0 0 0.0158166 9.36189 5.54075e+09 618815 2.74945e+09 5.00495e+06 691.305 97330.3 285640 1.07317 0 0 0 246.531 0 1.01757e-05 0
127 9.36189 0.0105151 0 0 0.0105151 9.80311 5.83909e+09 618815 2.74973e+09 5.32815e+06 634.833 96732.9 281690 1.14737 0 0 0 243.196 0 9.15482e-06 0
128 9.80311 0.00687929 0 0 0.00687929 10.2651 6.14847e+09 618815 2.74993e+09 5.6687e+06 582.589 96097 277794 1.2259 0 0 0 239.861 0 8.23479e-06 0
129 10.2651 0.00442568 0 0 0.00442568 10.7489 6.46898e+09 618815 2.75008e+09 6.02729e+06 534.3 95424.1 273949 1.30897 0 0 0 236.52 0 7.40563e-06 0
130 10.7489 0.00279755 0 0 0.00279755 11.2555 6.8007e+09 618815 2.75017e+09 6.40465e+06 489.704 94716.1 270157 1.3968 0 0 0 233.203 0 6.65927e-06 0
131 11.2555 0.00173611 0 0 0.00173611 11.7859 7.14368e+09 618815 2.75024e+09 6.8015e+06 448.554 93974.7 266414 1.48961 0 0 0 229.854 0 5.98613e-06 0
132 11.7859 0.00105682 0 0 0.00105682 12.3414 7.49796e+09 618815 2.75028e+09 7.21861e+06 410.615 93201.9 262721 1.58765 0 0 0 226.471 0 5.37905e-06 0
133 12.3414 0.000630452 0 0 0.000630452 12.923 7.86355e+09 618815 2.75031e+09 7.65675e+06 375.666 92399.4 259078 1.69117 0 0 0 222.997 0 4.83049e-06 0
134 12.923 0.000368227 0 0 0.000368227 13.5321 8.24046e+09 618815 2.75033e+09 8.11673e+06 343.497 91569.4 255484 1.80043 0 0 0 219.231 0 4.33108e-06 0
135 13.5321 0.000210357 0 0 0.000210357 14.1698 8.62867e+09 618815 2.75034e+09 8.59937e+06 313.912 90713.8 251939 1.91571 0 0 0 215.007 0 3.87388e-06 0
136 14.1698 0.000117414 0 0 0.000117414 14.8376 9.02817e+09 618815 2.75035e+09 9.10552e+06 286.724 89834.8 248440 2.03732 0 0 0 210.621 0 3.46095e-06 0
137 14.8376 6.39631e-05 0 0 6.39631e-05 15.5369 9.43891e+09 618815 2.75036e+09 9.63606e+06 261.759 88934.4 235547 2.25237 0 0 0 206.953 0 3.10146e-06 0
138 15.5369 3.39689e-05 0 0 3.39689e-05 16.2691 9.86083e+09 618815 2.75036e+09 1.01919e+07 238.853 88014.7 231268 2.40343 0 0 0 203.015 0 2.77474e-06 0
139 16.2691 1.75652e-05 0 0 1.75652e-05 17.0358 1.02939e+10 618815 2.75036e+09 1.0774e+07 217.851 87077.9 227037 2.56376 0 0 0 199.099 0 2.48178e-06 0
140 17.0358 8.83274e-06 0 0 8.83274e-06 17.8387 1.07379e+10 618815 2.75036e+09 1.13832e+07 198.609 86126.1 222857 2.73394 0 0 0 195.039 0 2.21725e-06 0
141 17.8387 4.31352e-06 0 0 4.31352e-06 18.6794 1.11929e+10 618815 2.75036e+09 1.20207e+07 180.993 85161.4 218726 2.91459 0 0 0 190.873 0 1.97896e-06 0
142 18.6794 2.04296e-06 0 0 2.04296e-06 19.5598 1.16587e+10 618815 2.75036e+09 1.26875e+07 164.876 84186.1 214648 3.10633 0 0 0 186.584 0 1.76428e-06 0
143 19.5598 9.37014e-07 0 0 9.37014e-07 20.4816 1.21352e+10 618815 2.75036e+09 1.33846e+07 150.141 83202.2 210625 3.30983 0 0 0 182.265 0 1.5718e-06 0
144 20.4816 4.15557e-07 0 0 4.15557e-07 21.4469 1.26223e+10 618815 2.75036e+09 1.41133e+07 136.678 82211.9 206658 3.52585 0 0 0 177.69 0 1.39752e-06 0
145 21.4469 1.77918e-07 0 0 1.77918e-07 22.4576 1.31197e+10 618815 2.75036e+09 1.48746e+07 124.386 81217.2 202747 3.75518 0 0 0 173.014 0 1.24101e-06 0
146 22.4576 7.34155e-08 0 0 7.34155e-08 23.516 1.36275e+10 618815 2.75036e+09 1.567e+07 113.168 80220.3 198896 3.99866 0 0 0 167.969 0 1.09881e-06 0
147 23.516 2.91456e-08 0 0 2.91456e-08 24.6243 1.41453e+10 618815 2.75036e+09 1.65006e+07 102.938 79223.2 189487 4.38341 0 0 0 162.415 0 9.68992e-07 0
148 24.6243 1.11117e-08 0 0 1.11117e-08 25.7848 1.4673e+10 618815 2.75036e+09 1.73678e+07 93.6138 78227.8 183026 4.73852 0 0 0 156.655 0 8.52388e-07 0
149 25.7848 4.06044e-09 0 0 4.06044e-09 27 1.52106e+10 618815 2.75036e+09 1.82732e+07 85.1196 77236.3 176752 5.12248 0 0 0 150.24 0 7.45553e-07 0
150 27 1.41932e-09 0 0 1.41932e-09 28.2725 1.57576e+10 618815 2.75036e+09 1.92183e+07 77.3858 76250.4 170667 5.53766 0 0 0 143.455 0 6.49245e-07 0
151 28.2725 4.73572e-10 0 0 4.73572e-10 29.6049 1.63141e+10 618815 2.75036e+09 2.02048e+07 70.3476 75272.1 164775 5.98651 0 0 0 137.014 0 5.65533e-07 0
152 29.6049 1.50498e-10 0 0 1.50498e-10 31.0001 1.68797e+10 618815 2.75036e+09 2.12343e+07 63.9455 74303.3 159074 6.47181 0 0 0 128.898 0 4.85221e-07 0
153 31.0001 4.5448e-11 0 0 4.5448e-11 32.4611 1.74543e+10 618815 2.75036e+09 2.23087e+07 58.1246 73345.7 153567 6.99645 0 0 0 121.988 0 4.18804e-07 0
154 32.4611 1.30102e-11 0 0 1.30102e-11 33.991 1.80377e+10 618815 2.75036e+09 2.343e+07 52.8343 72401.1 148252 7.56362 0 0 0 115.378 0 3.61258e-07 0
155 33.991 3.52159e-12 0 0 3.52159e-12 35.5929 1.86297e+10 618815 2.75036e+09 2.46003e+07 48.028 71471.2 143131 8.1767 0 0 0 108.756 0 3.1056e-07 0
156 35.5929 8.98936e-13 0 0 8.98936e-13 37.2704 1.92301e+10 618815 2.75036e+09 2.58219e+07 43.6631 70557.7 139064 8.78447 0 0 0 102.006 0 2.65656e-07 0
157 37.2704 2.15798e-13 0 0 2.15798e-13 39.0269 1.98385e+10 618815 2.75036e+09 2.70972e+07 39.7002 69662.1 130875 9.74428 0 0 0 95.0094 0 2.25663e-07 0
158 39.0269 4.85768e-14 0 0 4.85768e-14 40.8662 2.0455e+10 618815 2.75036e+09 2.84288e+07 36.1033 68785.9 123223 10.8062 0 0 0 88.0683 0 1.90771e-07 0
159 40.8662 1.02224e-14 0 0 1.02224e-14 42.7921 2.10792e+10 618815 2.75036e+09 2.98194e+07 32.8396 67930.8 116079 11.98 0 0 0 80.7641 0 1.59555e-07 0
160 42.7921 2.00464e-15 0 0 2.00464e-15 44.8088 2.17108e+10 618815 2.75036e+09 3.12721e+07 29.8788 67098 109421 13.2763 0 0 0 73.7628 0 1.32902e-07 0
161 44.8088 3.65113e-16 0 0 3.65113e-16 46.9206 2.23498e+10 618815 2.75036e+09 3.27902e+07 27.1932 66289.1 103222 14.7064 0 0 0 66.7635 0 1.09707e-07 0
162 46.9206 6.1547e-17 0 0 6.1547e-17 49.1319 2.29959e+10 618815 2.75036e+09 3.4377e+07 24.7578 65505.3 97458.2 16.2821 0 0 0 59.7764 0 8.95825e-08 0
163 49.1319 9.56722e-18 0 0 9.56722e-18 51.4474 2.36489e+10 618815 2.75036e+09 3.60364e+07 22.5495 64747.9 92105.8 18.0163 0 0 0 52.8294 0 7.22053e-08 0
164 51.4474 1.36615e-18 0 0 1.36615e-18 53.8721 2.43086e+10 618815 2.75036e+09 3.77725e+07 20.5472 64018.2 87141.6 19.9225 0 0 0 45.962 0 5.72918e-08 0
165 53.8721 1.78485e-19 0 0 1.78485e-19 56.411 2.49748e+10 618815 2.75036e+09 3.95896e+07 18.7319 63317.4 82544.1 22.0147 0 0 0 39.6313 0 4.50538e-08 0
166 56.411 2.12457e-20 0 0 2.12457e-20 59.0696 2.56472e+10 618815 2.75036e+09 4.14927e+07 17.0861 62646.6 80494.2 23.6426 0 0 0 33.0804 0 3.42977e-08 0
167 59.0696 2.294e-21 0 0 2.294e-21 61.8534 2.63257e+10 618815 2.75036e+09 4.34869e+07 15.594 62006.9 75230.1 26.5083 0 0 0 26.7909 0 2.53327e-08 0
168 61.8534 2.23649e-22 0 0 2.23649e-22 64.7685 2.70101e+10 618815 2.75036e+09 4.5578e+07 14.2411 61399.4 70464.7 29.6748 0 0 0 21.4349 0 1.84848e-08 0
169 64.7685 1.95928e-23 0 0 1.95928e-23 67.8209 2.77002e+10 618815 2.75036e+09 4.7772e+07 13.0143 60825.1 66156.4 33.1639 0 0 0 16.1708 0 1.27182e-08 0
170 67.8209 1.53456e-24 0 0 1.53456e-24 71.0172 2.83958e+10 618815 2.75036e+09 5.00757e+07 11.9018 60284.9 62267.1 36.9971 0 0 0 11.8481 0 8.4985e-09 0
171 71.0172 1.06888e-25 0 0 1.06888e-25 74.3642 2.90967e+10 618815 2.75036e+09 5.24964e+07 10.8926 59780 58763.3 41.1947 0 0 0 7.81878 0 5.11484e-09 0
172 74.3642 6.58456e-27 0 0 6.58456e-27 77.8689 2.98028e+10 618815 2.75036e+09 5.50422e+07 9.97703 59311.1 55612.6 45.7767 0 0 0 4.38253 0 2.61468e-09 0
173 77.8689 3.56659e-28 0 0 3.56659e-28 81.5387 3.05138e+10 618815 2.75036e+09 5.77217e+07 9.14618 58879.1 52787.1 50.7607 0 0 0 1.37011 0 7.45501e-10 0
174 81.5387 1.68837e-29 0 0 1.68837e-29 85.3815 3.12295e+10 618815 2.75036e+09 5.77217e+07 0 0 0 0 0 0 0 0 0 0 0
175 85.3815 6.9407e-31 0 0 6.9407e-31 89.4054 3.15513e+10 618815 2.75036e+09 5.77217e+07 0 0 0 0 0 0 0 0 0 0 0
176 89.4054 2.46129e-32 0 0 2.46129e-32 93.6189 3.15513e+10 618815 2.75036e+09 5.77217e+07 0 0 0 0 0 0 0 0 0 0 0
177 93.6189 7.47675e-34 0 0 7.47675e-34 98.0311 3.15513e+10 618815 2.75036e+09 5.77217e+07 0 0 0 0 0 0 0 0 0 0 0
178 98.0311 1.93142e-35 0 0 1.93142e-35 102.651 3.15513e+10 618815 2.75036e+09 5.77217e+07 0 0 0 0 0 0 0 0 0 0 0
179 102.651 4.21041e-37 0 0 4.21041e-37 107.489 3.15513e+10 618815 2.75036e+09 5.77217e+07 0 0 0 0 0 0 0 0 0 0 0
180 107.489 7.68374e-39 0 0 7.68374e-39 112.555 3.15513e+10 618815 2.75036e+09 5.77217e+07 0 0 0 0 0 0 0 0 0 0 0
181 112.555 1.16405e-40 0 0 1.16405e-40 117.859 3.15513e+10 618815 2.75036e+09 5.77217e+07 0 0 0 0 0 0 0 0 0 0 0
182 117.859 1.45112e-42 0 0 1.45112e-42 123.414 3.15513e+10 618815 2.75036e+09 5.77217e+07 0 0 0 0 0 0 0 0 0 0 0
183 123.414 1.4749e-44 0 0 1.4749e-44 129.23 3.15513e+10 618815 2.75036e+09 5.77217e+07 0 0 0 0 0 0 0 0 0 0 0
184 129.23 1.21048e-46 0 0 1.21048e-46 135.321 3.15513e+10 618815 2.75036e+09 5.77217e+07 0 0 0 0 0 0 0 0 0 0 0
185 135.321 7.9415e-49 0 0 7.9415e-49 141.698 3.15513e+10 618815 2.75036e+09 5.77217e+07 0 0 0 0 0 0 0 0 0 0 0
186 141.698 4.12099e-51 0 0 4.12099e-51 148.376 3.15513e+10 618815 2.75036e+09 5.77217e+07 0 0 0 0 0 0 0 0 0 0 0
187 148.376 1.6728e-53 0 0 1.6728e-53 155.369 3.15513e+10 618815 2.75036e+09 5.77217e+07 0 0 0 0 0 0 0 0 0 0 0
188 155.369 5.25035e-56 0 0 5.25035e-56 162.691 3.15513e+10 618815 2.75036e+09 5.77217e+07 0 0 0 0 0 0 0 0 0 0 0
189 162.691 1.25881e-58 0 0 1.25881e-58 170.358 3.15513e+10 618815 2.75036e+09 5.77217e+07 0 0 0 0 0 0 0 0 0 0 0
190 170.358 2.27633e-61 0 0 2.27633e-61 178.387 3.15513e+10 618815 2.75036e+09 5.77217e+07 0 0 0 0 0 0 0 0 0 0 0
191 178.387 3.06358e-64 0 0 3.06358e-64 186.794 3.15513e+10 618815 2.75036e+09 5.77217e+07 0 0 0 0 0 0 0 0 0 0 0
192 186.794 3.02609e-67 0 0 3.02609e-67 195.598 3.15513e+10 618815 2.75036e+09 5.77217e+07 0 0 0 0 0 0 0 0 0 0 0
193 195.598 2.16197e-70 0 0 2.16197e-70 204.816 3.15513e+10 618815 2.75036e+09 5.77217e+07 0 0 0 0 0 0 0 0 0 0 0
194 204.816 1.10024e-73 0 0 1.10024e-73 214.469 3.15513e+10 618815 2.75036e+09 5.77217e+07 0 0 0 0 0 0 0 0 0 0 0
195 214.469 3.92505e-77 0 0 3.92505e-77 224.576 3.15513e+10 618815 2.75036e+09 5.77217e+07 0 0 0 0 0 0 0 0 0 0 0
196 224.576 9.65233e-81 0 0 9.65233e-81 235.16 3.15513e+10 618815 2.75036e+09 5.77217e+07 0 0 0 0 0 0 0 0 0 0 0
197 235.16 1.60776e-84 0 0 1.60776e-84 246.243 3.15513e+10 618815 2.75036e+09 5.77217e+07 0 0 0 0 0 0 0 0 0 0 0
198 246.243 1.78084e-88 0 0 1.78084e-88 257.848 3.15513e+10 618815 2.75036e+09 5.77217e+07 0 0 0 0 0 0 0 0 0 0 0
199 257.848 1.2867e-92 0 0 1.2867e-92 270 3.15513e+10 618815 2.75036e+09 5.77217e+07 0 0 0 0 0 0 0 0 0 0 0
