0 0.027 0 38.4498 2.20077 2.56217 0.0282725 225914 8495.74 0 155.816 1.62144e+06 19318.1 333752 6.08614e-05 1.2548e+13 0 0 2.53556 12.1043 0.0114754 0.0547814
1 0.0282725 4.75955 36.9199 0 4.75955 0.0296049 247667 17440.5 1153.12 177.787 1.56691e+06 19863.7 44943.8 6.88254e-05 0 0 0 3.40326 2.76396 0.0140472 0.0114084
2 0.0296049 7.2233 36.4902 0 7.2233 0.0310001 271513 27134 3071.97 202.164 1.5141e+06 20423.7 47619.3 7.63797e-05 0 0 0 4.25511 2.96899 0.0160179 0.0111764
3 0.0310001 10.1659 36.2816 0 10.1659 0.0324611 297651 37702 6033.08 229.207 1.46298e+06 20998.5 50450.5 8.61319e-05 0 0 0 5.91891 3.2091 0.0203205 0.0110173
4 0.0324611 0 36.0478 2.5042 16.1572 0.033991 326303 49215 6033.08 259.205 1.41348e+06 21588.5 53446.1 9.71218e-05 9.09822e+12 0 0 2.65739 3.54717 0.0083205 0.0111065
5 0.033991 11.4725 35.9698 0 11.4725 0.0355929 357710 61811.3 10050.7 292.481 1.36555e+06 22194 56615.4 0.000109505 0 0 0 7.15495 3.74678 0.0204315 0.0106992
6 0.0355929 10.7254 35.6243 0 10.7254 0.0372704 392136 75490.3 14169 329.388 1.31915e+06 22815.3 59968.1 0.000122549 1.00011e+12 0 0 7.21116 4.06868 0.0187801 0.0105961
7 0.0372704 0 35.3797 1.58391 17.0266 0.0390269 429871 90386 14169 370.319 1.27422e+06 23452.8 63514.5 0.000136675 5.75983e+12 0 0 2.21773 4.44091 0.00526747 0.0105479
8 0.0390269 7.54522 35.263 0 7.54522 0.0408662 471231 106665 17652.2 415.711 1.23073e+06 24106.8 67265.3 0.000152419 0 0 0 7.17699 4.75971 0.0155466 0.0103104
9 0.0408662 16.7463 34.873 0 16.7463 0.0427921 516566 124317 26128.8 466.046 1.18863e+06 24777.8 71231.9 0.000169965 0 0 0 12.1086 5.1152 0.0239214 0.0101055
10 0.0427921 0 34.5842 3.7266 20.5604 0.0448088 566255 143512 26128.8 521.855 1.14788e+06 25466 75426.3 0.000182874 1.24119e+13 0 0 6.29997 5.67014 0.0113509 0.0102162
11 0.0448088 15.0497 34.5363 0 15.0497 0.0469206 620717 164529 35287.6 583.731 1.10843e+06 26171.9 79860.9 0.000202842 0 0 0 12.765 5.98718 0.0209756 0.0098382
12 0.0469206 0 34.0415 3.72053 21.7741 0.0491319 680407 187245 35287.6 652.327 1.07024e+06 26895.8 84549.1 0.000224978 1.21948e+13 0 0 7.44176 6.61827 0.0111524 0.00991832
13 0.0491319 0 33.9449 2.00567 20.756 0.0514474 745828 212080 35287.6 728.366 1.03328e+06 27638.2 89504.7 0.000249514 6.82466e+12 0 0 4.56647 7.08567 0.00624128 0.00968443
14 0.0514474 19.251 33.5899 0 19.251 0.0538721 817527 239028 50731.5 812.647 997509 28399.4 94742.4 0.000262991 0 0 0 19.5713 7.55532 0.0243957 0.00941774
15 0.0538721 20.1172 33.1888 0 20.1172 0.056411 896106 268222 68427.5 906.057 962888 29179.7 100277 0.000290344 0 0 0 21.5539 8.16591 0.024503 0.0092832
16 0.056411 0 32.8589 2.73351 23.1328 0.0590696 982222 299915 68427.5 1009.57 929382 29979.7 106126 0.000320528 8.91699e+12 0 0 7.86534 8.97376 0.00815475 0.00930396
17 0.0590696 21.9546 32.6877 0 21.9546 0.0618534 1.0766e+06 334484 91645.8 1124.28 896958 30799.6 112305 0.000353828 0 0 0 25.3593 9.53744 0.023979 0.00901831
18 0.0618534 21.3121 32.2331 0 21.3121 0.0647685 1.18002e+06 371861 116359 1251.37 865581 31639.9 118832 0.000365487 0 0 0 27.5286 10.3074 0.0237398 0.00888883
19 0.0647685 19.0317 31.909 0 19.0317 0.0678209 1.29336e+06 412433 140558 1392.18 835219 32501.1 125727 0.00039939 0 0 0 26.4531 11.1492 0.0208051 0.00876871
20 0.0678209 21.1367 31.5443 0 21.1367 0.0710172 1.41755e+06 456410 170025 1548.16 805840 33383.4 133008 0.000436424 6.47306e+11 0 0 29.8813 12.038 0.0214335 0.00863472
21 0.0710172 22.1766 31.2108 0 22.1766 0.0743642 1.55364e+06 504120 203925 1720.93 777415 34287.3 140696 0.000476877 0 0 0 33.7964 12.9964 0.0221087 0.00850194
22 0.0743642 18.6046 30.8517 0 18.6046 0.0778689 1.70276e+06 555832 235109 1912.27 749913 35213.1 148812 0.000521062 0 0 0 32.3327 14.0523 0.0192902 0.00838379
23 0.0778689 10.287 30.4444 0 10.287 0.0815387 1.86615e+06 611783 254015 2124.18 723307 36161.4 157380 0.000527007 3.48659e+12 0 0 22.4954 15.2214 0.0122402 0.00828225
24 0.0815387 23.937 30.1318 0 23.937 0.0853815 2.04518e+06 672504 302251 2358.82 697568 37132.6 166423 0.000566976 0 0 0 43.428 16.3495 0.0215508 0.00811329
25 0.0853815 0 29.6619 2.19691 29.0656 0.0894054 2.24133e+06 738043 302251 2618.6 672669 38126.9 175966 0.000609981 6.73214e+12 0 0 13.6035 17.813 0.00615667 0.00806178
26 0.0894054 20.5379 29.4069 0 20.5379 0.0936189 2.45624e+06 809289 352009 2906.2 648584 39144.9 186035 0.000656253 0 0 0 45.7412 19.0556 0.01888 0.00786531
27 0.0936189 23.3811 28.8902 0 23.3811 0.0980311 2.69168e+06 886035 414121 3224.54 625288 40186.9 196656 0.000655941 0 0 0 53.2285 20.5339 0.0200372 0.00772975
28 0.0980311 7.24693 28.437 0 7.24693 0.102651 2.9496e+06 968866 435229 3576.88 602757 41253.3 207859 0.000691236 4.99285e+12 0 0 29.1239 22.2616 0.00999867 0.00764274
29 0.102651 0 28.0704 3.31759 33.5071 0.107489 3.23216e+06 1.05852e+06 435229 3966.79 580966 42344.6 219674 0.000728486 9.63153e+12 0 0 28.1316 24.1415 0.00880822 0.00755889
30 0.107489 20.76 27.7715 0 20.76 0.112555 3.54168e+06 1.15577e+06 507929 4398.23 559892 43461.1 232130 0.000767802 0 0 0 62.0595 25.7316 0.0177215 0.00734784
31 0.112555 28.9401 27.1583 0 28.9401 0.117859 3.88072e+06 1.26005e+06 619053 4875.56 539514 44603.2 245262 0.0008093 0 0 0 82.0479 27.6445 0.0213679 0.0071995
32 0.117859 0 26.6705 2.98543 35.7427 0.123414 4.25208e+06 1.37234e+06 619053 5403.59 519810 45771.3 259103 0.000775286 8.52427e+12 0 0 32.8214 30.0828 0.00779561 0.00714516
33 0.123414 29.8682 26.355 0 29.8682 0.12923 4.65883e+06 1.49401e+06 756938 5987.63 500758 46965.9 273688 0.00079226 8.7874e+11 0 0 95.2151 32.0266 0.0206253 0.00693753
34 0.12923 34.2811 25.7811 0 34.2811 0.135321 5.1043e+06 1.62451e+06 930462 6633.53 482338 48187.2 289054 0.00080976 0 0 0 113.05 34.4028 0.0223338 0.00679654
35 0.135321 22.7846 25.2856 0 22.7846 0.141698 5.59217e+06 1.76485e+06 1.05692e+06 7347.75 464530 49435.6 305240 0.000827813 2.7699e+12 0 0 93.3558 37.1256 0.0168203 0.00668908
36 0.141698 14.0833 24.8376 0 14.0833 0.148376 6.12643e+06 1.916e+06 1.14263e+06 8137.39 447316 50711.5 322286 0.00083441 5.00602e+12 0 0 78.8515 40.004 0.012957 0.0065735
37 0.148376 29.3471 24.4296 0 29.3471 0.155369 6.71147e+06 2.07901e+06 1.33845e+06 9010.29 430676 52015.3 340234 0.000827391 0 0 0 129.083 42.7659 0.0193447 0.00640901
38 0.155369 34.0154 23.8467 0 34.0154 0.162691 7.35207e+06 2.25349e+06 1.58733e+06 9975.09 414593 53347.3 359128 0.000820703 0 0 0 151.003 45.853 0.0206385 0.00626702
39 0.162691 4.27357 23.3066 0 4.27357 0.170358 8.05346e+06 2.44046e+06 1.62161e+06 11041.3 399050 54707.7 379013 0.000814346 7.88937e+12 0 0 76.2967 49.6348 0.00951041 0.006187
40 0.170358 18.9045 22.9234 0 18.9045 0.178387 8.82136e+06 2.64211e+06 1.78791e+06 12219.4 384029 56097 399937 0.000808319 4.78806e+12 0 0 127.127 53.0071 0.0144521 0.00602597
41 0.178387 35.4496 22.406 0 35.4496 0.186794 9.66202e+06 2.85822e+06 2.12982e+06 13520.9 369514 57515.4 421947 0.000846945 0 0 0 194.465 56.5276 0.0201621 0.00586076
42 0.186794 35.109 21.8266 0 35.109 0.195598 1.05823e+07 3.08905e+06 2.50112e+06 14958.5 355489 58963.2 445096 0.000845118 0 0 0 209.087 60.5531 0.0197706 0.00572571
43 0.195598 41.2557 21.2836 0 41.2557 0.204816 1.15896e+07 3.33585e+06 2.97952e+06 16546.2 341939 60440.7 469435 0.00084359 0 0 0 247.681 64.7029 0.0213593 0.00557979
44 0.204816 21.9575 20.7376 0 21.9575 0.214469 1.2692e+07 3.59952e+06 3.2587e+06 18299.3 328848 61948.1 495020 0.000842368 5.01479e+12 0 0 191.878 69.6111 0.0150911 0.00547485
45 0.214469 22.4341 20.2822 0 22.4341 0.224576 1.38986e+07 3.88228e+06 3.57147e+06 20234.8 316203 63485.6 521908 0.000876074 5.14612e+12 0 0 211.29 74.4006 0.0151556 0.00533666
46 0.224576 43.7293 19.7796 0 43.7293 0.23516 1.52189e+07 4.18464e+06 4.23993e+06 22371.1 303990 65053.4 550157 0.000900906 0 0 0 322.036 78.976 0.0210668 0.00516641
47 0.23516 26.9724 19.1496 0 26.9724 0.246243 1.66637e+07 4.50562e+06 4.69202e+06 24728.8 292194 66651.8 579828 0.000926661 4.5811e+12 0 0 271.219 84.7212 0.0161813 0.00505458
48 0.246243 44.4018 18.6958 0 44.4018 0.257848 1.82444e+07 4.84922e+06 5.50805e+06 27330.3 280803 68280.9 610984 0.000953388 7.1342e+11 0 0 377.81 89.8957 0.0205573 0.00489139
49 0.257848 22.637 18.085 0 22.637 0.27 1.99737e+07 5.21365e+06 5.96422e+06 30200.2 269804 69940.7 643690 0.000981139 6.13558e+12 0 0 303.333 96.4144 0.0150527 0.00478449
50 0.27 48.2847 17.6557 0 48.2847 0.282725 2.18654e+07 5.60377e+06 7.03111e+06 33365.5 259185 71631.5 678012 0.00104407 0 0 0 462.905 101.89 0.0209501 0.00461132
51 0.282725 38.7399 17.0156 0 38.7399 0.296049 2.39344e+07 6.01601e+06 7.96967e+06 36856.1 248933 73353.2 714019 0.00111184 2.85587e+12 0 0 445.609 108.726 0.0183928 0.00448771
52 0.296049 27.5723 16.5106 0 27.5723 0.310001 2.61972e+07 6.45461e+06 8.70212e+06 40704.5 239037 75105.9 751783 0.0011841 5.77141e+12 0 0 425.021 115.947 0.0159994 0.00436468
53 0.310001 49.628 16.0551 0 49.628 0.324611 2.86716e+07 6.92226e+06 1.01477e+07 44946.5 229485 76889.6 791376 0.00126115 0 0 0 595.605 122.315 0.0204481 0.00419926
54 0.324611 51.4137 15.4371 0 51.4137 0.33991 3.1377e+07 7.41529e+06 1.17897e+07 49621.4 220268 78704.2 832873 0.00134333 0 0 0 656.64 129.704 0.0205599 0.00406114
55 0.33991 54.0418 14.9017 0 54.0418 0.355929 3.43347e+07 7.93714e+06 1.36822e+07 54772.1 211373 80549.8 876351 0.00142782 0 0 0 728.84 137.371 0.0208126 0.00392273
56 0.355929 53.4554 14.3706 0 53.4554 0.372704 3.75677e+07 8.48894e+06 1.57348e+07 60445.8 202792 82426.1 921888 0.00155747 5.66404e+11 0 0 784.264 145.496 0.0204247 0.00378916
57 0.372704 50.523 13.8524 0 50.523 0.390269 4.11012e+07 9.07216e+06 1.78619e+07 66694.1 194514 84332.9 969566 0.00169877 1.54195e+12 0 0 827.696 154.059 0.0196591 0.00365916
58 0.390269 48.4413 13.3457 0 48.4413 0.408662 4.49625e+07 9.68825e+06 2.00982e+07 73573.7 186528 86270.2 1.01947e+06 0.00185275 2.31431e+12 0 0 883.082 162.918 0.0191291 0.0035291
59 0.408662 47.0923 12.8416 0 47.0923 0.427921 4.91814e+07 1.03383e+07 2.24819e+07 81146.3 178827 88237.6 1.07167e+06 0.00202052 2.91156e+12 0 0 950.423 172.057 0.0187763 0.00339911
60 0.427921 46.3756 12.3407 0 46.3756 0.448088 5.37903e+07 1.10232e+07 2.50558e+07 89479.9 171401 90234.7 1.12627e+06 0.00210726 3.35715e+12 0 0 1029.98 181.458 0.0185576 0.00326941
61 0.448088 46.2024 11.8438 0 46.2024 0.469206 5.88244e+07 1.1744e+07 2.78676e+07 98648.4 164242 92261.3 1.18334e+06 0.00231865 3.67174e+12 0 0 1122.18 191.104 0.0184397 0.00314024
62 0.469206 53.4387 11.3599 0 53.4387 0.491319 6.43219e+07 1.2502e+07 3.14334e+07 108733 157340 94316.9 1.24298e+06 0.00255084 2.14647e+12 0 0 1288.58 200.49 0.019311 0.0030046
63 0.491319 62.7215 10.8609 0 62.7215 0.514474 7.03244e+07 1.32966e+07 3.60225e+07 119822 150687 96401 1.30528e+06 0.00280584 0 0 0 1499.43 209.849 0.0204937 0.00286814
64 0.514474 57.5298 10.3387 0 57.5298 0.538721 7.68771e+07 1.41261e+07 4.06378e+07 132012 144276 98513.1 1.37032e+06 0.00308584 1.68574e+12 0 0 1569.93 220.548 0.0195693 0.00274914
65 0.538721 54.118 9.88256 0 54.118 0.56411 8.4029e+07 1.49954e+07 4.53982e+07 145409 138099 100652 1.4382e+06 0.00311187 2.83812e+12 0 0 1674.44 231.266 0.0190355 0.00262909
66 0.56411 60.0973 9.4402 0 60.0973 0.590696 9.18332e+07 1.59059e+07 5.11947e+07 160128 132148 102819 1.509e+06 0.00337844 1.55869e+12 0 0 1892.89 241.273 0.0196254 0.00250151
67 0.590696 59.166 8.96149 0 59.166 0.618534 1.00348e+08 1.68536e+07 5.74518e+07 176295 126416 105011 1.58282e+06 0.00366764 2.09205e+12 0 0 2050.93 251.967 0.019393 0.00238252
68 0.618534 63.9739 8.52579 0 63.9739 0.647685 1.09634e+08 1.78423e+07 6.48702e+07 194046 120897 107228 1.65975e+06 0.00398136 1.11464e+12 0 0 2295.99 262.008 0.0197999 0.00225947
69 0.647685 66.8586 8.07527 0 66.8586 0.678209 1.19762e+08 1.8869e+07 7.33711e+07 213531 115582 109469 1.73988e+06 0.00432165 6.02836e+11 0 0 2542.48 272.125 0.0199963 0.00214024
70 0.678209 63.9055 7.63159 0 63.9055 0.710172 1.30803e+08 1.9933e+07 8.22804e+07 234913 110466 111734 1.82329e+06 0.00469074 1.67011e+12 0 0 2727.29 282.806 0.0195626 0.00202853
71 0.710172 62.3752 7.22291 0 62.3752 0.743642 1.42837e+08 2.10371e+07 9.18154e+07 258368 105542 114020 1.91009e+06 0.00482966 2.35247e+12 0 0 2955.26 293.072 0.0193326 0.0019172
72 0.743642 62.1744 6.82099 0 62.1744 0.778689 1.5595e+08 2.21804e+07 1.02237e+08 284090 100804 116328 2.00036e+06 0.00522141 2.67838e+12 0 0 3225.76 302.822 0.0192453 0.00180668
73 0.778689 63.6728 6.42701 0 63.6728 0.815387 1.70235e+08 2.33616e+07 1.13939e+08 312287 96246.6 118655 2.09417e+06 0.00564478 2.55156e+12 0 0 3546.13 311.807 0.0192951 0.0016966
74 0.815387 66.2706 6.03977 0 66.2706 0.853815 1.85792e+08 2.45787e+07 1.27293e+08 343186 91862.7 121001 2.19163e+06 0.00610236 2.12381e+12 0 0 3913.39 319.995 0.0194199 0.00158795
75 0.853815 68.6159 5.65959 0 68.6159 0.894054 2.02729e+08 2.58292e+07 1.42454e+08 377036 87647.3 123364 2.2928e+06 0.00659686 1.75173e+12 0 0 4312.91 327.387 0.0195193 0.00148168
76 0.894054 70.6228 5.2919 0 70.6228 0.936189 2.21164e+08 2.71113e+07 1.59564e+08 414104 83594.9 125743 2.39777e+06 0.00713126 1.46212e+12 0 0 4745.83 333.75 0.0195887 0.00137757
77 0.936189 586.999 3.41374 0 586.999 0.980311 2.41221e+08 2.80181e+07 3.15499e+08 454680 79700 128136 2.50661e+06 0.0071899 0 0 0 4082.38 416.63 0.0153676 0.00156835
78 0.980311 75.5098 15.513 0 75.5098 1.02651 2.63038e+08 3.25367e+07 3.37494e+08 499080 75957.6 130540 2.61938e+06 0.00774316 0 0 0 2723.5 8696.98 0.0093502 0.0298581
79 1.02651 2.72539 8.63634 0 2.72539 1.07489 2.86759e+08 3.5295e+07 3.38364e+08 547646 72362.7 132956 2.73617e+06 0.0083392 0 0 0 3020.32 13159.9 0.00945684 0.0412047
80 1.07489 1083.05 0 0 1083.05 1.12555 3.12543e+08 3.5295e+07 7.1764e+08 600747 68910.4 135380 2.85701e+06 0.00898133 0 0 0 4162.15 0 0.0118853 0
81 1.12555 1004.84 0 0 1004.84 1.17859 3.40557e+08 3.5295e+07 1.10348e+09 658782 65595.9 137810 2.98198e+06 0.0096732 0 0 0 4145.23 0 0.0107955 0
82 1.17859 930.541 0 0 930.541 1.23414 3.70984e+08 3.5295e+07 1.49526e+09 722184 62414.9 140246 3.11111e+06 0.0104186 0 0 0 4118.58 0 0.0097823 0
83 1.23414 860.069 0 0 860.069 1.2923 4.04017e+08 3.5295e+07 1.8923e+09 791420 59362.7 142683 3.24445e+06 0.0104599 0 0 0 4084.05 0 0.00884675 0
84 1.2923 793.347 0 0 793.347 1.35321 4.39865e+08 3.5295e+07 2.29388e+09 866992 56435.1 145121 3.38203e+06 0.0111888 0 0 0 4039.53 0 0.00798039 0
85 1.35321 730.292 0 0 730.292 1.41698 4.78751e+08 3.5295e+07 2.69921e+09 949446 53628 147557 3.52386e+06 0.0119703 0 0 0 3983.89 0 0.00717795 0
86 1.41698 670.815 0 0 670.815 1.48376 5.20915e+08 3.5295e+07 3.10744e+09 1.03936e+06 50937.3 149987 3.66998e+06 0.0128084 0 0 0 3918.33 0 0.00643865 0
87 1.48376 614.823 0 0 614.823 1.55369 5.6661e+08 3.5295e+07 3.5177e+09 1.13738e+06 48359 152411 3.82037e+06 0.0137072 0 0 0 3842.99 0 0.00575921 0
88 1.55369 562.218 0 0 562.218 1.62691 6.16109e+08 3.5295e+07 3.92905e+09 1.24417e+06 45889.5 154824 3.97503e+06 0.0146716 0 0 0 3758.14 0 0.00513649 0
89 1.62691 512.899 0 0 512.899 1.70358 6.69703e+08 3.5295e+07 4.34052e+09 1.36046e+06 43524.9 157225 4.13395e+06 0.0157063 0 0 0 3663.81 0 0.00456695 0
90 1.70358 466.762 0 0 466.762 1.78387 7.27701e+08 3.5295e+07 4.7511e+09 1.48704e+06 41261.7 159611 4.29709e+06 0.0162937 0 0 0 3563.69 0 0.00405129 0
91 1.78387 423.699 0 0 423.699 1.86794 7.90431e+08 3.5295e+07 5.15976e+09 1.62475e+06 39096.4 161978 4.46441e+06 0.0175026 0 0 0 3451.05 0 0.00357804 0
92 1.86794 383.6 0 0 383.6 1.95598 8.58243e+08 3.5295e+07 5.56544e+09 1.77448e+06 37025.6 164323 4.63586e+06 0.0188031 0 0 0 3331.36 0 0.00315004 0
93 1.95598 346.352 0 0 346.352 2.04816 9.31507e+08 3.5295e+07 5.96707e+09 1.93721e+06 35046.1 166644 4.81136e+06 0.0202023 0 0 0 3204.55 0 0.0027635 0
94 2.04816 311.84 0 0 311.84 2.14469 1.01062e+09 3.5295e+07 6.36357e+09 2.11396e+06 33154.6 168938 4.99082e+06 0.021708 0 0 0 3071.15 0 0.00241543 0
95 2.14469 279.947 0 0 279.947 2.24576 1.09598e+09 3.5295e+07 6.75385e+09 2.30583e+06 31348.1 171200 5.17415e+06 0.0233285 0 0 0 2932.68 0 0.00210358 0
96 2.24576 250.555 0 0 250.555 2.3516 1.18805e+09 3.5295e+07 7.13686e+09 2.51402e+06 29623.5 173429 5.36123e+06 0.0250727 0 0 0 2789.74 0 0.00182497 0
97 2.3516 223.546 0 0 223.546 2.46243 1.28728e+09 3.5295e+07 7.51156e+09 2.73977e+06 27977.9 175620 5.55192e+06 0.0269505 0 0 0 2642.9 0 0.00157679 0
98 2.46243 198.799 0 0 198.799 2.57848 1.39415e+09 3.5295e+07 7.87691e+09 2.98443e+06 26408.5 177771 5.74608e+06 0.0289721 0 0 0 2495.58 0 0.00135789 0
99 2.57848 176.195 0 0 176.195 2.7 1.50918e+09 3.5295e+07 8.23197e+09 3.24942e+06 24912.5 179877 5.94353e+06 0.0300665 0 0 0 2343.9 0 0.00116314 0
100 2.7 155.614 0 0 155.614 2.82725 1.63292e+09 3.5295e+07 8.57581e+09 3.53627e+06 23487.2 181936 6.1441e+06 0.0322561 0 0 0 2191.84 0 0.00099198 0
101 2.82725 136.937 0 0 136.937 2.96049 1.76591e+09 3.5295e+07 8.90757e+09 3.84658e+06 22130 183944 6.34759e+06 0.0346121 0 0 0 2040.56 0 0.000842254 0
102 2.96049 120.047 0 0 120.047 3.10001 1.90875e+09 3.5295e+07 9.22648e+09 4.18207e+06 20838.4 185897 6.55377e+06 0.0371479 0 0 0 1890.66 0 0.000711716 0
103 3.10001 104.829 0 0 104.829 3.24611 2.06206e+09 3.5295e+07 9.53182e+09 4.54455e+06 19609.8 187793 6.76241e+06 0.0398778 0 0 0 1739.81 0 0.000597304 0
104 3.24611 91.1669 0 0 91.1669 3.3991 2.22647e+09 3.5295e+07 9.82299e+09 4.93595e+06 18442 189628 6.97326e+06 0.0428173 0 0 0 1591.3 0 0.000498247 0
105 3.3991 78.9507 0 0 78.9507 3.55929 2.40265e+09 3.5295e+07 1.00995e+10 5.35831e+06 17332.5 191399 7.18604e+06 0.0459834 0 0 0 1444.23 0 0.000412411 0
106 3.55929 68.0713 0 0 68.0713 3.72704 2.5913e+09 3.5295e+07 1.03608e+10 5.81377e+06 16279.2 193101 7.40048e+06 0.0493945 0 0 0 1302.35 0 0.000339174 0
107 3.72704 58.4234 0 0 58.4234 3.90269 2.79312e+09 3.5295e+07 1.06068e+10 6.3046e+06 15279.7 194733 7.61626e+06 0.0530702 0 0 0 1165.85 0 0.000276907 0
108 3.90269 49.9052 0 0 49.9052 4.08662 3.00886e+09 3.5295e+07 1.08372e+10 6.83319e+06 14331.9 196291 7.83308e+06 0.0570323 0 0 0 1035.34 0 0.000224273 0
109 4.08662 42.4188 0 0 42.4188 4.27921 3.23928e+09 3.5295e+07 1.10519e+10 7.40206e+06 13433.9 197772 8.0506e+06 0.061304 0 0 0 911.725 0 0.000180118 0
110 4.27921 35.8706 0 0 35.8706 4.48088 3.48517e+09 3.5295e+07 1.1251e+10 8.01387e+06 12583.4 199172 8.26847e+06 0.0659108 0 0 0 797.058 0 0.000143609 0
111 4.48088 30.1715 0 0 30.1715 4.69206 3.74733e+09 3.5295e+07 1.14346e+10 8.67139e+06 11778.6 200490 8.48635e+06 0.0699865 0 0 0 690.385 0 0.000113445 0
112 4.69206 25.237 0 0 25.237 4.91319 4.02658e+09 3.5295e+07 1.1603e+10 9.37754e+06 11017.5 201722 8.70386e+06 0.0756506 0 0 0 593.384 0 8.8926e-05 0
113 4.91319 20.9875 0 0 20.9875 5.14474 4.32376e+09 3.5295e+07 1.17566e+10 1.01354e+07 10298.4 202866 8.92063e+06 0.0817615 0 0 0 506.635 0 6.9245e-05 0
114 5.14474 17.3486 0 0 17.3486 5.38721 4.63973e+09 3.5295e+07 1.18958e+10 1.09481e+07 9619.26 203919 9.13627e+06 0.0883534 0 0 0 429.502 0 5.35376e-05 0
115 5.38721 14.2507 0 0 14.2507 5.6411 4.97535e+09 3.5295e+07 1.20211e+10 1.18191e+07 8978.47 204880 9.12394e+06 0.0954631 0 0 0 361.038 0 4.10437e-05 0
116 5.6411 11.6295 0 0 11.6295 5.90696 5.33152e+09 3.5295e+07 1.21333e+10 1.27519e+07 8374.31 205745 9.04439e+06 0.10313 0 0 0 301.097 0 3.12177e-05 0
117 5.90696 9.42585 0 0 9.42585 6.18534 5.70911e+09 3.5295e+07 1.2233e+10 1.375e+07 7805.1 206514 8.96033e+06 0.111396 0 0 0 249.238 0 2.35672e-05 0
118 6.18534 7.58554 0 0 7.58554 6.47685 6.10901e+09 3.5295e+07 1.23209e+10 1.48174e+07 7269.25 207185 8.8718e+06 0.120308 0 0 0 204.694 0 1.76522e-05 0
119 6.47685 6.05934 0 0 6.05934 6.78209 6.53212e+09 3.5295e+07 1.2398e+10 1.59579e+07 6765.21 207755 8.77903e+06 0.129912 0 0 0 166.61 0 1.31037e-05 0
120 6.78209 4.80282 0 0 4.80282 7.10172 6.97935e+09 3.5295e+07 1.24649e+10 1.71757e+07 6291.47 208225 8.68204e+06 0.140264 0 0 0 134.429 0 9.64243e-06 0
121 7.10172 3.77617 0 0 3.77617 7.43642 7.45156e+09 3.5295e+07 1.25227e+10 1.8475e+07 5846.57 208592 8.58107e+06 0.151417 0 0 0 107.433 0 7.02797e-06 0
122 7.43642 2.94399 0 0 2.94399 7.78689 7.94966e+09 3.5295e+07 1.2572e+10 1.98603e+07 5429.1 208857 8.47624e+06 0.163433 0 0 0 85.0549 0 5.07449e-06 0
123 7.78689 2.27503 0 0 2.27503 8.15387 8.47452e+09 3.5295e+07 1.26138e+10 2.13361e+07 5037.7 209019 8.36771e+06 0.176377 0 0 0 66.6545 0 3.62679e-06 0
124 8.15387 1.74194 0 0 1.74194 8.53815 9.02698e+09 3.5295e+07 1.26489e+10 2.29073e+07 4671.04 209077 8.25565e+06 0.190317 0 0 0 51.6958 0 2.56536e-06 0
125 8.53815 1.32098 0 0 1.32098 8.94054 9.60791e+09 3.5295e+07 1.26781e+10 2.45788e+07 4327.86 209032 8.14027e+06 0.205329 0 0 0 39.6488 0 1.79442e-06 0
126 8.94054 0.9917 0 0 0.9917 9.36189 1.02181e+10 3.5295e+07 1.27021e+10 2.63555e+07 4006.93 208884 8.02176e+06 0.221492 0 0 0 30.0738 0 1.24132e-06 0
127 9.36189 0.736702 0 0 0.736702 9.80311 1.08584e+10 3.5295e+07 1.27217e+10 2.82428e+07 3707.07 208634 7.90033e+06 0.238891 0 0 0 22.5303 0 8.48127e-07 0
128 9.80311 0.541278 0 0 0.541278 10.2651 1.15295e+10 3.5295e+07 1.27375e+10 3.02461e+07 3427.13 208282 7.77617e+06 0.25762 0 0 0 16.6708 0 5.72336e-07 0
129 10.2651 0.39314 0 0 0.39314 10.7489 1.22323e+10 3.5295e+07 1.275e+10 3.2371e+07 3166.02 207829 7.64948e+06 0.277777 0 0 0 12.1732 0 3.81153e-07 0
130 10.7489 0.282124 0 0 0.282124 11.2555 1.29673e+10 3.5295e+07 1.27599e+10 3.46231e+07 2922.68 207277 7.52049e+06 0.299468 0 0 0 8.75974 0 2.50141e-07 0
131 11.2555 0.199921 0 0 0.199921 11.7859 1.37353e+10 3.5295e+07 1.27676e+10 3.70085e+07 2696.12 206628 7.38943e+06 0.322807 0 0 0 6.21408 0 1.61834e-07 0
132 11.7859 0.139814 0 0 0.139814 12.3414 1.45369e+10 3.5295e+07 1.27735e+10 3.95332e+07 2485.34 205884 7.25655e+06 0.347914 0 0 0 4.34264 0 1.03145e-07 0
133 12.3414 0.0964376 0 0 0.0964376 12.923 1.53727e+10 3.5295e+07 1.27779e+10 4.22034e+07 2289.44 205045 7.12203e+06 0.374922 0 0 0 2.98901 0 6.47472e-08 0
134 12.923 0.0655649 0 0 0.0655649 13.5321 1.62433e+10 3.5295e+07 1.27812e+10 4.50255e+07 2107.51 204116 6.98612e+06 0.40397 0 0 0 2.02437 0 3.9993e-08 0
135 13.5321 0.0439069 0 0 0.0439069 14.1698 1.7149e+10 3.5295e+07 1.27837e+10 4.80063e+07 1938.71 203098 6.84908e+06 0.435208 0 0 0 1.34752 0 2.42788e-08 0
136 14.1698 0.0289417 0 0 0.0289417 14.8376 1.80905e+10 3.5295e+07 1.27854e+10 5.11525e+07 1782.23 201995 6.71108e+06 0.468801 0 0 0 0.881695 0 1.44881e-08 0
137 14.8376 0.0187641 0 0 0.0187641 15.5369 1.90681e+10 3.5295e+07 1.27867e+10 5.4471e+07 1637.3 200809 6.57239e+06 0.504917 0 0 0 0.566748 0 8.49344e-09 0
138 15.5369 0.0119565 0 0 0.0119565 16.2691 2.0082e+10 3.5295e+07 1.27876e+10 5.7969e+07 1503.18 199543 6.43321e+06 0.543748 0 0 0 0.35762 0 4.88781e-09 0
139 16.2691 0.00748183 0 0 0.00748183 17.0358 2.11328e+10 3.5295e+07 1.27882e+10 6.1654e+07 1379.16 198202 6.15763e+06 0.598435 0 0 0 0.219856 0 2.74052e-09 0
140 17.0358 0.00459377 0 0 0.00459377 17.8387 2.22204e+10 3.5295e+07 1.27886e+10 6.55334e+07 1264.59 196788 5.9868e+06 0.647995 0 0 0 0.133176 0 1.51398e-09 0
141 17.8387 0.00276506 0 0 0.00276506 18.6794 2.33453e+10 3.5295e+07 1.27888e+10 6.96151e+07 1158.84 195305 5.81601e+06 0.701801 0 0 0 0.0789516 0 8.18567e-10 0
142 18.6794 0.00163009 0 0 0.00163009 19.5598 2.45074e+10 3.5295e+07 1.2789e+10 7.39071e+07 1061.31 193757 5.64566e+06 0.760224 0 0 0 0.0457596 0 4.32689e-10 0
143 19.5598 0.000940311 0 0 0.000940311 20.4816 2.5707e+10 3.5295e+07 1.27891e+10 7.84176e+07 971.428 192149 5.47613e+06 0.823668 0 0 0 0.0259027 0 2.23377e-10 0
144 20.4816 0.000530203 0 0 0.000530203 21.4469 2.69439e+10 3.5295e+07 1.27892e+10 8.31551e+07 888.669 190484 5.30778e+06 0.89257 0 0 0 0.0143052 0 1.12509e-10 0
145 21.4469 0.00029192 0 0 0.00029192 22.4576 2.82182e+10 3.5295e+07 1.27892e+10 8.81285e+07 812.528 188766 5.14096e+06 0.967408 0 0 0 0.00769814 0 5.52178e-11 0
146 22.4576 0.000156767 0 0 0.000156767 23.516 2.95298e+10 3.5295e+07 1.27892e+10 9.33469e+07 742.531 186999 4.97599e+06 1.0487 0 0 0 0.00403082 0 2.63686e-11 0
147 23.516 8.20178e-05 0 0 8.20178e-05 24.6243 3.08785e+10 3.5295e+07 1.27893e+10 9.88195e+07 678.231 185189 4.81316e+06 1.13701 0 0 0 0.00204839 0 1.2221e-11 0
148 24.6243 4.17538e-05 0 0 4.17538e-05 25.7848 3.22643e+10 3.5295e+07 1.27893e+10 1.04556e+08 619.211 183340 4.65276e+06 1.23294 0 0 0 0.00101308 0 5.51238e-12 0
149 25.7848 2.06568e-05 0 0 2.06568e-05 27 3.36868e+10 3.5295e+07 1.27893e+10 1.10567e+08 565.076 181455 4.49506e+06 1.33717 0 0 0 0.000486973 0 2.41656e-12 0
150 27 9.91811e-06 0 0 9.91811e-06 28.2725 3.51459e+10 3.5295e+07 1.27893e+10 1.16862e+08 515.458 179539 4.34028e+06 1.45041 0 0 0 0.000227195 0 1.02824e-12 0
151 28.2725 4.61513e-06 0 0 4.61513e-06 29.6049 3.66411e+10 3.5295e+07 1.27893e+10 1.23452e+08 470.013 177598 4.05338e+06 1.62595 0 0 0 0.0001017 0 4.19774e-13 0
152 29.6049 2.07821e-06 0 0 2.07821e-06 31.0001 3.81721e+10 3.5295e+07 1.27893e+10 1.3035e+08 428.418 175634 3.91856e+06 1.76018 0 0 0 4.42283e-05 0 1.66492e-13 0
153 31.0001 9.04217e-07 0 0 9.04217e-07 32.4611 3.97386e+10 3.5295e+07 1.27893e+10 1.37566e+08 390.373 173654 3.78671e+06 1.90561 0 0 0 1.86849e-05 0 6.41483e-14 0
154 32.4611 3.79518e-07 0 0 3.79518e-07 33.991 4.134e+10 3.5295e+07 1.27893e+10 1.45113e+08 355.597 171660 3.65794e+06 2.06318 0 0 0 7.61499e-06 0 2.38431e-14 0
155 33.991 1.53402e-07 0 0 1.53402e-07 35.5929 4.2976e+10 3.5295e+07 1.27893e+10 1.53004e+08 323.829 169658 3.53236e+06 2.23391 0 0 0 2.98943e-06 0 8.53654e-15 0
156 35.5929 5.9606e-08 0 0 5.9606e-08 37.2704 4.4646e+10 3.5295e+07 1.27893e+10 1.61252e+08 294.827 167652 3.41009e+06 2.4189 0 0 0 1.12828e-06 0 2.93839e-15 0
157 37.2704 2.22228e-08 0 0 2.22228e-08 39.0269 4.63495e+10 3.5295e+07 1.27893e+10 1.69873e+08 268.365 165646 3.29122e+06 2.61929 0 0 0 4.08429e-07 0 9.70085e-16 0
158 39.0269 7.93421e-09 0 0 7.93421e-09 40.8662 4.80859e+10 3.5295e+07 1.27893e+10 1.78881e+08 244.234 163645 3.1758e+06 2.83641 0 0 0 1.41832e-07 0 3.07232e-16 0
159 40.8662 2.70712e-09 0 0 2.70712e-09 42.7921 4.98546e+10 3.5295e+07 1.27893e+10 1.88292e+08 222.241 161652 3.06389e+06 3.07161 0 0 0 4.71171e-08 0 9.30834e-17 0
160 42.7921 8.80782e-10 0 0 8.80782e-10 44.8088 5.16552e+10 3.5295e+07 1.27893e+10 1.98123e+08 202.206 159671 2.95555e+06 3.32637 0 0 0 1.49344e-08 0 2.6908e-17 0
161 44.8088 2.72647e-10 0 0 2.72647e-10 46.9206 5.34868e+10 3.5295e+07 1.27893e+10 2.08393e+08 183.963 157707 2.75517e+06 3.72733 0 0 0 4.38856e-09 0 7.21133e-18 0
162 46.9206 8.01069e-11 0 0 8.01069e-11 49.1319 5.53489e+10 3.5295e+07 1.27893e+10 2.1912e+08 167.361 155764 2.6505e+06 4.04707 0 0 0 1.25402e-09 0 1.87931e-18 0
163 49.1319 2.22838e-11 0 0 2.22838e-11 51.4474 5.72409e+10 3.5295e+07 1.27893e+10 2.30324e+08 152.257 153844 2.54983e+06 4.39421 0 0 0 3.39313e-10 0 4.6376e-19 0
164 51.4474 5.85353e-12 0 0 5.85353e-12 53.8721 5.9162e+10 3.5295e+07 1.27893e+10 2.42028e+08 138.522 151953 2.45312e+06 4.77105 0 0 0 8.67327e-11 0 1.08113e-19 0
165 53.8721 1.44799e-12 0 0 1.44799e-12 56.411 6.11116e+10 3.5295e+07 1.27893e+10 2.54255e+08 126.036 150093 2.36033e+06 5.1801 0 0 0 2.08902e-11 0 2.37484e-20 0
166 56.411 3.36341e-13 0 0 3.36341e-13 59.0696 6.3089e+10 3.5295e+07 1.27893e+10 2.67029e+08 114.69 148268 2.27144e+06 5.62396 0 0 0 4.728e-12 0 4.90197e-21 0
167 59.0696 7.31393e-14 0 0 7.31393e-14 61.8534 6.50935e+10 3.5295e+07 1.27893e+10 2.80378e+08 104.383 146482 2.18638e+06 6.10548 0 0 0 1.00249e-12 0 9.47922e-22 0
168 61.8534 1.48424e-14 0 0 1.48424e-14 64.7685 6.71244e+10 3.5295e+07 1.27893e+10 2.9433e+08 95.022 144737 2.10509e+06 6.6278 0 0 0 1.98544e-13 0 1.71219e-22 0
169 64.7685 2.80159e-15 0 0 2.80159e-15 67.8209 6.9181e+10 3.5295e+07 1.27893e+10 3.08916e+08 86.5222 143037 2.02751e+06 7.19417 0 0 0 3.66034e-14 0 2.87882e-23 0
170 67.8209 4.90169e-16 0 0 4.90169e-16 71.0172 7.12626e+10 3.5295e+07 1.27893e+10 3.2417e+08 78.8061 141385 1.95356e+06 7.80817 0 0 0 6.25948e-15 0 4.48985e-24 0
171 71.0172 7.92047e-17 0 0 7.92047e-17 74.3642 7.33685e+10 3.5295e+07 1.27893e+10 3.40127e+08 71.8026 139784 1.77011e+06 9.01476 0 0 0 9.43503e-16 0 6.17215e-25 0
172 74.3642 1.17753e-17 0 0 1.17753e-17 77.8689 7.5498e+10 3.5295e+07 1.27893e+10 3.56827e+08 65.4467 138236 1.71501e+06 9.73724 0 0 0 1.37524e-16 0 8.20485e-26 0
173 77.8689 1.60428e-18 0 0 1.60428e-18 81.5387 7.76505e+10 3.5295e+07 1.27893e+10 3.74311e+08 59.6792 136745 1.66239e+06 10.5173 0 0 0 1.8397e-17 0 1.00102e-26 0
174 81.5387 1.99465e-19 0 0 1.99465e-19 85.3815 7.98252e+10 3.5295e+07 1.27893e+10 3.92625e+08 54.4459 135313 1.6122e+06 11.3596 0 0 0 2.24834e-18 0 1.11572e-27 0
175 85.3815 2.25341e-20 0 0 2.25341e-20 89.4054 8.20214e+10 3.5295e+07 1.27893e+10 4.11818e+08 49.6975 133943 1.5644e+06 12.2688 0 0 0 2.49877e-19 0 1.13089e-28 0
176 89.4054 2.3026e-21 0 0 2.3026e-21 93.6189 8.42386e+10 3.5295e+07 1.27893e+10 4.31944e+08 45.3891 132637 1.51893e+06 13.2504 0 0 0 2.51373e-20 0 1.03756e-29 0
177 93.6189 2.11802e-22 0 0 2.11802e-22 98.0311 8.6476e+10 3.5295e+07 1.27893e+10 4.53062e+08 41.4796 131398 1.47576e+06 14.3098 0 0 0 2.27799e-21 0 8.57522e-31 0
178 98.0311 1.74502e-23 0 0 1.74502e-23 102.651 8.8733e+10 3.5295e+07 1.27893e+10 4.75235e+08 37.9319 130227 1.43482e+06 15.4534 0 0 0 1.8502e-22 0 6.35201e-32 0
179 102.651 1.28102e-24 0 0 1.28102e-24 107.489 9.10089e+10 3.5295e+07 1.27893e+10 4.98532e+08 34.7121 129127 1.39607e+06 16.6874 0 0 0 1.33953e-23 0 4.19417e-33 0
180 107.489 8.33337e-26 0 0 8.33337e-26 112.555 9.33031e+10 3.5295e+07 1.27893e+10 5.23028e+08 31.7893 128101 1.35944e+06 18.0192 0 0 0 8.5772e-25 0 2.44928e-34 0
181 112.555 4.77639e-27 0 0 4.77639e-27 117.859 9.56151e+10 3.5295e+07 1.27893e+10 5.48805e+08 29.1358 127150 1.3249e+06 19.4563 0 0 0 4.6478e-26 0 1.21043e-35 0
182 117.859 2.39764e-28 0 0 2.39764e-28 123.414 9.79441e+10 3.5295e+07 1.27893e+10 5.75954e+08 26.726 126276 0 0 0 0 0 0 0 0 0
183 123.414 1.04747e-29 0 0 1.04747e-29 129.23 9.97741e+10 3.5295e+07 1.27893e+10 5.75954e+08 0 0 0 0 0 0 0 0 0 0 0
184 129.23 3.95655e-31 0 0 3.95655e-31 135.321 9.97741e+10 3.5295e+07 1.27893e+10 5.75954e+08 0 0 0 0 0 0 0 0 0 0 0
185 135.321 1.28324e-32 0 0 1.28324e-32 141.698 9.97741e+10 3.5295e+07 1.27893e+10 5.75954e+08 0 0 0 0 0 0 0 0 0 0 0
186 141.698 3.54798e-34 0 0 3.54798e-34 148.376 9.97741e+10 3.5295e+07 1.27893e+10 5.75954e+08 0 0 0 0 0 0 0 0 0 0 0
187 148.376 8.29955e-36 0 0 8.29955e-36 155.369 9.97741e+10 3.5295e+07 1.27893e+10 5.75954e+08 0 0 0 0 0 0 0 0 0 0 0
188 155.369 1.62962e-37 0 0 1.62962e-37 162.691 9.97741e+10 3.5295e+07 1.27893e+10 5.75954e+08 0 0 0 0 0 0 0 0 0 0 0
189 162.691 2.66367e-39 0 0 2.66367e-39 170.358 9.97741e+10 3.5295e+07 1.27893e+10 5.75954e+08 0 0 0 0 0 0 0 0 0 0 0
190 170.358 3.59305e-41 0 0 3.59305e-41 178.387 9.97741e+10 3.5295e+07 1.27893e+10 5.75954e+08 0 0 0 0 0 0 0 0 0 0 0
191 178.387 3.9636e-43 0 0 3.9636e-43 186.794 9.97741e+10 3.5295e+07 1.27893e+10 5.75954e+08 0 0 0 0 0 0 0 0 0 0 0
192 186.794 3.5418e-45 0 0 3.5418e-45 195.598 9.97741e+10 3.5295e+07 1.27893e+10 5.75954e+08 0 0 0 0 0 0 0 0 0 0 0
193 195.598 2.53829e-47 0 0 2.53829e-47 204.816 9.97741e+10 3.5295e+07 1.27893e+10 5.75954e+08 0 0 0 0 0 0 0 0 0 0 0
194 204.816 1.4438e-49 0 0 1.4438e-49 214.469 9.97741e+10 3.5295e+07 1.27893e+10 5.75954e+08 0 0 0 0 0 0 0 0 0 0 0
195 214.469 6.44729e-52 0 0 6.44729e-52 224.576 9.97741e+10 3.5295e+07 1.27893e+10 5.75954e+08 0 0 0 0 0 0 0 0 0 0 0
196 224.576 2.23452e-54 0 0 2.23452e-54 235.16 9.97741e+10 3.5295e+07 1.27893e+10 5.75954e+08 0 0 0 0 0 0 0 0 0 0 0
197 235.16 5.93915e-57 0 0 5.93915e-57 246.243 9.97741e+10 3.5295e+07 1.27893e+10 5.75954e+08 0 0 0 0 0 0 0 0 0 0 0
198 246.243 1.1955e-59 0 0 1.1955e-59 257.848 9.97741e+10 3.5295e+07 1.27893e+10 5.75954e+08 0 0 0 0 0 0 0 0 0 0 0
199 257.848 1.7987e-62 0 0 1.7987e-62 270 9.97741e+10 3.5295e+07 1.27893e+10 5.75954e+08 0 0 0 0 0 0 0 0 0 0 0
