#i RadiusInner SDensityCold SDensityStar SDensityColdMolecular SDensityColdAtomic RadiusOuter MassProfHalo MassProfStar MassProfCold MassProfHot DensityProfHot TemperatureProfHot CoolingRate CoolingTime SDensitySFR MassProfDM MassProfDMContracted MassMetalCold MassMetalStar SDensityMetalCold SDensityMetalStar MetallicityCold MetallicityStar MassBin
0 0.027 0 1551.34 170.582 3.8793 0.0282725 374666 342778 0 4203.78 4.37672e+07 46147.1 1.94225e+07 1.05798e-06 9.5701e+14 0 0 47.9219 1801.85 0.216884 8.15477 inf 0.00525661 12
1 0.0282725 0 1551.93 170.524 3.87932 0.0296049 410786 718770 0 4797.55 4.23447e+07 47487.3 2.61986e+06 1.0685e-06 9.56581e+14 0 0 52.5217 1974.19 0.216787 8.1486 inf 0.00525062 12
2 0.0296049 0 1548.98 170.463 3.87935 0.0310001 450386 1.13025e+06 0 5457.09 4.09665e+07 48864.9 2.77913e+06 1.07921e-06 9.56132e+14 0 0 57.5619 2162.94 0.216685 8.14214 inf 0.00525646 12
3 0.0310001 0 1545.91 170.4 3.87937 0.0324611 493802 1.58054e+06 0 6189.67 3.96312e+07 50280.9 2.94793e+06 1.07087e-06 9.55662e+14 0 0 63.0844 2369.66 0.216578 8.13539 inf 0.00526253 12
4 0.0324611 0 1542.72 170.334 3.8794 0.033991 541402 2.07325e+06 0 7003.32 3.83377e+07 51736.3 3.12684e+06 1.08124e-06 9.55171e+14 0 0 69.1351 2596.02 0.216467 8.12834 inf 0.00526884 12
5 0.033991 0 1539.4 170.264 3.87943 0.0355929 593587 2.61234e+06 0 7906.99 3.70845e+07 53232.1 3.31644e+06 1.0918e-06 9.54656e+14 0 0 75.7642 2843.9 0.21635 8.12097 inf 0.00527541 12
6 0.0355929 0 1535.96 170.192 3.87945 0.0372704 650800 3.20211e+06 0 8910.58 3.58706e+07 54769.3 3.51737e+06 1.10255e-06 9.54118e+14 0 0 83.027 3115.32 0.216228 8.11326 inf 0.00528222 12
7 0.0372704 0 1532.38 170.116 3.87948 0.0390269 713525 3.84728e+06 0 10025.1 3.46946e+07 56349 3.73028e+06 1.13288e-06 9.53554e+14 0 0 90.9835 3412.49 0.216101 8.10521 inf 0.0052893 12
8 0.0390269 0 1528.66 170.036 3.87951 0.0408662 782292 4.55298e+06 0 11262.7 3.35553e+07 57972.2 3.95586e+06 1.1562e-06 9.52965e+14 0 0 99.6997 3737.83 0.215967 8.0968 inf 0.00529666 12
9 0.0408662 0 1524.8 169.953 3.87955 0.0427921 857683 5.3248e+06 0 12636.9 3.24518e+07 59640 4.19487e+06 1.18007e-06 9.52347e+14 0 0 109.248 4094 0.215827 8.08801 inf 0.0053043 12
10 0.0427921 0 1520.8 169.866 3.87958 0.0448088 940335 6.16888e+06 0 14162.7 3.13829e+07 61353.7 4.44808e+06 1.20453e-06 9.51702e+14 0 0 119.707 4483.89 0.215681 8.07883 inf 0.00531222 12
11 0.0448088 0 1516.65 169.775 3.87962 0.0469206 1.03095e+06 7.09185e+06 0 15856.8 3.03475e+07 63114.2 4.71631e+06 1.22911e-06 9.51026e+14 0 0 131.162 4910.65 0.215528 8.06923 inf 0.00532045 12
12 0.0469206 0 1512.34 169.679 3.87965 0.0491319 1.13029e+06 8.101e+06 0 17737.6 2.93446e+07 64922.8 5.00044e+06 1.261e-06 9.50319e+14 0 0 143.71 5377.73 0.215367 8.05921 inf 0.00532898 12
13 0.0491319 0 1507.87 169.579 3.87969 0.0514474 1.23919e+06 9.20424e+06 0 19825.6 2.83733e+07 66780.7 5.30138e+06 1.29382e-06 9.49579e+14 0 0 157.452 5888.91 0.2152 8.04875 inf 0.00533783 12
14 0.0514474 0 1503.24 169.475 3.87973 0.0538721 1.35858e+06 1.04102e+07 0 22143.4 2.74325e+07 68689.1 5.6201e+06 1.32758e-06 9.48805e+14 0 0 172.502 6448.29 0.215024 8.03782 inf 0.005347 12
15 0.0538721 0 1498.44 169.365 3.87978 0.056411 1.48946e+06 1.17283e+07 0 24716.2 2.65213e+07 70649.3 5.95763e+06 1.36232e-06 9.47995e+14 0 0 188.983 7060.37 0.214841 8.02641 inf 0.0053565 12
16 0.056411 0 1493.47 169.251 3.87982 0.0590696 1.63294e+06 1.31688e+07 0 27571.9 2.56388e+07 72662.4 6.31505e+06 1.41833e-06 9.47147e+14 0 0 207.031 7730.05 0.214649 8.01449 inf 0.00536635 12
17 0.0590696 0 1488.33 169.131 3.87987 0.0618534 1.79023e+06 1.47428e+07 0 30741.4 2.47841e+07 74729.8 6.69349e+06 1.48108e-06 9.46261e+14 0 0 226.792 8462.68 0.214448 8.00205 inf 0.00537655 12
18 0.0618534 0 1483 169.006 3.87992 0.0647685 1.96266e+06 1.64624e+07 0 34258.9 2.39564e+07 76852.7 7.09416e+06 1.54668e-06 9.45333e+14 0 0 248.429 9264.08 0.214238 7.98906 inf 0.0053871 12
19 0.0647685 0 1477.49 168.874 3.87997 0.0678209 2.15169e+06 1.8341e+07 0 38162.5 2.31549e+07 79032.6 7.51834e+06 1.61527e-06 9.44363e+14 0 0 272.117 10140.6 0.214018 7.97551 inf 0.00539803 12
20 0.0678209 0 1471.78 168.737 3.88002 0.0710172 2.3589e+06 2.03929e+07 0 42494.1 2.23787e+07 81270.8 7.96735e+06 1.7098e-06 9.43348e+14 0 0 298.05 11099.3 0.213788 7.96137 inf 0.00540933 12
21 0.0710172 0 1465.89 168.593 3.88008 0.0743642 2.58604e+06 2.26337e+07 0 47300.4 2.1627e+07 83568.5 8.4426e+06 1.81761e-06 9.42287e+14 0 0 326.438 12147.5 0.213547 7.94661 inf 0.00542103 12
22 0.0743642 0 1459.79 168.443 3.88014 0.0778689 2.83504e+06 2.50805e+07 0 52633.1 2.08992e+07 85927.4 8.9456e+06 1.93226e-06 9.41176e+14 0 0 357.51 13293.7 0.213295 7.93121 inf 0.00543311 12
23 0.0778689 0 1453.49 168.286 3.8802 0.0815387 3.10799e+06 2.77518e+07 0 58549.3 2.01945e+07 88348.6 9.4779e+06 2.05419e-06 9.40015e+14 0 0 391.518 14546.7 0.213032 7.91515 inf 0.0054456 12
24 0.0815387 0 1446.99 168.122 3.88026 0.0853815 3.40718e+06 3.06677e+07 0 65112.6 1.95121e+07 90833.8 1.00412e+07 2.22795e-06 9.388e+14 0 0 428.737 15916.4 0.212757 7.8984 inf 0.00545851 12
25 0.0853815 0 1440.27 167.95 3.88033 0.0894054 3.73514e+06 3.38501e+07 0 72393.1 1.88514e+07 93384.4 1.06371e+07 2.38289e-06 9.3753e+14 0 0 469.464 17413.4 0.212469 7.88093 inf 0.00547184 12
26 0.0894054 0 1433.34 167.77 3.8804 0.0936189 4.09464e+06 3.73227e+07 0 80468.5 1.82118e+07 96001.8 1.12676e+07 2.54865e-06 9.36202e+14 0 0 514.028 19049.3 0.212168 7.86271 inf 0.0054856 12
27 0.0936189 0 1426.18 167.581 3.88048 0.0980311 4.48868e+06 4.11113e+07 0 89425.1 1.75925e+07 98687.6 1.19346e+07 2.72598e-06 9.34814e+14 0 0 562.785 20836.7 0.211854 7.84373 inf 0.00549981 12
28 0.0980311 0 1418.8 167.385 3.88055 0.102651 4.9206e+06 4.52439e+07 0 99358.2 1.69929e+07 101443 1.264e+07 3.0006e-06 9.33362e+14 0 0 616.123 22789.3 0.211524 7.82393 inf 0.00551447 12
29 0.102651 0 1411.19 167.179 3.88063 0.107489 5.39402e+06 4.9751e+07 0 110373 1.64125e+07 104270 1.33861e+07 3.17508e-06 9.31844e+14 0 0 674.466 24922.1 0.21118 7.8033 inf 0.00552959 12
30 0.107489 0 1403.35 166.963 3.88072 0.112555 5.91291e+06 5.46654e+07 0 122587 1.58506e+07 107171 1.41751e+07 3.35983e-06 9.30257e+14 0 0 738.278 27251.3 0.210821 7.78181 inf 0.00554519 12
31 0.112555 0 1395.26 166.738 3.88081 0.117859 6.48165e+06 6.00229e+07 0 136130 1.53067e+07 110145 1.50094e+07 3.55547e-06 9.28598e+14 0 0 808.062 29794.5 0.210445 7.75942 inf 0.00556127 12
32 0.117859 0 1386.93 166.503 3.8809 0.123414 7.10501e+06 6.58622e+07 0 151144 1.47803e+07 113196 1.58914e+07 3.87727e-06 9.26864e+14 0 0 884.368 32570.8 0.210052 7.7361 inf 0.00557785 12
33 0.123414 0 1378.36 166.256 3.881 0.12923 7.78821e+06 7.22253e+07 0 167788 1.42707e+07 116325 1.68238e+07 4.05884e-06 9.25052e+14 0 0 967.795 35601.1 0.209641 7.71181 inf 0.00559493 12
34 0.12923 0 1369.53 165.999 3.8811 0.135321 8.53699e+06 7.91576e+07 0 186237 1.37774e+07 119534 1.78093e+07 4.24917e-06 9.23158e+14 0 0 1058.99 38907.8 0.209212 7.68653 inf 0.00561254 12
35 0.135321 0 1360.44 165.73 3.8812 0.141698 9.35762e+06 8.67083e+07 0 206686 1.33001e+07 122823 1.88509e+07 4.44873e-06 9.21179e+14 0 0 1158.67 42515.5 0.208764 7.6602 inf 0.00563067 12
36 0.141698 0 1351.1 165.448 3.88131 0.148376 1.0257e+07 9.49306e+07 0 229349 1.28381e+07 126196 1.99517e+07 4.74195e-06 9.19111e+14 0 0 1267.61 46450.6 0.208295 7.63281 inf 0.00564935 12
37 0.148376 0 1341.49 165.154 3.88143 0.155369 1.12426e+07 1.03882e+08 0 254463 1.23909e+07 129653 2.11147e+07 4.96648e-06 9.16951e+14 0 0 1386.64 50742 0.207805 7.60434 inf 0.00566859 12
38 0.155369 0 1331.61 164.847 3.88155 0.162691 1.23228e+07 1.13625e+08 0 282291 1.19583e+07 133196 2.23433e+07 5.20203e-06 9.14694e+14 0 0 1516.68 55420.8 0.207294 7.57472 inf 0.00568839 12
39 0.162691 0 1321.46 164.525 3.88168 0.170358 1.35064e+07 1.24226e+08 0 313124 1.15396e+07 136827 2.36412e+07 5.44912e-06 9.12336e+14 0 0 1658.72 60520.6 0.20676 7.54391 inf 0.00570876 12
40 0.170358 0 1311.04 164.189 3.88181 0.178387 1.48035e+07 1.35759e+08 0 347281 1.11344e+07 140548 2.50119e+07 5.70837e-06 9.09875e+14 0 0 1813.84 66077.7 0.206202 7.51188 inf 0.00572971 12
41 0.178387 0 1300.34 163.838 3.88195 0.186794 1.62249e+07 1.48301e+08 0 385118 1.07424e+07 144360 2.64595e+07 5.97611e-06 9.07304e+14 0 0 1983.22 72131.6 0.205619 7.47858 inf 0.00575126 12
42 0.186794 0 1289.36 163.472 3.88209 0.195598 1.77824e+07 1.61936e+08 0 427027 1.03631e+07 148265 2.79879e+07 6.26132e-06 9.04619e+14 0 0 2168.12 78724.8 0.205011 7.44398 inf 0.0057734 12
43 0.195598 0 1278.09 163.088 3.88224 0.204816 1.9489e+07 1.76757e+08 0 473441 9.99616e+06 152265 2.96014e+07 6.56067e-06 9.01817e+14 0 0 2369.93 85903.2 0.204376 7.40803 inf 0.00579616 12
44 0.204816 0 1266.54 162.688 3.8824 0.214469 2.1359e+07 1.92861e+08 0 524838 9.64115e+06 156362 3.13046e+07 6.87485e-06 8.98891e+14 0 0 2590.15 93716.2 0.203713 7.37069 inf 0.00581954 12
45 0.214469 0 1254.7 162.27 3.88257 0.224576 2.34078e+07 2.10353e+08 0 581749 9.29772e+06 160557 3.31021e+07 7.47403e-06 8.95838e+14 0 0 2830.39 102217 0.203021 7.33192 inf 0.00584356 12
46 0.224576 0 1242.57 161.833 3.88274 0.23516 2.56525e+07 2.29347e+08 0 644756 8.96551e+06 164852 3.49989e+07 7.87292e-06 8.92652e+14 0 0 3092.43 111464 0.202298 7.29168 inf 0.00586822 12
47 0.23516 0 1230.15 161.377 3.88292 0.246243 2.81118e+07 2.49966e+08 0 714505 8.64416e+06 169249 3.70001e+07 8.29367e-06 8.89327e+14 0 0 3378.15 121518 0.201545 7.24991 inf 0.00589352 12
48 0.246243 0 1217.43 160.901 3.88311 0.257848 3.08061e+07 2.72341e+08 0 791708 8.33335e+06 173750 3.91111e+07 8.73755e-06 8.85859e+14 0 0 3689.62 132445 0.200759 7.20659 inf 0.0059195 12
49 0.257848 0 1204.42 160.404 3.8833 0.27 3.37577e+07 2.96612e+08 0 877152 8.03275e+06 178356 4.13375e+07 9.3774e-06 8.82242e+14 0 0 4029.07 144318 0.199939 7.16166 inf 0.00594614 12
50 0.27 0 1191.11 159.885 3.88351 0.282725 3.6991e+07 3.2293e+08 0 971704 7.74203e+06 183069 4.36852e+07 9.93475e-06 8.7847e+14 0 0 4398.9 157212 0.199085 7.11508 inf 0.00597347 12
51 0.282725 0 1177.51 159.343 3.88372 0.296049 4.05329e+07 3.51458e+08 0 1.07632e+06 7.46089e+06 187891 4.61605e+07 1.05258e-05 8.74537e+14 0 0 4801.71 171210 0.198193 7.06681 inf 0.00600149 12
52 0.296049 0 1163.61 158.778 3.88395 0.310001 4.44124e+07 3.82369e+08 0 1.19206e+06 7.18903e+06 192823 4.87697e+07 1.11528e-05 8.70438e+14 0 0 5240.29 186400 0.197264 7.01681 inf 0.00603022 12
53 0.310001 0 1149.41 158.188 3.88418 0.324611 4.86618e+07 4.15849e+08 0 1.32009e+06 6.92616e+06 197867 5.15195e+07 1.18178e-05 8.66165e+14 0 0 5717.66 202875 0.196296 6.96502 inf 0.00605966 12
54 0.324611 0 1134.91 157.573 3.88442 0.33991 5.33159e+07 4.52095e+08 0 1.46169e+06 6.672e+06 203025 5.44171e+07 1.29172e-05 8.61714e+14 0 0 6237.07 220736 0.195287 6.91141 inf 0.00608983 12
55 0.33991 0 1120.12 156.931 3.88468 0.355929 5.8413e+07 4.91321e+08 0 1.61829e+06 6.42628e+06 208298 5.74697e+07 1.39727e-05 8.57077e+14 0 0 6802 240090 0.194236 6.85594 inf 0.00612074 12
56 0.355929 0 1105.03 156.261 3.88494 0.372704 6.3995e+07 5.33751e+08 0 1.79144e+06 6.18873e+06 213688 6.0685e+07 1.51143e-05 8.52247e+14 0 0 7416.22 261050 0.193142 6.79856 inf 0.00615239 12
57 0.372704 0 1089.65 155.563 3.88522 0.390269 7.01078e+07 5.79628e+08 0 1.98286e+06 5.95911e+06 219196 6.40709e+07 1.63491e-05 8.47219e+14 0 0 8083.75 283739 0.192002 6.73926 inf 0.00618482 12
58 0.390269 0 1073.97 154.836 3.88551 0.408662 7.68013e+07 6.29207e+08 0 2.19446e+06 5.73715e+06 224824 6.76357e+07 1.78382e-05 8.41985e+14 0 0 8808.9 308286 0.190816 6.67802 inf 0.00621805 12
59 0.408662 0 1057.99 154.077 3.88581 0.427921 8.41303e+07 6.82761e+08 0 2.42832e+06 5.52263e+06 230573 7.13881e+07 2.03974e-05 8.36539e+14 0 0 9596.29 334828 0.189582 6.61477 inf 0.00625222 12
60 0.427921 0 1041.72 153.287 3.88612 0.448088 9.21546e+07 7.40578e+08 0 2.68675e+06 5.31531e+06 236445 7.5337e+07 2.33182e-05 8.30873e+14 0 0 10450.9 363510 0.188298 6.54952 inf 0.00628724 12
61 0.448088 0 1025.16 152.464 3.88645 0.469206 1.0094e+08 8.02966e+08 0 2.97229e+06 5.11496e+06 242441 7.94918e+07 2.66508e-05 8.24981e+14 0 0 11377.9 394482 0.186963 6.48218 inf 0.00632307 12
62 0.469206 0 1008.34 151.607 3.88679 0.491319 1.10557e+08 8.7025e+08 0 3.28771e+06 4.92137e+06 248562 8.38621e+07 3.0452e-05 8.18855e+14 0 0 12383 427907 0.185574 6.41272 inf 0.0063597 12
63 0.491319 0 991.238 150.714 3.88714 0.514474 1.21084e+08 9.42774e+08 0 3.63611e+06 4.73432e+06 254810 8.8458e+07 3.56958e-05 8.12489e+14 0 0 13472.1 463951 0.184131 6.34111 inf 0.00639716 12
64 0.514474 0 973.875 149.785 3.88751 0.538721 1.32606e+08 1.0209e+09 0 4.02085e+06 4.5536e+06 261185 9.329e+07 4.26206e-05 8.05874e+14 0 0 14651.6 502792 0.182632 6.26732 inf 0.00643545 12
65 0.538721 0 956.257 148.817 3.8879 0.56411 1.45217e+08 1.10502e+09 0 4.44566e+06 4.37903e+06 267689 9.83688e+07 5.0865e-05 7.99005e+14 0 0 15928.2 544620 0.181076 6.19137 inf 0.00647459 12
66 0.56411 0 938.389 147.811 3.8883 0.590696 1.59018e+08 1.19553e+09 0 4.91463e+06 4.2104e+06 274322 1.03706e+08 6.06743e-05 7.91874e+14 0 0 17309.1 589626 0.17946 6.11322 inf 0.00651459 12
67 0.590696 0 920.277 146.765 3.88872 0.618534 1.7412e+08 1.29285e+09 0 5.43224e+06 4.04753e+06 281085 1.09312e+08 7.23396e-05 7.84474e+14 0 0 18801.7 638010 0.177783 6.03283 inf 0.00655545 12
68 0.618534 0 901.93 145.677 3.88915 0.647685 1.90644e+08 1.39744e+09 0 6.00344e+06 3.89024e+06 287980 1.15201e+08 8.32916e-05 7.76799e+14 0 0 20413.9 689981 0.176043 5.95019 inf 0.00659717 12
69 0.647685 0 883.357 144.546 3.8896 0.678209 2.08722e+08 1.50976e+09 0 6.63367e+06 3.73834e+06 295006 1.21383e+08 9.73076e-05 7.68841e+14 0 0 22154.1 745755 0.17424 5.86529 inf 0.00663977 12
70 0.678209 0 864.571 143.371 3.89007 0.710172 2.28499e+08 1.63029e+09 0 7.32887e+06 3.59168e+06 302165 1.27873e+08 0.000113634 7.60593e+14 0 0 24030.9 805559 0.172371 5.77817 inf 0.00668329 12
71 0.710172 0 845.584 142.15 3.89056 0.743642 2.50132e+08 1.75955e+09 0 8.09561e+06 3.45009e+06 309456 1.34682e+08 0.000132642 7.52051e+14 0 0 26053.4 869625 0.170435 5.68886 inf 0.00672773 12
72 0.743642 0 826.403 140.883 3.89106 0.778689 2.73792e+08 1.89807e+09 0 8.94106e+06 3.3134e+06 316879 1.41825e+08 0.000156979 7.43207e+14 0 0 28231.1 938176 0.16843 5.59729 inf 0.00677308 12
73 0.778689 0 807.039 139.568 3.89158 0.815387 2.99666e+08 2.04639e+09 0 9.87312e+06 3.18146e+06 324436 1.49316e+08 0.000177128 7.34056e+14 0 0 30573.6 1.01145e+06 0.166357 5.50348 inf 0.00681934 12
74 0.815387 0 787.509 138.203 3.89213 0.853815 3.27958e+08 2.20508e+09 0 1.09004e+07 3.05412e+06 332126 1.57169e+08 0.00019981 7.24593e+14 0 0 33091.1 1.08969e+06 0.164212 5.40748 inf 0.00686656 12
75 0.853815 0 767.831 136.789 3.89269 0.894054 3.58891e+08 2.37474e+09 0 1.20325e+07 2.93124e+06 339948 1.65398e+08 0.000225333 7.14813e+14 0 0 35793.9 1.17314e+06 0.161995 5.30937 inf 0.00691476 12
76 0.894054 0 748.012 135.322 3.89327 0.936189 3.92706e+08 2.55596e+09 0 1.32797e+07 2.81267e+06 347902 1.7402e+08 0.000254045 7.0471e+14 0 0 38692.6 1.26202e+06 0.159706 5.20908 inf 0.0069639 12
77 0.936189 0 728.068 133.803 3.89388 0.980311 4.29666e+08 2.74937e+09 0 1.46534e+07 2.69828e+06 355989 1.83049e+08 0.000279793 6.94282e+14 0 0 41797.8 1.35658e+06 0.157343 5.10667 inf 0.007014 12
78 0.980311 0 708.015 132.231 3.8945 1.02651 4.70059e+08 2.9556e+09 0 1.61662e+07 2.58793e+06 364206 1.92501e+08 0.000303956 6.83526e+14 0 0 45120.3 1.45702e+06 0.154905 5.00216 inf 0.00706505 12
79 1.02651 0 687.882 130.603 3.89515 1.07489 5.14197e+08 3.1753e+09 0 1.78316e+07 2.4815e+06 372552 2.02392e+08 0.00033019 6.72438e+14 0 0 48670.9 1.56361e+06 0.152392 4.89577 inf 0.00711716 12
80 1.07489 0 667.678 128.919 3.89581 1.12555 5.62418e+08 3.40911e+09 0 1.96647e+07 2.37885e+06 381028 2.12739e+08 0.00035867 6.61017e+14 0 0 52460.2 1.67652e+06 0.149804 4.78742 inf 0.00717025 12
81 1.12555 0 647.42 127.179 3.8965 1.17859 6.15094e+08 3.65771e+09 0 2.16818e+07 2.27988e+06 389631 2.23559e+08 0.000389587 6.49262e+14 0 0 56498.6 1.79593e+06 0.14714 4.67717 inf 0.00722432 12
82 1.17859 0 627.134 125.381 3.89721 1.23414 6.72624e+08 3.92174e+09 0 2.39008e+07 2.18447e+06 398359 2.34869e+08 0.000430278 6.37174e+14 0 0 60796 1.92204e+06 0.1444 4.56517 inf 0.00727942 12
83 1.23414 0 606.842 123.524 3.89794 1.2923 7.35446e+08 4.20189e+09 0 2.63413e+07 2.09249e+06 407212 2.46685e+08 0.000461196 6.24752e+14 0 0 65362 2.05503e+06 0.141585 4.45154 inf 0.00733559 12
84 1.2923 0 586.559 121.609 3.89869 1.35321 8.04034e+08 4.49879e+09 0 2.90247e+07 2.00384e+06 416186 2.59026e+08 0.000494361 6.12001e+14 0 0 70205.2 2.19495e+06 0.138696 4.33628 inf 0.00739274 12
85 1.35321 0 566.306 119.635 3.89946 1.41698 8.78901e+08 4.8131e+09 0 3.19742e+07 1.91842e+06 425279 2.71908e+08 0.000529941 5.98922e+14 0 0 75333.4 2.34189e+06 0.135732 4.21948 inf 0.00745089 12
86 1.41698 0 546.119 117.6 3.90024 1.48376 9.60608e+08 5.14545e+09 0 3.52155e+07 1.83611e+06 434488 2.85351e+08 0.000568116 5.85521e+14 0 0 80753.2 2.49599e+06 0.132695 4.10143 inf 0.00751015 12
87 1.48376 0 526.012 115.506 3.90105 1.55369 1.04976e+09 5.49645e+09 0 3.87763e+07 1.75683e+06 443811 2.99371e+08 0.000609073 5.71804e+14 0 0 86469.8 2.65719e+06 0.129586 3.98214 inf 0.00757043 12
88 1.55369 0 506.014 113.351 3.90187 1.62691 1.14701e+09 5.86668e+09 0 4.26869e+07 1.68047e+06 453244 3.13986e+08 0.000641958 5.57778e+14 0 0 92486.6 2.82549e+06 0.126407 3.86178 inf 0.00763177 12
89 1.62691 0 486.152 111.137 3.90271 1.70358 1.25308e+09 6.25669e+09 0 4.69804e+07 1.60694e+06 462783 3.29214e+08 0.000688322 5.43453e+14 0 0 98805.1 3.00083e+06 0.123161 3.74055 inf 0.0076942 12
90 1.70358 0 466.439 108.863 3.90355 1.78387 1.36874e+09 6.66699e+09 0 5.16929e+07 1.53615e+06 472425 3.45074e+08 0.000738086 5.2884e+14 0 0 105424 3.18295e+06 0.119849 3.61846 inf 0.00775762 12
91 1.78387 0 446.923 106.532 3.90262 1.86794 1.49481e+09 7.09805e+09 0 5.68635e+07 1.468e+06 482166 3.61582e+08 0.000791493 5.13959e+14 0 0 112343 3.37184e+06 0.116477 3.49592 inf 0.00782218 12
92 1.86794 0 427.609 104.143 3.90162 1.95598 1.63221e+09 7.55027e+09 0 6.2535e+07 1.40243e+06 492000 3.78756e+08 0.000848821 4.98817e+14 0 0 119552 3.567e+06 0.113045 3.37285 inf 0.0078877 12
93 1.95598 0 408.52 102.294 3.90096 2.04816 1.78191e+09 8.02399e+09 0 6.87537e+07 1.33933e+06 501922 3.96613e+08 0.000896239 4.87176e+14 0 0 128028 3.76829e+06 0.110407 3.24966 inf 0.00795471 12
94 2.04816 0.0112482 389.697 2.97046e-05 0.0112184 2.14469 1.94497e+09 8.51948e+09 14301.7 7.55702e+07 1.27863e+06 511928 4.1517e+08 0.000980451 4.75633e+14 0 0 137254 3.97504e+06 0.107949 3.12633 9.59704 0.00802246 12
95 2.14469 0.701787 371.152 0.283425 0.418362 2.24576 2.12253e+09 9.03692e+09 992692 8.30393e+07 1.22026e+06 522011 4.34442e+08 0.0010724 4.63838e+14 0 0 160285 4.18665e+06 0.114971 3.00303 0.163826 0.00809111 12
96 2.24576 1.39415 352.908 0.669243 0.724906 2.3516 2.31582e+09 9.57639e+09 3.12385e+06 9.12205e+07 1.16413e+06 532166 4.54447e+08 0.00117277 4.51801e+14 0 0 186436 4.40244e+06 0.121962 2.87997 0.0874812 0.00816067 12
97 2.3516 2.08659 334.99 1.10224 0.984349 2.46243 2.52616e+09 1.01379e+10 6.62124e+06 1.00179e+08 1.11018e+06 542386 4.75198e+08 0.00128232 4.3953e+14 0 0 216052 4.62164e+06 0.1289 2.75733 0.0617753 0.00823109 12
98 2.46243 2.77725 317.423 1.56685 1.2104 2.57848 2.755e+09 1.07212e+10 1.17254e+07 1.09983e+08 1.05834e+06 552663 4.9671e+08 0.00140185 4.27038e+14 0 0 249507 4.84334e+06 0.135761 2.63535 0.0488833 0.00830235 12
99 2.57848 3.46412 300.228 2.05374 1.41039 2.7 3.00386e+09 1.13262e+10 1.87061e+07 1.20711e+08 1.00852e+06 562991 5.18997e+08 0.00150837 4.14337e+14 0 0 287200 5.06655e+06 0.142521 2.51423 0.0411419 0.00837441 12
100 2.7 4.14509 283.429 2.55602 1.58906 2.82725 3.27442e+09 1.19525e+10 2.78649e+07 1.32443e+08 960674 573362 5.4207e+08 0.00168488 4.01442e+14 0 0 329560 5.29013e+06 0.149151 2.3942 0.0359827 0.00844725 12
101 2.82725 4.8179 267.048 3.06805 1.74984 2.96049 3.56844e+09 1.25995e+10 3.95374e+07 1.4527e+08 914730 583768 5.65943e+08 0.0018811 3.88368e+14 0 0 377040 5.51286e+06 0.155626 2.27547 0.0323016 0.00852082 12
102 2.96049 5.48016 251.104 3.58486 1.89531 3.10001 3.88785e+09 1.32665e+10 5.40954e+07 1.59287e+08 870625 594200 5.90624e+08 0.00209907 3.75134e+14 0 0 430120 5.73338e+06 0.161913 2.15826 0.0295454 0.00859509 12
103 3.10001 6.12154 235.613 4.09538 2.02616 3.24611 4.23471e+09 1.39528e+10 7.1926e+07 1.74598e+08 828299 604649 6.16122e+08 0.00234105 3.6194e+14 0 0 489021 5.95027e+06 0.167889 2.04282 0.0274259 0.00867024 12
104 3.24611 4.98397 220.647 3.12213 1.86183 3.3991 4.61121e+09 1.46575e+10 8.78438e+07 1.91315e+08 787693 615105 6.42446e+08 0.0026095 3.47072e+14 0 0 474505 6.16364e+06 0.148571 1.92988 0.0298098 0.00874647 12
105 3.3991 3.60036 206.165 2.01165 1.58871 3.55929 5.01972e+09 1.53795e+10 1.00452e+08 2.0956e+08 748749 625560 6.696e+08 0.00290713 3.3356e+14 0 0 441613 6.37068e+06 0.126106 1.8192 0.0350259 0.00882399 12
106 3.55929 2.29495 192.193 1.06417 1.23077 3.72704 5.46277e+09 1.61175e+10 1.09264e+08 2.29464e+08 711411 636002 6.9759e+08 0.00311324 3.19976e+14 0 0 402089 6.5694e+06 0.104717 1.71088 0.0456292 0.00890188 12
107 3.72704 1.07306 178.739 0.335672 0.737385 3.90269 5.94307e+09 1.687e+10 1.13782e+08 2.51167e+08 675626 646422 7.26417e+08 0.00343074 3.06346e+14 0 0 355700 6.75802e+06 0.0844847 1.60514 0.0787327 0.00898034 12
108 3.90269 0 165.816 60.2766 3.8712 4.08662 6.46349e+09 1.76355e+10 1.13782e+08 2.74821e+08 641341 656807 7.56082e+08 0.00377907 2.92698e+14 0 0 306222 6.9347e+06 0.066333 1.50218 inf 0.0090593 12
109 4.08662 0 153.432 56.7803 3.86651 4.27921 7.02712e+09 1.84121e+10 1.13782e+08 3.00589e+08 608505 667147 7.86582e+08 0.00416106 2.80874e+14 0 0 322202 7.0981e+06 0.0636534 1.40228 inf 0.00913945 12
110 4.27921 0 141.63 53.8222 3.85935 4.48088 7.63724e+09 1.91982e+10 1.13782e+08 3.28646e+08 577070 677429 8.17915e+08 0.00457973 2.70682e+14 0 0 340469 7.24829e+06 0.0613438 1.30596 inf 0.00922092 12
111 4.48088 0 130.423 50.8803 3.85164 4.69206 8.29734e+09 1.99919e+10 1.13782e+08 3.59181e+08 546986 687642 8.50072e+08 0.00503835 2.60358e+14 0 0 359077 7.38419e+06 0.0590039 1.21338 inf 0.00930343 12
112 4.69206 0 119.797 47.9614 3.84334 4.91319 9.01114e+09 2.07913e+10 1.13782e+08 3.92395e+08 518208 697773 8.83046e+08 0.00554045 2.49914e+14 0 0 377927 7.5038e+06 0.0566371 1.12454 inf 0.00938705 12
113 4.91319 0 109.743 45.0729 3.83439 5.14474 9.78258e+09 2.15942e+10 1.13782e+08 4.28504e+08 490690 707809 9.16825e+08 0.00608987 2.39366e+14 0 0 396899 7.60508e+06 0.0542467 1.03943 inf 0.00947157 12
114 5.14474 0 100.243 42.2221 3.82474 5.38721 1.06158e+10 2.23984e+10 1.13782e+08 4.67741e+08 464388 717737 9.51394e+08 0.00639513 2.2873e+14 0 0 415854 7.68531e+06 0.0518364 0.957976 inf 0.00955655 12
115 5.38721 0 91.3086 39.4163 3.8143 5.6411 1.15153e+10 2.32016e+10 1.13782e+08 5.10354e+08 439260 727544 9.86736e+08 0.00694702 2.18024e+14 0 0 434633 7.74476e+06 0.0494101 0.880443 inf 0.0096425 12
116 5.6411 0 82.9242 36.6632 3.803 5.90696 1.24857e+10 2.40014e+10 1.13782e+08 5.56607e+08 415264 737215 1.02283e+09 0.00754512 2.07267e+14 0 0 453051 7.78148e+06 0.0469722 0.806781 inf 0.00972914 12
117 5.90696 0 75.0758 33.97 3.79075 6.18534 1.3532e+10 2.47954e+10 1.13782e+08 6.06783e+08 392360 746738 1.05965e+09 0.00819322 1.96477e+14 0 0 470901 7.79386e+06 0.0445269 0.736964 inf 0.00981626 12
118 6.18534 0 67.7514 31.344 3.77745 6.47685 1.46594e+10 2.5581e+10 1.13782e+08 6.61185e+08 370509 756097 1.09718e+09 0.00889531 1.85676e+14 0 0 487947 7.7808e+06 0.0420791 0.670992 inf 0.00990374 12
119 6.47685 0 60.9319 28.7923 3.76297 6.78209 1.58732e+10 2.63558e+10 1.13782e+08 7.20134e+08 349673 765279 1.13538e+09 0.00965569 1.74885e+14 0 0 503928 7.74049e+06 0.0396335 0.608782 inf 0.00999118 12
120 6.78209 0 54.6001 26.3217 3.74718 7.10172 1.71794e+10 2.7117e+10 1.13782e+08 7.83973e+08 329815 774269 1.17422e+09 0.010479 1.64125e+14 0 0 518552 7.6716e+06 0.0371951 0.550275 inf 0.0100783 12
121 7.10172 0 48.7372 23.9386 3.72993 7.43642 1.85839e+10 2.7862e+10 1.13782e+08 8.53066e+08 310899 783053 1.21366e+09 0.0113703 1.53421e+14 0 0 531497 7.57281e+06 0.0347692 0.495394 inf 0.0101646 12
122 7.43642 0 43.3208 21.6492 3.71105 7.78689 2.00931e+10 2.85881e+10 1.13782e+08 9.27801e+08 292890 791616 1.25367e+09 0.0123349 1.42794e+14 0 0 542411 7.44221e+06 0.032361 0.444013 inf 0.0102494 12
123 7.78689 0 38.3347 19.4589 3.69034 8.15387 2.17135e+10 2.92926e+10 1.13782e+08 1.00859e+09 275754 799944 1.2942e+09 0.0126736 1.3227e+14 0 0 550908 7.27946e+06 0.0299759 0.396089 inf 0.0103324 12
124 8.15387 0 33.7562 17.3728 3.66757 8.53815 2.3452e+10 2.99729e+10 1.13782e+08 1.09586e+09 259458 808023 1.3352e+09 0.0136878 1.21872e+14 0 0 556571 7.0831e+06 0.0276194 0.351493 inf 0.0104127 12
125 8.53815 0 29.5658 15.3953 3.64247 8.94054 2.53159e+10 3.06262e+10 1.13782e+08 1.19008e+09 243971 815838 1.37663e+09 0.0147827 1.11623e+14 0 0 558949 6.85254e+06 0.0252968 0.310131 inf 0.0104895 12
126 8.94054 0 25.7432 13.53 3.61476 9.36189 2.73125e+10 3.12498e+10 1.13782e+08 1.29174e+09 229260 823375 1.41843e+09 0.0159644 1.01549e+14 0 0 557560 6.58731e+06 0.0230136 0.271895 inf 0.0105618 12
127 9.36189 0 22.2707 11.7798 3.58408 9.80311 2.94496e+10 3.18415e+10 1.13782e+08 1.40135e+09 215296 830621 1.46055e+09 0.0172398 9.16714e+13 0 0 551888 6.28818e+06 0.0207752 0.236711 inf 0.0106288 12
128 9.80311 0 19.1339 10.1471 3.55002 10.2651 3.17352e+10 3.23988e+10 1.13782e+08 1.51946e+09 202049 837562 1.50293e+09 0.0186163 8.20149e+13 0 0 541390 5.9578e+06 0.0185868 0.204541 inf 0.0106899 12
129 10.2651 0 16.3162 8.63303 3.51214 10.7489 3.41775e+10 3.29199e+10 1.13782e+08 1.64663e+09 189491 844184 1.5455e+09 0.0201019 7.26023e+13 0 0 525494 5.59898e+06 0.0164536 0.175308 inf 0.0107444 12
130 10.7489 0 13.8029 7.23835 3.46989 11.2555 3.6785e+10 3.34033e+10 1.13782e+08 1.78348e+09 177593 850476 1.5882e+09 0.0217049 6.3456e+13 0 0 503605 5.21645e+06 0.0143808 0.14896 inf 0.0107919 12
131 11.2555 0 11.5829 5.9628 3.42266 11.7859 3.95664e+10 3.3848e+10 1.13782e+08 1.93064e+09 166328 856424 1.63097e+09 0.0234349 5.45984e+13 0 0 475114 4.81809e+06 0.0123735 0.125478 inf 0.0108331 12
132 11.7859 0 9.64333 4.8054 3.36973 12.3414 4.25308e+10 3.4254e+10 1.13782e+08 2.08877e+09 155670 862017 1.67373e+09 0.0253014 4.60518e+13 0 0 439404 4.41299e+06 0.0104366 0.104816 inf 0.0108692 12
133 12.3414 0 7.97394 3.76442 3.31026 12.923 4.56871e+10 3.46221e+10 1.13782e+08 2.25858e+09 145594 867244 1.71642e+09 0.0273154 3.78386e+13 0 0 395870 4.01358e+06 0.00857523 0.086941 inf 0.0109032 12
134 12.923 0 6.5569 2.83768 3.24312 13.5321 4.90449e+10 3.4954e+10 1.13782e+08 2.4408e+09 136075 872094 1.75896e+09 0.0294883 2.99845e+13 0 0 343965 3.62963e+06 0.00679528 0.071706 inf 0.010936 12
135 13.5321 0.0629565 5.37192 0 0.0629565 14.1698 5.26134e+10 3.52522e+10 1.17276e+08 2.6362e+09 127088 876557 1.80129e+09 0.0318325 2.41961e+13 0 0 353382 3.27508e+06 0.00636704 0.0590086 0.101134 0.0109846 12
136 14.1698 0.429721 4.37012 0 0.429721 14.8376 5.64024e+10 3.55181e+10 1.43427e+08 2.84558e+09 118609 880625 1.84331e+09 0.0343614 2.05266e+13 0 0 649874 2.93591e+06 0.0106788 0.0482433 0.0248505 0.0110394 12
137 14.8376 0.763121 3.52869 0 0.763121 15.5369 6.04216e+10 3.57536e+10 1.94349e+08 3.06978e+09 110617 884288 1.88496e+09 0.0370896 1.72823e+13 0 0 974943 2.60805e+06 0.0146108 0.0390849 0.0191461 0.0110763 12
138 15.5369 1.06264 2.82332 0 1.06264 16.2691 6.46807e+10 3.59602e+10 2.72098e+08 3.30968e+09 103090 887541 1.92617e+09 0.0400323 1.4436e+13 0 0 1.32779e+06 2.2943e+06 0.0181477 0.0313577 0.0170779 0.0111067 12
139 16.2691 1.32876 2.23687 0 1.32876 17.0358 6.91896e+10 3.61396e+10 3.78696e+08 3.56619e+09 96004.6 890375 1.96685e+09 0.0432066 1.19588e+13 0 0 1.70775e+06 1.9971e+06 0.0212872 0.024894 0.0160204 0.0111289 12
140 17.0358 1.56275 1.7535 0 1.56275 17.8387 7.39581e+10 3.62939e+10 5.16162e+08 3.84026e+09 89341.5 892786 2.00693e+09 0.0450462 9.82109e+12 0 0 2.11443e+06 1.71846e+06 0.0240374 0.0195358 0.0153815 0.0111411 12
141 17.8387 1.7666 1.35867 0 1.7666 18.6794 7.89961e+10 3.64249e+10 6.86552e+08 4.13289e+09 83080.4 894768 2.04634e+09 0.0485908 7.99283e+12 0 0 2.54771e+06 1.45988e+06 0.0264146 0.015136 0.0149523 0.0111403 12
142 18.6794 1.94287 1.0392 0 1.94287 19.5598 8.43134e+10 3.65348e+10 8.92023e+08 4.4451e+09 77201.7 896320 2.085e+09 0.0524169 6.44421e+12 0 0 3.00785e+06 1.22243e+06 0.0284413 0.0115589 0.0146388 0.0111229 12
143 19.5598 2.09466 0.783232 0 2.09466 20.4816 8.99195e+10 3.66256e+10 1.13492e+09 4.77795e+09 71686.7 897437 2.12284e+09 0.0565474 5.14594e+12 0 0 3.49546e+06 1.00663e+06 0.0301438 0.00868084 0.0143908 0.0110834 12
144 20.4816 2.22576 0.580232 0 2.22576 21.4469 9.58242e+10 3.66994e+10 1.41792e+09 5.13256e+09 66517.1 898119 2.1598e+09 0.0610067 4.0697e+12 0 0 4.01153e+06 812552 0.0315503 0.00639064 0.014175 0.011014 12
145 21.4469 2.3414 0.420899 0 2.3414 22.4576 1.02037e+11 3.67581e+10 1.74434e+09 5.51007e+09 61675.4 898366 2.1958e+09 0.0658208 3.18916e+12 0 0 4.55704e+06 639826 0.0326871 0.00458939 0.0139605 0.0109038 12
146 22.4576 2.45044 0.297045 0 2.45044 23.516 1.08566e+11 3.68035e+10 2.11893e+09 5.91167e+09 57144.7 898177 2.23077e+09 0.071019 2.48105e+12 0 0 5.13183e+06 487684 0.0335711 0.0031903 0.0137001 0.0107401 12
147 23.516 2.56691 0.201484 0 2.56691 24.6243 1.15422e+11 3.68373e+10 2.54917e+09 6.33858e+09 52908.5 897557 2.26467e+09 0.0766314 1.9236e+12 0 0 5.73305e+06 355060 0.0342042 0.00211834 0.013325 0.0105137 12
148 24.6243 2.70444 0.128044 0 2.70444 25.7848 1.22612e+11 3.68608e+10 3.04621e+09 6.79208e+09 48951.1 896506 2.29743e+09 0.0826918 1.49119e+12 0 0 6.35652e+06 240627 0.034587 0.00130929 0.0127889 0.0102254 12
149 25.7848 2.86274 0.0717156 0 2.86274 27 1.30145e+11 3.68753e+10 3.62309e+09 7.27348e+09 45257.4 895030 2.329e+09 0.0892359 1.15269e+12 0 0 7.00393e+06 142782 0.0347564 0.000708545 0.012141 0.00987993 12
150 27 3.01754 0.028496 0 3.01754 28.2725 1.3803e+11 3.68815e+10 4.28984e+09 7.78413e+09 41812.7 893135 2.35933e+09 0.096303 9.03149e+11 0 0 7.68417e+06 59756 0.0347769 0.000270443 0.0115249 0.00949055 12
151 28.2725 2.93569 0.00323484 0 2.93569 29.6049 1.46273e+11 3.68823e+10 5.00108e+09 8.32543e+09 38603.1 890826 2.38837e+09 0.10754 0 0 0 7.93207e+06 0 0.0327401 0 0.0111524 0 12
152 29.6049 1.99406 0 0 1.99406 31.0001 1.54882e+11 3.68823e+10 5.53079e+09 8.89882e+09 35615.1 888112 2.41609e+09 0.115995 0 0 0 5.94007e+06 0 0.0223607 0 0.0112137 nan 12
153 31.0001 1.33243 0 0 1.33243 32.4611 1.63863e+11 3.68823e+10 5.9189e+09 9.50578e+09 32835.8 885000 2.44246e+09 0.125108 0 0 0 4.37528e+06 0 0.015021 0 0.0112734 nan 12
154 32.4611 0.875188 0 0 0.875188 33.991 1.73223e+11 3.68823e+10 6.19842e+09 1.01479e+10 30252.9 881502 2.46744e+09 0.134932 0 0 0 3.16736e+06 0 0.00991724 0 0.0113316 nan 12
155 33.991 0.564622 0 0 0.564622 35.5929 1.82968e+11 3.68823e+10 6.39614e+09 1.08266e+10 27854.6 877627 2.49102e+09 0.14552 0 0 0 2.25176e+06 0 0.00643006 0 0.0113882 nan 12
156 35.5929 0.357479 0 0 0.357479 37.2704 1.93103e+11 3.68823e+10 6.53341e+09 1.15437e+10 25629.7 873387 2.51317e+09 0.156933 0 0 0 1.57077e+06 0 0.00409078 0 0.0114434 nan 12
157 37.2704 0.22192 0 0 0.22192 39.0269 2.03632e+11 3.68823e+10 6.62684e+09 1.23007e+10 23567.2 868795 2.53389e+09 0.169233 0 0 0 1.07422e+06 0 0.00255145 0 0.0114971 nan 12
158 39.0269 0.134957 0 0 0.134957 40.8662 2.14561e+11 3.68823e+10 6.68914e+09 1.30995e+10 21657.1 863865 2.55318e+09 0.182489 0 0 0 719551 0 0.00155867 0 0.0115494 nan 12
159 40.8662 0.0803212 0 0 0.0803212 42.7921 2.25891e+11 3.68823e+10 6.7298e+09 1.39417e+10 19889.6 858610 2.57102e+09 0.196776 0 0 0 471631 0 0.000931742 0 0.0116002 nan 12
160 42.7921 0.0467369 0 0 0.0467369 44.8088 2.37627e+11 3.68823e+10 6.75574e+09 1.48293e+10 18255.4 853046 2.58745e+09 0.212173 0 0 0 302187 0 0.000544465 0 0.0116496 nan 12
161 44.8088 0.0265599 0 0 0.0265599 46.9206 2.49771e+11 3.68823e+10 6.7719e+09 1.57641e+10 16745.7 847189 2.60245e+09 0.228766 0 0 0 189072 0 0.000310684 0 0.0116975 nan 12
162 46.9206 0.0147247 0 0 0.0147247 49.1319 2.62325e+11 3.68823e+10 6.78173e+09 1.67481e+10 15352.2 841055 2.61607e+09 0.246647 0 0 0 115391 0 0.000172928 0 0.0117441 nan 12
163 49.1319 0.00795453 0 0 0.00795453 51.4474 2.75289e+11 3.68823e+10 6.78755e+09 1.77833e+10 14066.9 834661 2.62832e+09 0.265915 0 0 0 68613.4 0 9.37783e-05 0 0.0117893 nan 12
164 51.4474 0.0041822 0 0 0.0041822 53.8721 2.88665e+11 3.68823e+10 6.7909e+09 1.88717e+10 12882.4 828025 2.63923e+09 0.28668 0 0 0 39702 0 4.94887e-05 0 0.0118332 nan 12
165 53.8721 0.00213729 0 0 0.00213729 56.411 3.02452e+11 3.68823e+10 6.79278e+09 2.00156e+10 11791.7 821164 2.64885e+09 0.309055 0 0 0 22326.9 0 2.53818e-05 0 0.0118757 nan 12
166 56.411 0.00106025 0 0 0.00106025 59.0696 3.1665e+11 3.68823e+10 6.79381e+09 2.12172e+10 10788.2 814098 2.65722e+09 0.333165 0 0 0 12186.6 0 1.2635e-05 0 0.011917 nan 12
167 59.0696 0.000509843 0 0 0.000509843 61.8534 3.31258e+11 3.68823e+10 6.79435e+09 2.24789e+10 9865.45 806844 2.66438e+09 0.359147 0 0 0 6447.1 0 6.09618e-06 0 0.011957 nan 12
168 61.8534 0.000237306 0 0 0.000237306 64.7685 3.46275e+11 3.68823e+10 6.79462e+09 2.3803e+10 9017.72 799422 2.6704e+09 0.387142 0 0 0 3300.97 0 2.84666e-06 0 0.0119957 nan 12
169 64.7685 0.000106748 0 0 0.000106748 67.8209 3.61697e+11 3.68823e+10 6.79476e+09 2.5192e+10 8239.44 791851 2.67533e+09 0.438734 0 0 0 1633.25 0 1.28453e-06 0 0.0120333 nan 12
170 67.8209 4.63336e-05 0 0 4.63336e-05 71.0172 3.77523e+11 3.68823e+10 6.79482e+09 2.66486e+10 7525.44 784151 2.67924e+09 0.471061 0 0 0 779.644 0 5.59229e-07 0 0.0120696 nan 12
171 71.0172 1.93724e-05 0 0 1.93724e-05 74.3642 3.93748e+11 3.68823e+10 6.79485e+09 2.81756e+10 6870.85 776340 2.68219e+09 0.505711 0 0 0 358.466 0 2.34499e-07 0 0.0121048 nan 12
172 74.3642 7.78856e-06 0 0 7.78856e-06 77.8689 4.10371e+11 3.68823e+10 6.79486e+09 2.97757e+10 6271.13 768438 2.68427e+09 0.54285 0 0 0 158.468 0 9.45444e-08 0 0.0121389 nan 12
173 77.8689 3.00551e-06 0 0 3.00551e-06 81.5387 4.27385e+11 3.68823e+10 6.79487e+09 3.14521e+10 5722.05 760465 2.68554e+09 0.582657 0 0 0 67.2327 0 3.65826e-08 0 0.0121718 nan 12
174 81.5387 1.11103e-06 0 0 1.11103e-06 85.3815 4.44788e+11 3.68823e+10 6.79487e+09 3.32078e+10 5219.64 752440 2.68609e+09 0.625328 0 0 0 27.3228 0 1.35587e-08 0 0.0122037 nan 12
175 85.3815 3.92649e-07 0 0 3.92649e-07 89.4054 4.62573e+11 3.68823e+10 6.79487e+09 3.50462e+10 4760.21 744382 2.686e+09 0.671072 0 0 0 10.6145 0 4.80389e-09 0 0.0122346 nan 12
176 89.4054 1.32383e-07 0 0 1.32383e-07 93.6189 4.80736e+11 3.68823e+10 6.79487e+09 3.69708e+10 4340.34 736310 2.67264e+09 0.72011 0 0 0 3.93354 0 1.62359e-09 0 0.0122644 nan 12
177 93.6189 4.2486e-08 0 0 4.2486e-08 98.0311 4.99271e+11 3.68823e+10 6.79487e+09 3.89853e+10 3956.83 728244 2.6071e+09 0.77269 0 0 0 1.38745 0 5.22289e-10 0 0.0122932 nan 12
178 98.0311 1.2949e-08 0 0 1.2949e-08 102.651 5.18171e+11 3.68823e+10 6.79487e+09 4.10936e+10 3606.72 720201 2.54293e+09 0.829074 0 0 0 0.464721 0 1.59546e-10 0 0.0123211 nan 12
179 102.651 3.73896e-09 0 0 3.73896e-09 107.489 5.37432e+11 3.68823e+10 6.79487e+09 4.32998e+10 3287.27 712200 2.48019e+09 0.889543 0 0 0 0.147453 0 4.61686e-11 0 0.012348 nan 12
180 107.489 1.02019e-09 0 0 1.02019e-09 112.555 5.57045e+11 3.68823e+10 6.79487e+09 4.56084e+10 2995.93 704259 2.34735e+09 0.983487 0 0 0 0.0442075 0 1.26238e-11 0 0.012374 nan 12
181 112.555 2.6234e-10 0 0 2.6234e-10 117.859 5.77005e+11 3.68823e+10 6.79487e+09 4.8024e+10 2730.34 696397 2.30996e+09 1.04575 0 0 0 0.01249 0 3.25279e-12 0 0.0123991 nan 12
182 117.859 6.34009e-11 0 0 6.34009e-11 123.414 5.97305e+11 3.68823e+10 6.79487e+09 5.05517e+10 2488.34 688629 2.27315e+09 1.11198 0 0 0 0.00331621 0 7.87654e-13 0 0.0124234 nan 12
183 123.414 1.43582e-11 0 0 1.43582e-11 129.23 6.17936e+11 3.68823e+10 6.79487e+09 5.31968e+10 2267.92 680973 2.23696e+09 1.18246 0 0 0 0.000825021 0 1.78714e-13 0 0.0124468 nan 12
184 129.23 3.03772e-12 0 0 3.03772e-12 135.321 6.38893e+11 3.68823e+10 6.79487e+09 5.59651e+10 2067.22 673446 2.20136e+09 1.25751 0 0 0 0.000191735 0 3.78788e-14 0 0.0124695 nan 12
185 135.321 5.98479e-13 0 0 5.98479e-13 141.698 6.60167e+11 3.68823e+10 6.79487e+09 5.88625e+10 1884.54 666063 2.16638e+09 1.33748 0 0 0 4.14919e-05 0 7.47578e-15 0 0.0124913 nan 12
186 141.698 1.09431e-13 0 0 1.09431e-13 148.376 6.81752e+11 3.68823e+10 6.79487e+09 6.18959e+10 1718.32 658841 2.13201e+09 1.42276 0 0 0 8.33277e-06 0 1.36925e-15 0 0.0125124 nan 12
187 148.376 1.85056e-14 0 0 1.85056e-14 155.369 7.03639e+11 3.68823e+10 6.79487e+09 6.50721e+10 1567.11 651794 2.09823e+09 1.51378 0 0 0 1.54759e-06 0 2.31926e-16 0 0.0125328 nan 12
188 155.369 2.88357e-15 0 0 2.88357e-15 162.691 7.25821e+11 3.68823e+10 6.79487e+09 6.83989e+10 1429.59 644939 2.06507e+09 1.61098 0 0 0 2.64828e-07 0 3.61957e-17 0 0.0125524 nan 12
189 162.691 4.1243e-16 0 0 4.1243e-16 170.358 7.4829e+11 3.68823e+10 6.79487e+09 7.18845e+10 1304.54 638288 2.03252e+09 1.7149 0 0 0 4.15949e-08 0 5.18482e-18 0 0.0125714 nan 12
190 170.358 5.39276e-17 0 0 5.39276e-17 178.387 7.71039e+11 3.68823e+10 6.79487e+09 7.55377e+10 1190.86 631856 2.00058e+09 1.82608 0 0 0 5.97218e-09 0 6.78932e-19 0 0.0125897 nan 12
191 178.387 6.41913e-18 0 0 6.41913e-18 186.794 7.9406e+11 3.68823e+10 6.79487e+09 7.93681e+10 1087.52 625656 1.91276e+09 2.00259 0 0 0 7.8056e-10 0 8.09282e-20 0 0.0126073 nan 12
192 186.794 6.92505e-19 0 0 6.92505e-19 195.598 8.17345e+11 3.68823e+10 6.79487e+09 8.33863e+10 993.59 619702 1.89374e+09 2.12179 0 0 0 9.2457e-11 0 8.74245e-21 0 0.0126244 nan 12
193 195.598 6.73968e-20 0 0 6.73968e-20 204.816 8.40886e+11 3.68823e+10 6.79487e+09 8.76033e+10 908.223 614007 1.87467e+09 2.24949 0 0 0 9.87918e-12 0 8.5195e-22 0 0.0126408 nan 12
194 204.816 5.88866e-21 0 0 5.88866e-21 214.469 8.64677e+11 3.68823e+10 6.79487e+09 9.20315e+10 830.637 608582 1.85552e+09 2.38649 0 0 0 9.47639e-13 0 7.45309e-23 0 0.0126567 nan 12
195 214.469 4.59567e-22 0 0 4.59567e-22 224.576 8.88709e+11 3.68823e+10 6.79487e+09 9.66841e+10 760.123 603440 1.83628e+09 2.53373 0 0 0 8.11894e-14 0 5.82362e-24 0 0.012672 nan 12
196 224.576 3.18658e-23 0 0 3.18658e-23 235.16 9.12975e+11 3.68823e+10 6.79487e+09 1.01576e+11 696.032 598592 1.81695e+09 2.69217 0 0 0 6.17988e-15 0 4.04272e-25 0 0.0126867 nan 12
197 235.16 1.9522e-24 0 0 1.9522e-24 246.243 9.37468e+11 3.68823e+10 6.79487e+09 1.06722e+11 637.774 594050 1.79748e+09 2.86298 0 0 0 4.15591e-16 0 2.47948e-26 0 0.0127009 nan 12
198 246.243 1.05054e-25 0 0 1.05054e-25 257.848 9.6218e+11 3.68823e+10 6.79487e+09 1.1214e+11 584.812 589824 1.77788e+09 3.04739 0 0 0 2.45485e-17 0 1.33573e-27 0 0.0127146 nan 12
199 257.848 4.93561e-27 0 0 4.93561e-27 270 9.87105e+11 3.68823e+10 6.79487e+09 1.1214e+11 0 0 0 0 0 0 0 1.26591e-18 0 6.28198e-29 0 0.0127279 nan 12
