0 0.027 0.678764 658.423 0.324981 0.353783 0.0282725 291926 145483 149.977 308.564 3.21184e+06 29983.9 971408 8.92321e-05 1.82979e+13 0 0 31.2108 2872.42 0.141253 12.9999
1 0.0282725 2.38035 656.223 0.769428 1.61092 0.0296049 320056 304469 726.674 352.114 3.10581e+06 30843.8 130932 9.8611e-05 1.86974e+13 0 0 17.6596 1081.89 0.072891 4.46557
2 0.0296049 2.42473 653.952 0.778901 1.64583 0.0310001 350895 478190 1370.8 400.463 3.00311e+06 31727.2 138817 9.96124e-05 1.87007e+13 0 0 19.1963 1173.37 0.072262 4.41703
3 0.0310001 2.46976 651.59 0.788437 1.68132 0.0324611 384703 667983 2090.18 454.136 2.90363e+06 32634.7 147168 0.000108922 1.87038e+13 0 0 20.8679 1272.72 0.0716427 4.36945
4 0.0324611 2.51542 649.138 0.798032 1.71739 0.033991 421766 875304 2893.56 513.717 2.80729e+06 33566.8 156012 0.0001191 1.87066e+13 0 0 22.6865 1380.61 0.071033 4.32278
5 0.033991 2.56172 646.59 0.807682 1.75403 0.0355929 462398 1.10173e+06 3790.65 579.85 2.71398e+06 34524.1 165378 0.000130226 1.87091e+13 0 0 24.665 1497.76 0.0704329 4.27696
6 0.0355929 2.60864 643.946 0.817386 1.79125 0.0372704 506940 1.349e+06 4792.31 653.253 2.62361e+06 35507.3 175296 0.000130263 1.87113e+13 0 0 26.8178 1624.98 0.0698421 4.23195
7 0.0372704 2.65618 641.203 0.82714 1.82904 0.0390269 555769 1.61896e+06 5910.62 734.72 2.53609e+06 36517 185796 0.000140119 1.87132e+13 0 0 29.1604 1763.12 0.0692606 4.1877
8 0.0390269 2.70433 638.357 0.83694 1.86739 0.0408662 609298 1.91365e+06 7159.06 825.13 2.45133e+06 37553.8 196913 0.000150722 1.87146e+13 0 0 31.7095 1913.12 0.0686883 4.14415
9 0.0408662 2.75309 635.406 0.846782 1.90631 0.0427921 667978 2.23528e+06 8552.63 925.46 2.36926e+06 38618.3 208681 0.000162127 1.87157e+13 0 0 34.4837 2075.98 0.0681251 4.10126
10 0.0427921 2.80245 632.346 0.856662 1.94579 0.0448088 732303 2.58624e+06 10108 1036.79 2.28978e+06 39711.3 221139 0.000174396 1.87164e+13 0 0 37.5031 2252.8 0.067571 4.05898
11 0.0448088 2.85239 629.176 0.866576 1.98581 0.0469206 802817 2.96914e+06 11843.9 1160.31 2.21281e+06 40833.3 234324 0.000168282 1.87166e+13 0 0 40.7894 2444.77 0.0670257 4.01727
12 0.0469206 2.90291 625.89 0.876521 2.02639 0.0491319 880114 3.38678e+06 13780.9 1297.37 2.13829e+06 41985.1 248278 0.000177078 1.87164e+13 0 0 44.3668 2653.14 0.0664892 3.97607
13 0.0491319 2.95399 622.488 0.88649 2.0675 0.0514474 964845 3.84223e+06 15942.2 1449.41 2.06612e+06 43167.4 263044 0.000186342 1.87156e+13 0 0 48.261 2879.32 0.0659614 3.93535
14 0.0514474 3.00562 618.967 0.896479 2.10914 0.0538721 1.05772e+06 4.33879e+06 18353.5 1618.08 1.99625e+06 44380.9 278668 0.000196099 1.87144e+13 0 0 52.5007 3124.79 0.0654423 3.89506
15 0.0538721 3.05778 615.322 0.906484 2.1513 0.056411 1.15953e+06 4.88005e+06 21043.2 1805.17 1.92861e+06 45626.2 295199 0.000184099 1.87125e+13 0 0 57.1167 3391.16 0.0649316 3.85515
16 0.056411 3.11047 611.554 0.916498 2.19397 0.0590696 1.27113e+06 5.4699e+06 24043.3 2012.69 1.86311e+06 46904.1 312688 0.000187393 1.87101e+13 0 0 62.1428 3680.17 0.0644294 3.81559
17 0.0590696 3.16366 607.656 0.926516 2.23714 0.0618534 1.39345e+06 6.11254e+06 27389.1 2242.84 1.7997e+06 48215.4 331186 0.000190766 1.87071e+13 0 0 67.6159 3993.71 0.0639355 3.77633
18 0.0618534 3.21733 603.626 0.936533 2.2808 0.0647685 1.52753e+06 6.8125e+06 31119.9 2498.08 1.73832e+06 49560.7 350752 0.000194222 1.87034e+13 0 0 73.5761 4333.78 0.0634498 3.73732
19 0.0647685 3.27147 599.465 0.946541 2.32493 0.0678209 1.67449e+06 7.5747e+06 35279.5 2781.11 1.67889e+06 50940.9 371445 0.000193884 1.8699e+13 0 0 80.0673 4702.57 0.0629722 3.69853
20 0.0678209 3.32605 595.166 0.956536 2.36951 0.0710172 1.83556e+06 8.40445e+06 39916.4 3094.94 1.62136e+06 52356.7 393325 0.00019096 1.86939e+13 0 0 87.1374 5102.44 0.0625026 3.65992
21 0.0710172 3.38106 590.73 0.96651 2.41455 0.0743642 2.01211e+06 9.30747e+06 45084.9 3442.89 1.56568e+06 53808.8 416461 0.000188115 1.8688e+13 0 0 94.8386 5535.89 0.062041 3.62144
22 0.0743642 3.43647 586.154 0.976456 2.46001 0.0778689 2.20561e+06 1.02899e+07 50844.8 3828.64 1.51178e+06 55298.1 440920 0.000185347 1.86814e+13 0 0 103.228 6005.66 0.0615871 3.58306
23 0.0778689 3.49225 581.434 0.986368 2.50589 0.0815387 2.41768e+06 1.13585e+07 57263 4256.25 1.45961e+06 56825.3 466775 0.000195576 1.86739e+13 0 0 112.367 6514.65 0.061141 3.54474
24 0.0815387 3.54839 576.572 0.996238 2.55216 0.0853815 2.65011e+06 1.25204e+07 64413.6 4730.23 1.40911e+06 58391.3 494102 0.000193732 1.86655e+13 0 0 122.324 7066.01 0.0607024 3.50645
25 0.0853815 3.60486 571.562 1.00606 2.5988 0.0894054 2.90485e+06 1.37833e+07 72378.7 5255.56 1.36024e+06 59996.8 522982 0.000191944 1.86562e+13 0 0 133.174 7663.07 0.0602714 3.46814
26 0.0894054 3.66162 566.405 1.01582 2.6458 0.0936189 3.18402e+06 1.51555e+07 81249.9 5837.75 1.31294e+06 61642.7 553499 0.000190208 1.86459e+13 0 0 144.995 8309.46 0.0598478 3.42978
27 0.0936189 3.71866 561.101 1.02552 2.69314 0.0980311 3.48996e+06 1.66461e+07 91128.4 6482.88 1.26717e+06 63329.8 585741 0.00019792 1.86346e+13 0 0 157.878 9009.03 0.0594314 3.39134
28 0.0980311 3.77593 555.643 1.03514 2.74079 0.102651 3.82524e+06 1.82646e+07 102127 7197.7 1.22287e+06 65058.8 619803 0.000202513 1.86223e+13 0 0 171.918 9765.88 0.0590222 3.35278
29 0.102651 3.83342 550.037 1.04468 2.78874 0.107489 4.19265e+06 2.00213e+07 114370 7989.66 1.18001e+06 66830.7 655780 0.000207241 1.86088e+13 0 0 187.221 10584.4 0.0586201 3.31407
30 0.107489 3.89108 544.279 1.05413 2.83695 0.112555 4.59527e+06 2.19273e+07 127996 8866.99 1.13854e+06 68646.3 693776 0.000212105 1.85943e+13 0 0 203.899 11469.4 0.058225 3.27518
31 0.112555 3.9489 538.368 1.06349 2.88541 0.117859 5.03646e+06 2.39945e+07 143159 9838.8 1.09841e+06 70506.3 733899 0.000217114 1.85785e+13 0 0 222.08 12425.8 0.0578367 3.23607
32 0.117859 4.00682 532.306 1.07273 2.93409 0.123414 5.51989e+06 2.62356e+07 160029 10915.1 1.05958e+06 72411.7 776261 0.000234647 1.85615e+13 0 0 241.9 13459 0.0574552 3.19673
33 0.123414 4.06482 526.093 1.08185 2.98297 0.12923 6.0496e+06 2.86643e+07 178794 12107.1 1.02202e+06 74363.3 820980 0.000249487 1.85432e+13 0 0 263.507 14574.6 0.0570802 3.15712
34 0.12923 4.12286 519.73 1.09084 3.03202 0.135321 6.63e+06 3.12951e+07 199663 13427.1 985684 76361.9 868180 0.000265277 1.85235e+13 0 0 287.065 15778.8 0.0567118 3.11722
35 0.135321 4.18091 513.216 1.0997 3.08121 0.141698 7.26591e+06 3.41435e+07 222868 14888.5 950532 78408.4 917991 0.000282076 1.85024e+13 0 0 312.751 17077.8 0.0563497 3.07699
36 0.141698 4.23892 506.556 1.1084 3.13052 0.148376 7.96263e+06 3.72262e+07 248664 16506.5 916528 80503.7 970549 0.000297442 1.84799e+13 0 0 340.759 18478.6 0.0559939 3.03643
37 0.148376 4.29687 499.748 1.11695 3.17992 0.155369 8.72593e+06 4.05609e+07 277336 18297.4 883638 82648.4 1.026e+06 0.000324954 1.84558e+13 0 0 371.302 19988.3 0.0556443 2.9955
38 0.155369 4.35471 492.795 1.12533 3.22938 0.162691 9.56215e+06 4.41665e+07 309198 20279.7 851826 84843.6 1.08448e+06 0.000354997 1.84302e+13 0 0 404.61 21614.5 0.0553006 2.95419
39 0.162691 4.4124 485.699 1.13353 3.27887 0.170358 1.04782e+07 4.8063e+07 344596 22473.5 821060 87090 1.14616e+06 0.000387805 1.84029e+13 0 0 440.936 23365.2 0.0549629 2.91248
40 0.170358 4.4699 478.464 1.14153 3.32837 0.178387 1.14817e+07 5.22718e+07 383915 24901 791306 89388.4 1.2112e+06 0.000396876 1.83739e+13 0 0 480.556 25248.9 0.0546308 2.87036
41 0.178387 4.52718 471.093 1.14934 3.37784 0.186794 1.2581e+07 5.68155e+07 427580 27586.8 762533 91739.7 1.27977e+06 0.000438137 1.83431e+13 0 0 523.772 27274.5 0.0543045 2.82781
42 0.186794 4.58419 463.588 1.15693 3.42726 0.195598 1.3785e+07 6.17183e+07 476061 30558 734711 94144.7 1.35204e+06 0.00048365 1.83105e+13 0 0 570.911 29451.2 0.0539836 2.78482
43 0.195598 4.64089 455.955 1.1643 3.4766 0.204816 1.51037e+07 6.70055e+07 529877 33844.5 707809 96604.1 1.4282e+06 0.000533852 1.8276e+13 0 0 622.332 31789 0.053668 2.74138
44 0.204816 4.69725 448.195 1.17142 3.52582 0.214469 1.65481e+07 7.27042e+07 589601 37479.2 681799 99118.8 1.50844e+06 0.000589214 1.82395e+13 0 0 678.428 34297.7 0.0533577 2.69748
45 0.214469 4.75321 440.315 1.17831 3.5749 0.224576 1.81299e+07 7.88428e+07 655867 41498.5 656654 101690 1.59297e+06 0.000576372 1.82009e+13 0 0 739.626 36988.3 0.0530524 2.65312
46 0.224576 4.80874 432.318 1.18493 3.62381 0.23516 1.98622e+07 8.54514e+07 729376 45942.5 632346 104317 1.682e+06 0.000626518 1.81603e+13 0 0 806.393 39871.7 0.0527521 2.6083
47 0.23516 4.8638 424.208 1.19127 3.67252 0.246243 2.17591e+07 9.25616e+07 810899 50855.2 608849 107002 1.77575e+06 0.000681003 1.81174e+13 0 0 879.239 42959.1 0.0524566 2.563
48 0.246243 4.91834 415.998 1.19734 3.721 0.257848 2.38362e+07 1.00207e+08 901290 56285.4 586138 109745 1.87444e+06 0.000740208 1.80722e+13 0 0 958.721 46263.2 0.0521658 2.51727
49 0.257848 4.97232 407.683 1.2031 3.76922 0.27 2.61105e+07 1.08422e+08 1.00149e+06 62286.6 564188 112547 1.97832e+06 0.000752381 1.80247e+13 0 0 1045.45 49795.2 0.0518794 2.47105
50 0.27 5.02571 399.272 1.20856 3.81716 0.282725 2.86004e+07 1.17245e+08 1.11254e+06 68917.9 542975 115409 2.08762e+06 0.00081382 1.79747e+13 0 0 1140.08 53567.8 0.0515974 2.42436
51 0.282725 5.07846 390.77 1.21369 3.86477 0.296049 3.13264e+07 1.26712e+08 1.23557e+06 76244.2 522476 118330 2.20261e+06 0.000880264 1.79221e+13 0 0 1243.34 57593.6 0.0513195 2.37721
52 0.296049 5.13053 382.186 1.21849 3.91205 0.310001 3.43104e+07 1.36865e+08 1.37187e+06 84336.9 502669 121313 2.32356e+06 0.000952126 1.7867e+13 0 0 1356.02 61885.8 0.0510457 2.32962
53 0.310001 5.18189 373.515 1.22294 3.95895 0.324611 3.75767e+07 1.47744e+08 1.5228e+06 93274.9 483532 124357 2.45074e+06 0.00102984 1.78091e+13 0 0 1478.98 66455.4 0.0507758 2.28152
54 0.324611 5.23248 364.624 1.22702 4.00546 0.33991 4.11518e+07 1.5939e+08 1.68992e+06 103145 465045 127462 2.58444e+06 0.00101697 1.77484e+13 0 0 1613.17 71286.5 0.0505096 2.23203
55 0.33991 5.28228 355.578 1.23074 4.05154 0.355929 4.50645e+07 1.71842e+08 1.8749e+06 114042 447185 130630 2.72496e+06 0.00109458 1.76847e+13 0 0 1759.61 76394.3 0.0502469 2.18149
56 0.355929 5.33124 346.482 1.23407 4.09717 0.372704 4.93463e+07 1.85146e+08 2.07961e+06 126070 429935 133861 2.8726e+06 0.00117812 1.76181e+13 0 0 1919.42 81807.9 0.0499877 2.13054
57 0.372704 5.37932 337.359 1.23699 4.14233 0.390269 5.40316e+07 1.99349e+08 2.30609e+06 139346 413274 137155 3.02768e+06 0.00126804 1.75483e+13 0 0 2093.82 87542.9 0.0497316 2.07929
58 0.390269 5.4265 328.203 1.23951 4.18699 0.408662 5.91579e+07 2.14501e+08 2.5566e+06 153995 397185 140512 3.19054e+06 0.00136485 1.74753e+13 0 0 2284.15 93605.8 0.0494787 2.02767
59 0.408662 5.47272 319.037 1.24159 4.23113 0.427921 6.47663e+07 2.3065e+08 2.83362e+06 170156 381648 143933 3.36151e+06 0.00133421 1.7399e+13 0 0 2491.86 100012 0.0492286 1.97581
60 0.427921 5.51796 309.859 1.24324 4.27473 0.448088 7.09013e+07 2.47847e+08 3.13987e+06 187983 366647 147418 3.54095e+06 0.00142212 1.73192e+13 0 0 2718.54 106767 0.0489812 1.92368
61 0.448088 5.56219 300.688 1.24443 4.31776 0.469206 7.76118e+07 2.66146e+08 3.47837e+06 207642 352165 150967 3.72922e+06 0.00151592 1.72359e+13 0 0 2965.92 113885 0.0487364 1.87138
62 0.469206 5.60536 291.535 1.24515 4.36021 0.491319 8.49509e+07 2.856e+08 3.8524e+06 229317 338186 154581 3.92669e+06 0.00161602 1.71489e+13 0 0 3235.89 121374 0.0484939 1.81895
63 0.491319 5.64745 282.402 1.2454 4.40205 0.514474 9.29765e+07 3.06262e+08 4.2656e+06 253211 324692 158258 4.13375e+06 0.00172286 1.7058e+13 0 0 3530.5 129240 0.0482536 1.7664
64 0.514474 5.68842 273.311 1.24515 4.44327 0.538721 1.01752e+08 3.28188e+08 4.72195e+06 279545 311670 162000 4.35078e+06 0.0017654 1.69633e+13 0 0 3852 137493 0.0480153 1.71386
65 0.538721 5.72824 264.266 1.24439 4.48384 0.56411 1.11346e+08 3.51434e+08 5.22583e+06 308561 299104 165806 4.57819e+06 0.00189155 1.68646e+13 0 0 4202.84 146137 0.0477789 1.66132
66 0.56411 5.76688 255.279 1.24311 4.52377 0.590696 1.21833e+08 3.76056e+08 5.78205e+06 340525 286980 169676 4.81641e+06 0.00202681 1.67616e+13 0 0 4585.67 155178 0.0475441 1.60888
67 0.590696 5.80432 246.359 1.2413 4.56302 0.618534 1.33295e+08 4.0211e+08 6.3959e+06 375730 275283 173609 5.06584e+06 0.00217183 1.66544e+13 0 0 5003.41 164617 0.0473107 1.55657
68 0.618534 5.84052 237.52 1.23894 4.60158 0.647685 1.45821e+08 4.29653e+08 7.07316e+06 414493 264001 177605 5.32693e+06 0.00232735 1.65428e+13 0 0 5459.22 174457 0.0470787 1.50447
69 0.647685 5.87546 228.768 1.23602 4.63944 0.678209 1.59508e+08 4.5874e+08 7.82021e+06 457165 253119 181664 5.60011e+06 0.0023759 1.64266e+13 0 0 5956.56 184696 0.0468477 1.45261
70 0.678209 5.90912 220.113 1.23253 4.67659 0.710172 1.7446e+08 4.89427e+08 8.64402e+06 504127 242626 185784 5.88584e+06 0.00253488 1.63057e+13 0 0 6499.16 195330 0.0466177 1.40108
71 0.710172 5.94147 211.569 1.22845 4.71302 0.743642 1.90793e+08 5.21768e+08 9.55226e+06 555799 232508 189966 6.18457e+06 0.00270473 1.61801e+13 0 0 7091.14 206358 0.0463884 1.34994
72 0.743642 5.97249 203.138 1.22378 4.74871 0.778689 2.08629e+08 5.55816e+08 1.05533e+07 612637 222754 194209 6.49677e+06 0.00288621 1.60494e+13 0 0 7736.94 217765 0.0461597 1.29921
73 0.778689 6.00216 194.835 1.21849 4.78367 0.815387 2.28105e+08 5.91624e+08 1.16564e+07 675142 213353 198511 6.82291e+06 0.00308014 1.59138e+13 0 0 8441.42 229547 0.0459313 1.24901
74 0.815387 6.03045 186.664 1.21258 4.81787 0.853815 2.49368e+08 6.29239e+08 1.28716e+07 743859 204292 202871 7.16346e+06 0.00325845 1.57729e+13 0 0 9209.86 241685 0.0457032 1.19934
75 0.853815 6.05736 178.638 1.20604 4.85132 0.894054 2.72575e+08 6.6871e+08 1.42101e+07 819386 195561 207288 7.51891e+06 0.00353848 1.56266e+13 0 0 10048 254168 0.045475 1.15031
76 0.894054 6.08285 170.759 1.19885 4.884 0.936189 2.97901e+08 7.10081e+08 1.56838e+07 902372 187150 211761 7.88973e+06 0.00384237 1.5475e+13 0 0 10962.1 266969 0.0452468 1.10193
77 0.936189 6.10693 163.039 1.19101 4.91592 0.980311 3.25532e+08 7.53392e+08 1.73061e+07 993528 179048 216288 8.2764e+06 0.0041721 1.53177e+13 0 0 11959 280071 0.0450182 1.0543
78 0.980311 6.12957 155.482 1.1825 4.94707 1.02651 3.55672e+08 7.9868e+08 1.90915e+07 1.09363e+06 171246 220867 8.67943e+06 0.00452984 1.51547e+13 0 0 13046 293442 0.0447891 1.00743
79 1.02651 6.15076 148.096 1.17332 4.97744 1.07489 3.88541e+08 8.45979e+08 2.10559e+07 1.20352e+06 163733 225497 9.09927e+06 0.0048663 1.49859e+13 0 0 14231.3 307056 0.0445594 0.961415
80 1.07489 6.1705 140.886 1.16346 5.00704 1.12555 4.24378e+08 8.95316e+08 2.32168e+07 1.32411e+06 156500 230177 9.53643e+06 0.0054594 1.48112e+13 0 0 15523.6 320873 0.0443288 0.916277
81 1.12555 6.18876 133.858 1.1529 5.03586 1.17859 4.63441e+08 9.46715e+08 2.55931e+07 1.45641e+06 149538 234902 9.99136e+06 0.00612231 1.46304e+13 0 0 16932.4 334859 0.0440973 0.872079
82 1.17859 6.20555 127.017 1.14165 5.0639 1.23414 5.06009e+08 1.00019e+09 2.82058e+07 1.60151e+06 142840 239672 1.04645e+07 0.00686281 1.44435e+13 0 0 18468.1 348970 0.0438647 0.82886
83 1.23414 6.22086 120.367 1.12969 5.09117 1.2923 5.52383e+08 1.05576e+09 3.10776e+07 1.76059e+06 136395 244484 1.09564e+07 0.00768963 1.42504e+13 0 0 20141.9 363158 0.0436309 0.786664
84 1.2923 6.23469 113.912 1.11702 5.11767 1.35321 6.02891e+08 1.11342e+09 3.42335e+07 1.93494e+06 130196 249335 1.14675e+07 0.00861225 1.4051e+13 0 0 21966.1 377376 0.0433957 0.745534
85 1.35321 6.24703 107.654 1.10364 5.14339 1.41698 6.57885e+08 1.17317e+09 3.77007e+07 2.12595e+06 124234 254222 1.19981e+07 0.00997613 1.38451e+13 0 0 23954 391565 0.043159 0.7055
86 1.41698 6.25788 101.597 1.08954 5.16834 1.48376 7.17744e+08 1.235e+09 4.1509e+07 2.33514e+06 118503 259142 1.25488e+07 0.0113791 1.36328e+13 0 0 26120 405665 0.0429207 0.666593
87 1.48376 6.26725 95.7408 1.07473 5.19252 1.55369 7.82879e+08 1.29888e+09 4.5691e+07 2.56416e+06 112994 264092 1.31198e+07 0.0129699 1.34141e+13 0 0 28479.9 419606 0.0426807 0.628833
88 1.55369 6.27515 90.086 1.0592 5.21595 1.62691 8.53731e+08 1.36479e+09 5.02823e+07 2.81479e+06 107701 269069 1.37117e+07 0.0147725 1.31888e+13 0 0 31050.6 433286 0.0424389 0.5922
89 1.62691 6.28138 84.6302 1.04306 5.23831 1.70358 9.30776e+08 1.43269e+09 5.53215e+07 3.08897e+06 102615 274069 1.43247e+07 0.0168128 1.29588e+13 0 0 33852.7 446496 0.0421975 0.556559
90 1.70358 6.2941 79.3711 1.02767 5.26643 1.78387 1.01453e+09 1.50251e+09 6.0858e+07 3.38878e+06 97731.5 279088 1.49591e+07 0.0191203 1.27301e+13 0 0 36896.7 458992 0.0419451 0.521794
91 1.78387 6.35662 74.3048 1.01154 5.34508 1.86794 1.10553e+09 1.57417e+09 6.69891e+07 3.71649e+06 93042.3 284122 1.3871e+07 0.0236258 1.24209e+13 0 0 40040.1 470722 0.0415134 0.488042
92 1.86794 6.40659 69.4304 0.997883 5.40871 1.95598 1.20438e+09 1.6476e+09 7.37644e+07 4.07456e+06 88541.3 289167 1.34894e+07 0.0265441 1.21674e+13 0 0 43537.8 481677 0.041168 0.455459
93 1.95598 6.44974 64.7616 0.983037 5.4667 2.04816 1.3117e+09 1.7227e+09 8.12435e+07 4.46562e+06 84222.3 294218 1.31213e+07 0.0298034 1.19109e+13 0 0 47355.7 491906 0.0408381 0.424205
94 2.04816 6.48856 60.3097 0.967721 5.52084 2.14469 1.42819e+09 1.79938e+09 8.94935e+07 4.89253e+06 80079.3 299271 1.27661e+07 0.0334408 1.16572e+13 0 0 51524.2 501489 0.0405233 0.394416
95 2.14469 6.52759 56.0707 0.95296 5.57463 2.24576 1.55456e+09 1.87755e+09 9.85939e+07 5.35837e+06 76106.4 304321 1.24236e+07 0.0374965 1.14133e+13 0 0 56073.8 510356 0.0402211 0.366072
96 2.24576 6.57068 52.04 0.937378 5.6333 2.3516 1.69159e+09 1.9571e+09 1.08638e+08 5.86646e+06 72297.9 309363 1.20931e+07 0.0420149 1.11566e+13 0 0 60997.7 518462 0.0399031 0.339164
97 2.3516 6.60392 48.2146 0.915691 5.68823 2.46243 1.84012e+09 2.03792e+09 1.19707e+08 6.42037e+06 68648.2 314392 1.17743e+07 0.0470446 1.08364e+13 0 0 66288.3 525738 0.0395485 0.313663
98 2.46243 6.61671 44.5912 0.890673 5.72604 2.57848 2.00103e+09 2.11987e+09 1.31868e+08 7.02397e+06 65152 319402 1.06002e+07 0.0569418 1.0501e+13 0 0 72079.4 532103 0.0392197 0.289527
99 2.57848 6.62197 41.1632 0.868144 5.75383 2.7 2.17527e+09 2.20282e+09 1.45212e+08 7.68137e+06 61804.1 324387 1.04872e+07 0.0626865 1.0208e+13 0 0 78479.4 537455 0.0389448 0.266708
100 2.7 6.62455 37.9254 0.844897 5.77966 2.82725 2.36386e+09 2.28662e+09 1.59849e+08 8.39703e+06 58599.4 329342 1.03747e+07 0.0689818 9.91034e+12 0 0 85447.8 541704 0.0386718 0.245163
101 2.82725 6.62485 34.8723 0.821004 5.80385 2.96049 2.56785e+09 2.3711e+09 1.75899e+08 9.17573e+06 55533 334261 1.02627e+07 0.075876 9.60827e+12 0 0 93033.8 544761 0.0384003 0.224854
102 2.96049 6.62318 31.9982 0.796471 5.82671 3.10001 2.7884e+09 2.45611e+09 1.93494e+08 1.00226e+07 52600.1 339138 1.01513e+07 0.0834221 9.30145e+12 0 0 101289 546537 0.0381291 0.205737
103 3.10001 6.61963 29.2977 0.771229 5.8484 3.24611 3.02672e+09 2.54144e+09 2.12775e+08 1.0943e+07 49796 343966 1.00403e+07 0.0916775 8.98881e+12 0 0 110270 546956 0.0378573 0.187778
104 3.24611 6.61364 26.765 0.745063 5.86857 3.3991 3.28408e+09 2.62692e+09 2.33898e+08 1.1943e+07 47116.4 348738 9.92989e+06 0.100703 8.66811e+12 0 0 120034 545939 0.0375836 0.170938
105 3.3991 6.60386 24.3949 0.717823 5.88604 3.55929 3.56184e+09 2.71235e+09 2.57024e+08 1.30288e+07 44556.8 353450 9.81996e+06 0.110566 8.3386e+12 0 0 130654 543439 0.0373092 0.155183
106 3.55929 6.59014 22.1817 0.690452 5.89969 3.72704 3.86145e+09 2.79753e+09 2.82329e+08 1.4207e+07 42113 358093 9.58566e+06 0.122916 8.01181e+12 0 0 142242 539450 0.0370444 0.14049
107 3.72704 6.57489 20.1189 0.663082 5.91181 3.90269 4.1844e+09 2.88223e+09 3.10011e+08 1.54849e+07 39780.8 362661 9.59904e+06 0.133125 7.68695e+12 0 0 154871 533913 0.0367845 0.126813
108 3.90269 6.55858 18.1997 0.63547 5.92311 4.08662 4.5323e+09 2.96625e+09 3.40288e+08 1.687e+07 37556.2 367147 9.60805e+06 0.144166 7.3605e+12 0 0 168618 526768 0.0365256 0.114107
109 4.08662 6.54137 16.4177 0.607691 5.93368 4.27921 4.90682e+09 3.04935e+09 3.73399e+08 1.83706e+07 35435.4 371544 9.61255e+06 0.156104 7.03318e+12 0 0 183582 517968 0.036268 0.102328
110 4.27921 6.52343 14.7665 0.57981 5.94362 4.48088 5.30973e+09 3.13131e+09 4.09605e+08 1.99952e+07 33414.5 375845 9.6125e+06 0.169011 6.70559e+12 0 0 199873 507471 0.036012 0.0914334
111 4.48088 6.50483 13.2402 0.551858 5.95297 4.69206 5.74286e+09 3.21188e+09 4.49191e+08 2.17531e+07 31489.9 380043 9.60784e+06 0.182962 6.37801e+12 0 0 217609 495248 0.0357577 0.0813798
112 4.69206 6.48568 11.8325 0.523906 5.96178 4.91319 6.20815e+09 3.29084e+09 4.92469e+08 2.36539e+07 29658 384131 9.59847e+06 0.198041 6.05115e+12 0 0 236919 481265 0.0355054 0.0721237
113 4.91319 6.46591 10.5376 0.495963 5.96995 5.14474 6.70761e+09 3.36794e+09 5.39777e+08 2.57082e+07 27915.2 388102 9.58436e+06 0.214335 5.72515e+12 0 0 257947 465492 0.0352553 0.0636217
114 5.14474 6.44516 9.34934 0.468072 5.97709 5.38721 7.24336e+09 3.44294e+09 5.91483e+08 2.79268e+07 26258.4 391949 9.56541e+06 0.231942 5.40065e+12 0 0 280853 447878 0.0350084 0.0558282
115 5.38721 6.4238 8.2619 0.440272 5.98353 5.6411 7.81756e+09 3.51562e+09 6.4799e+08 3.03214e+07 24684 395666 9.54158e+06 0.250963 5.07784e+12 0 0 305801 428273 0.0347643 0.0486872
116 5.6411 6.39908 7.26819 0.412 5.98708 5.90696 8.4325e+09 3.58572e+09 7.09709e+08 3.29043e+07 23189 399245 9.32053e+06 0.277113 4.75132e+12 0 0 332967 405571 0.0345219 0.0420494
117 5.90696 6.56474 6.24199 0.372991 6.19175 6.18534 9.09053e+09 3.65173e+09 7.79136e+08 3.56883e+07 21770.2 402679 9.33549e+06 0.298222 4.20909e+12 0 0 358081 346598 0.033859 0.0327733
118 6.18534 3.56251 5.82336 0.16481 3.3977 6.47685 9.79408e+09 3.71926e+09 8.20446e+08 3.86873e+07 20424.6 405963 9.34299e+06 0.320983 2.756e+12 0 0 437572 295142 0.0377348 0.0254521
119 6.47685 52.0117 0.00987125 0 52.0117 6.78209 1.05456e+10 3.71939e+09 1.48176e+09 4.19155e+07 19149.2 409090 9.34296e+06 0.345527 0 0 0 254997 0 0.0200553 0
120 6.78209 45.5987 0 0 45.5987 7.10172 1.13478e+10 3.71939e+09 2.11747e+09 4.53882e+07 17941.2 412053 9.33525e+06 0.371999 0 0 0 252575 0 0.0181169 0
121 7.10172 39.8368 0 0 39.8368 7.43642 1.22033e+10 3.71939e+09 2.72643e+09 4.91213e+07 16797.9 414847 9.31984e+06 0.400555 0 0 0 249982 0 0.0163532 0
122 7.43642 34.6767 0 0 34.6767 7.78689 1.31147e+10 3.71939e+09 3.30766e+09 5.31316e+07 15716.5 417467 9.29672e+06 0.431361 0 0 0 247245 0 0.014751 0
123 7.78689 30.0708 0 0 30.0708 8.15387 1.40848e+10 3.71939e+09 3.86031e+09 5.74365e+07 14694.3 419906 9.2658e+06 0.464604 0 0 0 244354 0 0.0132957 0
124 8.15387 25.9741 0 0 25.9741 8.53815 1.51165e+10 3.71939e+09 4.38372e+09 6.20545e+07 13729 422160 9.22714e+06 0.500479 0 0 0 241330 0 0.0119758 0
125 8.53815 22.3434 0 0 22.3434 8.94054 1.62127e+10 3.71939e+09 4.87742e+09 6.70048e+07 12817.8 424224 9.18079e+06 0.539201 0 0 0 238183 0 0.0107796 0
126 8.94054 19.138 0 0 19.138 9.36189 1.73762e+10 3.71939e+09 5.34108e+09 7.23074e+07 11958.6 426093 9.1268e+06 0.581001 0 0 0 234912 0 0.00969615 0
127 9.36189 16.3193 0 0 16.3193 9.80311 1.86099e+10 3.71939e+09 5.7746e+09 7.79835e+07 11148.9 427765 9.06525e+06 0.626132 0 0 0 231549 0 0.00871639 0
128 9.80311 13.851 0 0 13.851 10.2651 1.99169e+10 3.71939e+09 6.17805e+09 8.40548e+07 10386.4 429235 8.99627e+06 0.674868 0 0 0 228089 0 0.00783064 0
129 10.2651 11.6988 0 0 11.6988 10.7489 2.13e+10 3.71939e+09 6.55168e+09 9.05441e+07 9669.04 430501 8.91994e+06 0.727507 0 0 0 224522 0 0.00702994 0
130 10.7489 9.83087 0 0 9.83087 11.2555 2.27623e+10 3.71939e+09 6.89595e+09 9.74751e+07 8994.62 431559 8.83655e+06 0.78436 0 0 0 220855 0 0.00630668 0
131 11.2555 8.21734 0 0 8.21734 11.7859 2.43068e+10 3.71939e+09 7.21148e+09 1.04873e+08 8361.09 432408 8.74618e+06 0.845786 0 0 0 217093 0 0.0056538 0
132 11.7859 6.83054 0 0 6.83054 12.3414 2.59362e+10 3.71939e+09 7.49906e+09 1.12762e+08 7766.47 433046 8.64911e+06 0.912153 0 0 0 213232 0 0.00506461 0
133 12.3414 5.64485 0 0 5.64485 12.923 2.76536e+10 3.71939e+09 7.75965e+09 1.2117e+08 7208.83 433473 8.54556e+06 0.983875 0 0 0 209296 0 0.00453371 0
134 12.923 4.63668 0 0 4.63668 13.5321 2.94618e+10 3.71939e+09 7.99435e+09 1.30123e+08 6686.31 433687 8.43582e+06 1.06139 0 0 0 205275 0 0.00405536 0
135 13.5321 3.78439 0 0 3.78439 14.1698 3.13636e+10 3.71939e+09 8.20439e+09 1.39651e+08 6197.11 433688 8.32014e+06 1.14518 0 0 0 201183 0 0.0036248 0
136 14.1698 3.06824 0 0 3.06824 14.8376 3.33618e+10 3.71939e+09 8.39111e+09 1.49783e+08 5739.49 433478 8.19882e+06 1.23577 0 0 0 197002 0 0.00323716 0
137 14.8376 2.47032 0 0 2.47032 15.5369 3.5459e+10 3.71939e+09 8.55595e+09 1.60549e+08 5311.78 433057 8.07219e+06 1.33372 0 0 0 192744 0 0.00288851 0
138 15.5369 1.97443 0 0 1.97443 16.2691 3.76578e+10 3.71939e+09 8.70041e+09 1.71981e+08 4912.38 432427 7.94059e+06 1.43964 0 0 0 188407 0 0.00257508 0
139 16.2691 1.56606 0 0 1.56606 17.0358 3.99607e+10 3.71939e+09 8.82605e+09 1.8411e+08 4539.73 431590 7.80438e+06 1.5542 0 0 0 183995 0 0.0022935 0
140 17.0358 1.23223 0 0 1.23223 17.8387 4.237e+10 3.71939e+09 8.93444e+09 1.96971e+08 4192.35 430550 7.66392e+06 1.67812 0 0 0 179546 0 0.00204113 0
141 17.8387 0.961446 0 0 0.961446 18.6794 4.4888e+10 3.71939e+09 9.02717e+09 2.10598e+08 3868.8 429308 7.5196e+06 1.81216 0 0 0 174967 0 0.00181405 0
142 18.6794 0.743595 0 0 0.743595 19.5598 4.75169e+10 3.71939e+09 9.10581e+09 2.25026e+08 3567.71 427870 7.37176e+06 1.95719 0 0 0 170340 0 0.00161068 0
143 19.5598 0.569827 0 0 0.569827 20.4816 5.02585e+10 3.71939e+09 9.17189e+09 2.40292e+08 3287.77 426239 7.2208e+06 2.11413 0 0 0 165554 0 0.00142769 0
144 20.4816 0.432466 0 0 0.432466 21.4469 5.31149e+10 3.71939e+09 9.22688e+09 2.56433e+08 3027.72 424420 7.0671e+06 2.28397 0 0 0 160707 0 0.00126394 0
145 21.4469 0.324908 0 0 0.324908 22.4576 5.60875e+10 3.71939e+09 9.27217e+09 2.73488e+08 2786.36 422418 6.91111e+06 2.46777 0 0 0 155753 0 0.0011172 0
146 22.4576 0.241523 0 0 0.241523 23.516 5.9178e+10 3.71939e+09 9.30909e+09 2.91497e+08 2562.53 420240 6.75314e+06 2.66673 0 0 0 150723 0 0.000985994 0
147 23.516 0.177552 0 0 0.177552 24.6243 6.23878e+10 3.71939e+09 9.33885e+09 3.105e+08 2355.15 417892 6.59363e+06 2.8821 0 0 0 145719 0 0.000869379 0
148 24.6243 0.129011 0 0 0.129011 25.7848 6.5718e+10 3.71939e+09 9.36256e+09 3.3054e+08 2163.17 415380 6.43297e+06 3.11526 0 0 0 140751 0 0.000765854 0
149 25.7848 0.0926014 0 0 0.0926014 27 6.91696e+10 3.71939e+09 9.38123e+09 3.51661e+08 1985.59 412710 6.27149e+06 3.36771 0 0 0 135896 0 0.000674371 0
150 27 0.0656214 0 0 0.0656214 28.2725 7.27436e+10 3.71939e+09 9.39572e+09 3.73906e+08 1821.49 409892 6.10963e+06 3.64105 0 0 0 130940 0 0.000592606 0
151 28.2725 0.045882 0 0 0.045882 29.6049 7.64405e+10 3.71939e+09 9.40684e+09 3.97323e+08 1669.95 406931 5.94769e+06 3.93705 0 0 0 126127 0 0.000520598 0
152 29.6049 0.0316321 0 0 0.0316321 31.0001 8.02608e+10 3.71939e+09 9.41524e+09 4.21958e+08 1530.14 403837 5.78602e+06 4.25762 0 0 0 121334 0 0.000456746 0
153 31.0001 0.0214886 0 0 0.0214886 32.4611 8.42049e+10 3.71939e+09 9.4215e+09 4.47859e+08 1401.25 400617 5.62501e+06 4.60478 0 0 0 116542 0 0.000400108 0
154 32.4611 0.0143739 0 0 0.0143739 33.991 8.82729e+10 3.71939e+09 9.42609e+09 4.75079e+08 1282.53 397280 5.59427e+06 4.86564 0 0 0 111847 0 0.000350202 0
155 33.991 0.00946039 0 0 0.00946039 35.5929 9.24647e+10 3.71939e+09 9.42941e+09 5.03669e+08 1173.26 393835 5.46013e+06 5.23608 0 0 0 107237 0 0.000306224 0
156 35.5929 0.00612169 0 0 0.00612169 37.2704 9.67802e+10 3.71939e+09 9.43176e+09 5.33683e+08 1072.76 390290 5.32711e+06 5.63414 0 0 0 102670 0 0.000267384 0
157 37.2704 0.00389143 0 0 0.00389143 39.0269 1.01219e+11 3.71939e+09 9.4334e+09 5.65176e+08 980.412 386655 5.19537e+06 6.06189 0 0 0 98106.5 0 0.000233019 0
158 39.0269 0.00242803 0 0 0.00242803 40.8662 1.0578e+11 3.71939e+09 9.43452e+09 5.98208e+08 895.606 382939 5.06504e+06 6.52153 0 0 0 93659.9 0 0.000202884 0
159 40.8662 0.00148565 0 0 0.00148565 42.7921 1.10464e+11 3.71939e+09 9.43527e+09 6.32838e+08 817.788 379151 4.9363e+06 7.01543 0 0 0 89304.2 0 0.000176427 0
160 42.7921 0.000890624 0 0 0.000890624 44.8088 1.15268e+11 3.71939e+09 9.43576e+09 6.6913e+08 746.432 375300 4.8093e+06 7.54612 0 0 0 85004.7 0 0.000153157 0
161 44.8088 0.000522591 0 0 0.000522591 46.9206 1.20193e+11 3.71939e+09 9.43608e+09 7.07148e+08 681.048 371396 4.68416e+06 8.11635 0 0 0 80966.3 0 0.000133045 0
162 46.9206 0.00029983 0 0 0.00029983 49.1319 1.25236e+11 3.71939e+09 9.43628e+09 7.46962e+08 621.176 367447 4.56102e+06 8.72908 0 0 0 76963.5 0 0.00011534 0
163 49.1319 0.000168023 0 0 0.000168023 51.4474 1.30397e+11 3.71939e+09 9.4364e+09 7.88642e+08 566.389 363464 4.43998e+06 9.38748 0 0 0 73116.4 0 9.99328e-05 0
164 51.4474 9.18665e-05 0 0 9.18665e-05 53.8721 1.35675e+11 3.71939e+09 9.43648e+09 8.32264e+08 516.286 359455 4.32117e+06 10.095 0 0 0 69102.1 0 8.6136e-05 0
165 53.8721 4.89473e-05 0 0 4.89473e-05 56.411 1.41067e+11 3.71939e+09 9.43652e+09 8.77906e+08 470.494 355430 4.20469e+06 10.8551 0 0 0 65064.4 0 7.39668e-05 0
166 56.411 2.53834e-05 0 0 2.53834e-05 59.0696 1.46572e+11 3.71939e+09 9.43655e+09 9.25653e+08 428.669 351398 4.22284e+06 11.3066 0 0 0 61241.3 0 6.34948e-05 0
167 59.0696 1.27956e-05 0 0 1.27956e-05 61.8534 1.52189e+11 3.71939e+09 9.43656e+09 9.7559e+08 390.487 347368 4.1553e+06 12.0177 0 0 0 57444.1 0 5.43174e-05 0
168 61.8534 6.26152e-06 0 0 6.26152e-06 64.7685 1.57915e+11 3.71939e+09 9.43657e+09 1.02781e+09 355.652 343348 4.08875e+06 12.7717 0 0 0 53678.8 0 4.6291e-05 0
169 64.7685 2.97022e-06 0 0 2.97022e-06 67.8209 1.63749e+11 3.71939e+09 9.43657e+09 1.08241e+09 323.884 339348 4.02323e+06 13.5716 0 0 0 49958.6 0 3.9292e-05 0
170 67.8209 1.36379e-06 0 0 1.36379e-06 71.0172 1.69688e+11 3.71939e+09 9.43657e+09 1.1395e+09 294.93 335375 3.95869e+06 14.4206 0 0 0 46302.3 0 3.3212e-05 0
171 71.0172 6.05182e-07 0 0 6.05182e-07 74.3642 1.75731e+11 3.71939e+09 9.43657e+09 1.19918e+09 268.552 331439 3.89515e+06 15.3221 0 0 0 42755.9 0 2.79698e-05 0
172 74.3642 2.59118e-07 0 0 2.59118e-07 77.8689 1.81876e+11 3.71939e+09 9.43657e+09 1.26158e+09 244.531 327547 3.83266e+06 16.2798 0 0 0 39539.8 0 2.359e-05 0
173 77.8689 1.06868e-07 0 0 1.06868e-07 81.5387 1.88119e+11 3.71939e+09 9.43657e+09 1.32681e+09 222.666 323708 3.77117e+06 17.2979 0 0 0 36234 0 1.97156e-05 0
174 81.5387 4.23799e-08 0 0 4.23799e-08 85.3815 1.9446e+11 3.71939e+09 9.43657e+09 1.39501e+09 202.77 319929 3.71069e+06 18.3808 0 0 0 33158.5 0 1.64546e-05 0
175 85.3815 1.61299e-08 0 0 1.61299e-08 89.4054 2.00896e+11 3.71939e+09 9.43657e+09 1.46633e+09 184.673 316218 3.98954e+06 17.8771 0 0 0 30149.5 0 1.3645e-05 0
176 89.4054 5.88048e-09 0 0 5.88048e-09 93.6189 2.07424e+11 3.71939e+09 9.43657e+09 1.54093e+09 168.217 312583 3.97138e+06 18.7821 0 0 0 27290.3 0 1.12642e-05 0
177 93.6189 2.04937e-09 0 0 2.04937e-09 98.0311 2.14043e+11 3.71939e+09 9.43657e+09 1.61895e+09 153.258 309029 3.95286e+06 19.739 0 0 0 24577.8 0 9.252e-06 0
178 98.0311 6.81282e-10 0 0 6.81282e-10 102.651 2.2075e+11 3.71939e+09 9.43657e+09 1.70059e+09 139.662 305566 3.93395e+06 20.7523 0 0 0 22200.2 0 7.62169e-06 0
179 102.651 2.15556e-10 0 0 2.15556e-10 107.489 2.27542e+11 3.71939e+09 9.43657e+09 1.78603e+09 127.309 302198 3.91453e+06 21.8271 0 0 0 19781.2 0 6.19364e-06 0
180 107.489 6.47599e-11 0 0 6.47599e-11 112.555 2.34418e+11 3.71939e+09 9.43657e+09 1.87549e+09 116.087 298933 3.89451e+06 22.9692 0 0 0 17715.3 0 5.05872e-06 0
181 112.555 1.84288e-11 0 0 1.84288e-11 117.859 2.41375e+11 3.71939e+09 9.43657e+09 1.96918e+09 105.894 295778 3.87383e+06 24.185 0 0 0 15644.7 0 4.07437e-06 0
182 117.859 4.95476e-12 0 0 4.95476e-12 123.414 2.4841e+11 3.71939e+09 9.43657e+09 2.06734e+09 96.6361 292737 3.85238e+06 25.4816 0 0 0 13886.9 0 3.29837e-06 0
183 123.414 1.2552e-12 0 0 1.2552e-12 129.23 2.55522e+11 3.71939e+09 9.43657e+09 2.17024e+09 88.2288 289818 3.83011e+06 26.8667 0 0 0 12260.5 0 2.65583e-06 0
184 129.23 2.98781e-13 0 0 2.98781e-13 135.321 2.62708e+11 3.71939e+09 9.43657e+09 2.27817e+09 80.5941 287026 3.80694e+06 28.3493 0 0 0 10652.1 0 2.1044e-06 0
185 135.321 6.66282e-14 0 0 6.66282e-14 141.698 2.69967e+11 3.71939e+09 9.43657e+09 2.39142e+09 73.661 284366 3.78278e+06 29.9394 0 0 0 8566.8 0 1.54352e-06 0
186 141.698 1.38769e-14 0 0 1.38769e-14 148.376 2.77295e+11 3.71939e+09 9.43657e+09 2.51034e+09 67.3649 281843 3.75756e+06 31.6478 0 0 0 6699.77 0 1.10091e-06 0
187 148.376 2.69065e-15 0 0 2.69065e-15 155.369 2.8469e+11 3.71939e+09 9.43657e+09 2.63529e+09 61.6468 279464 4.09767e+06 30.4923 0 0 0 5073.35 0 7.60306e-07 0
188 155.369 4.84041e-16 0 0 4.84041e-16 162.691 2.92151e+11 3.71939e+09 9.43657e+09 2.76666e+09 56.4531 277232 4.08705e+06 32.1435 0 0 0 3612.14 0 4.93694e-07 0
189 162.691 8.05071e-17 0 0 8.05071e-17 170.358 2.99675e+11 3.71939e+09 9.43657e+09 2.90489e+09 51.7351 275153 4.07368e+06 33.9323 0 0 0 2019.63 0 2.51747e-07 0
190 170.358 1.2334e-17 0 0 1.2334e-17 178.387 3.0726e+11 3.71939e+09 9.43657e+09 3.05045e+09 47.4482 273232 4.05741e+06 35.8745 0 0 0 142.99 0 1.62554e-08 0
191 178.387 1.73384e-18 0 0 1.73384e-18 186.794 3.14904e+11 3.71939e+09 9.43657e+09 3.05045e+09 0 0 0 0 0 0 0 0 0 0 0
192 186.794 2.22735e-19 0 0 2.22735e-19 195.598 3.15139e+11 3.71939e+09 9.43657e+09 3.05045e+09 0 0 0 0 0 0 0 0 0 0 0
193 195.598 2.60371e-20 0 0 2.60371e-20 204.816 3.15139e+11 3.71939e+09 9.43657e+09 3.05045e+09 0 0 0 0 0 0 0 0 0 0 0
194 204.816 2.75735e-21 0 0 2.75735e-21 214.469 3.15139e+11 3.71939e+09 9.43657e+09 3.05045e+09 0 0 0 0 0 0 0 0 0 0 0
195 214.469 2.63307e-22 0 0 2.63307e-22 224.576 3.15139e+11 3.71939e+09 9.43657e+09 3.05045e+09 0 0 0 0 0 0 0 0 0 0 0
196 224.576 2.25623e-23 0 0 2.25623e-23 235.16 3.15139e+11 3.71939e+09 9.43657e+09 3.05045e+09 0 0 0 0 0 0 0 0 0 0 0
197 235.16 1.726e-24 0 0 1.726e-24 246.243 3.15139e+11 3.71939e+09 9.43657e+09 3.05045e+09 0 0 0 0 0 0 0 0 0 0 0
198 246.243 1.17248e-25 0 0 1.17248e-25 257.848 3.15139e+11 3.71939e+09 9.43657e+09 3.05045e+09 0 0 0 0 0 0 0 0 0 0 0
199 257.848 7.03315e-27 0 0 7.03315e-27 270 3.15139e+11 3.71939e+09 9.43657e+09 3.05045e+09 0 0 0 0 0 0 0 0 0 0 0
