0 0.027 0 1470.41 126.461 0.418022 0.0282725 374666 324897 0 4225.49 4.39932e+07 46147.1 1.95228e+07 2.58741e-06 6.387e+14 0 0 31.9826 19121.7 0.144746 86.5408
1 0.0282725 0 1469.69 124.564 2.2728 0.0296049 410786 680965 0 4822.32 4.25633e+07 47487.3 2.63339e+06 2.61312e-06 6.29051e+14 0 0 34.5385 2944.8 0.14256 12.1548
2 0.0296049 0 1466.76 124.461 2.33188 0.0310001 450386 1.07061e+06 0 5485.27 4.1178e+07 48864.9 2.79348e+06 2.63929e-06 6.28459e+14 0 0 37.835 3137.13 0.142425 11.8094
3 0.0310001 0 1463.74 124.354 2.39246 0.0324611 493802 1.49696e+06 0 6221.63 3.98359e+07 50280.9 2.96315e+06 2.66588e-06 6.27845e+14 0 0 41.4448 3342.27 0.142286 11.4745
4 0.0324611 0 1460.61 124.244 2.45459 0.033991 541402 1.96345e+06 0 7039.49 3.85357e+07 51736.3 3.14299e+06 2.69229e-06 6.27209e+14 0 0 45.3973 3561.09 0.142142 11.15
5 0.033991 0 1457.35 124.13 2.51829 0.0355929 593587 2.4738e+06 0 7947.82 3.72761e+07 53232.1 3.33357e+06 2.71919e-06 6.26551e+14 0 0 49.7249 3794.53 0.141993 10.8356
6 0.0355929 0 1453.97 124.011 2.5836 0.0372704 650800 3.03209e+06 0 8956.59 3.60558e+07 54769.3 3.53553e+06 2.74656e-06 6.25868e+14 0 0 54.4628 4043.58 0.141838 10.5307
7 0.0372704 0 1450.45 123.889 2.65056 0.0390269 713525 3.64277e+06 0 10076.8 3.48737e+07 56349 3.74954e+06 2.77427e-06 6.25162e+14 0 0 59.6499 4309.32 0.141678 10.2353
8 0.0390269 0 1446.8 123.763 2.71921 0.0408662 782292 4.31067e+06 0 11320.8 3.37286e+07 57972.2 3.97629e+06 2.81583e-06 6.24429e+14 0 0 65.3282 4592.89 0.141512 9.94901
9 0.0408662 0 1443.02 123.632 2.78958 0.0427921 857683 5.0411e+06 0 12702.1 3.26194e+07 59640 4.21654e+06 2.85823e-06 6.2367e+14 0 0 71.5438 4895.53 0.14134 9.67149
10 0.0427921 0 1439.09 123.496 2.86172 0.0448088 940335 5.83982e+06 0 14235.8 3.1545e+07 61353.7 4.47105e+06 2.9015e-06 6.22884e+14 0 0 78.3473 5218.54 0.141162 9.40249
11 0.0448088 0 1435.01 123.356 2.93566 0.0469206 1.03095e+06 6.71312e+06 0 15938.7 3.05042e+07 63114.2 4.74067e+06 2.97528e-06 6.22068e+14 0 0 85.7937 5563.34 0.140977 9.14174
12 0.0469206 0 1430.78 123.211 3.01144 0.0491319 1.13029e+06 7.66785e+06 0 17829.2 2.94962e+07 64922.8 5.02626e+06 3.07176e-06 6.21224e+14 0 0 93.9432 5931.42 0.140786 8.88899
13 0.0491319 0 1426.4 123.061 3.08911 0.0514474 1.23919e+06 8.71148e+06 0 19928 2.85198e+07 66780.7 5.32876e+06 3.17155e-06 6.20348e+14 0 0 102.861 6324.41 0.140587 8.64397
14 0.0514474 0 1421.86 122.905 3.16869 0.0538721 1.35858e+06 9.85216e+06 0 22257.8 2.75741e+07 68689.1 5.64913e+06 3.27478e-06 6.1944e+14 0 0 112.62 6744.01 0.140382 8.40644
15 0.0538721 0 1417.15 122.744 3.25025 0.056411 1.48946e+06 1.10987e+07 0 24843.9 2.66582e+07 70649.3 5.9884e+06 3.38158e-06 6.185e+14 0 0 123.298 7192.1 0.140168 8.17615
16 0.056411 0 1412.28 122.577 3.3338 0.0590696 1.63294e+06 1.24609e+07 0 27714.3 2.57712e+07 72662.4 6.34766e+06 3.48902e-06 6.17525e+14 0 0 134.981 7670.63 0.139947 7.95288
17 0.0590696 0 1407.24 122.404 3.41941 0.0618534 1.79023e+06 1.39492e+07 0 30900.2 2.49121e+07 74729.8 6.72806e+06 3.64397e-06 6.16514e+14 0 0 147.761 8181.75 0.139718 7.73642
18 0.0618534 0 1402.02 122.226 3.5071 0.0647685 1.96266e+06 1.55749e+07 0 34435.9 2.40801e+07 76852.7 7.1308e+06 3.80597e-06 6.15466e+14 0 0 161.741 8727.75 0.139481 7.52654
19 0.0647685 0 1396.62 122.04 3.59693 0.0678209 2.15169e+06 1.73507e+07 0 38359.5 2.32744e+07 79032.6 7.55716e+06 3.97538e-06 6.14379e+14 0 0 177.033 9311.01 0.139235 7.32302
20 0.0678209 0 1391.04 121.849 3.68893 0.0710172 2.3589e+06 1.929e+07 0 42713.5 2.24942e+07 81270.8 8.00849e+06 4.19282e-06 6.13253e+14 0 0 193.757 9934.15 0.138979 7.12564
21 0.0710172 0 1385.27 121.65 3.78314 0.0743642 2.58604e+06 2.14076e+07 0 47544.7 2.17387e+07 83568.5 8.4862e+06 4.43327e-06 6.12086e+14 0 0 212.046 10599.9 0.138715 6.93421
22 0.0743642 0 1379.31 121.444 3.87961 0.0778689 2.83504e+06 2.37195e+07 0 52904.9 2.10071e+07 85927.4 8.99179e+06 4.68768e-06 6.10875e+14 0 0 232.044 11311.4 0.13844 6.74852
23 0.0778689 0 1373.15 121.231 3.97838 0.0815387 3.10799e+06 2.62431e+07 0 58851.7 2.02988e+07 88348.6 9.52684e+06 4.95685e-06 6.0962e+14 0 0 253.908 12071.6 0.138156 6.56839
24 0.0815387 0 1366.78 121.011 4.0795 0.0853815 3.40718e+06 2.89974e+07 0 65448.8 1.96129e+07 90833.8 1.0093e+07 5.3142e-06 6.08318e+14 0 0 277.81 12884.1 0.137861 6.39363
25 0.0853815 0 1360.22 120.782 4.183 0.0894054 3.73514e+06 3.20028e+07 0 72766.9 1.89488e+07 93384.4 1.0692e+07 5.65224e-06 6.06969e+14 0 0 303.937 13752.5 0.137555 6.22407
26 0.0894054 0 1353.44 120.545 4.28893 0.0936189 4.09464e+06 3.52819e+07 0 80884.1 1.83058e+07 96001.8 1.13258e+07 6.01193e-06 6.0557e+14 0 0 332.492 14680.6 0.137238 6.05952
27 0.0936189 0 1346.45 120.3 4.39733 0.0980311 4.48868e+06 3.88587e+07 0 89886.9 1.76833e+07 98687.6 1.19962e+07 6.39467e-06 6.0412e+14 0 0 363.697 15672.8 0.136909 5.89983
28 0.0980311 0 1339.24 120.046 4.50824 0.102651 4.9206e+06 4.27596e+07 0 99871.3 1.70807e+07 101443 1.27053e+07 6.83328e-06 6.02615e+14 0 0 397.793 16733.5 0.136569 5.74486
29 0.102651 0 1331.81 119.783 4.6217 0.107489 5.39402e+06 4.70131e+07 0 110943 1.64972e+07 104270 1.34552e+07 7.19086e-06 6.01056e+14 0 0 435.043 17867.4 0.136215 5.59441
30 0.107489 0 1324.16 119.51 4.73776 0.112555 5.91291e+06 5.16502e+07 0 123220 1.59325e+07 107171 1.42483e+07 7.56753e-06 5.99439e+14 0 0 475.732 19079.6 0.135849 5.44833
31 0.112555 0 1316.27 119.228 4.85646 0.117859 6.48165e+06 5.67045e+07 0 136833 1.53858e+07 110145 1.50869e+07 7.96433e-06 5.97762e+14 0 0 520.17 20375.7 0.135469 5.30646
32 0.117859 0 1308.15 118.935 4.97782 0.123414 7.10501e+06 6.22121e+07 0 151924 1.48566e+07 113196 1.59734e+07 8.45384e-06 5.96024e+14 0 0 568.697 21761.3 0.135075 5.16867
33 0.123414 0 1299.79 118.632 5.1019 0.12923 7.78821e+06 6.82125e+07 0 168654 1.43444e+07 116325 1.69107e+07 8.85178e-06 5.94221e+14 0 0 621.678 23242.8 0.134666 5.0348
34 0.12923 0 1291.19 118.318 5.22874 0.135321 8.53699e+06 7.47483e+07 0 187199 1.38486e+07 119534 1.79013e+07 9.26904e-06 5.92352e+14 0 0 679.512 24826.8 0.134243 4.90472
35 0.135321 0 1282.34 117.993 5.35835 0.141698 9.35762e+06 8.18655e+07 0 207754 1.33687e+07 122823 1.89483e+07 9.70664e-06 5.90415e+14 0 0 742.633 26520.4 0.133804 4.7783
36 0.141698 0 1273.24 117.656 5.4908 0.148376 1.0257e+07 8.96139e+07 0 230534 1.29044e+07 126196 2.00547e+07 1.01609e-05 5.88406e+14 0 0 811.511 28331.1 0.133348 4.6554
37 0.148376 0 1263.89 117.307 5.6261 0.155369 1.12426e+07 9.80476e+07 0 255777 1.24549e+07 129653 2.12237e+07 1.06395e-05 5.86323e+14 0 0 886.655 30267.3 0.132876 4.53593
38 0.155369 0 1254.28 116.945 5.76429 0.162691 1.23228e+07 1.07225e+08 0 283749 1.202e+07 133196 2.24587e+07 1.11414e-05 5.84164e+14 0 0 968.618 32337.4 0.132387 4.41975
39 0.162691 0 1244.41 116.57 5.9054 0.170358 1.35064e+07 1.17208e+08 0 314741 1.15992e+07 136827 2.37633e+07 1.16677e-05 5.81926e+14 0 0 1058 34550.5 0.13188 4.30673
40 0.170358 0 1234.28 116.182 6.04947 0.178387 1.48035e+07 1.28065e+08 0 349074 1.11919e+07 140548 2.51411e+07 1.22199e-05 5.79606e+14 0 0 1155.45 36916.3 0.131354 4.19674
41 0.178387 0 1223.89 115.78 6.19653 0.186794 1.62249e+07 1.3987e+08 0 387107 1.07979e+07 144360 2.65961e+07 1.28075e-05 5.77202e+14 0 0 1261.67 39445.3 0.130809 4.08968
42 0.186794 0 1213.22 115.363 6.34659 0.195598 1.77824e+07 1.527e+08 0 429232 1.04166e+07 148265 2.81324e+07 1.34187e-05 5.74709e+14 0 0 1377.42 42148.5 0.130244 3.98544
43 0.195598 0 1202.29 114.932 6.49967 0.204816 1.9489e+07 1.66642e+08 0 475886 1.00478e+07 152265 2.97543e+07 1.40603e-05 5.72126e+14 0 0 1503.52 45038.1 0.129659 3.88395
44 0.204816 0 1191.09 114.484 6.65581 0.214469 2.1359e+07 1.81786e+08 0 527549 9.69094e+06 156362 3.14663e+07 1.47336e-05 5.69449e+14 0 0 1640.86 48126.1 0.129052 3.78507
45 0.214469 0 1179.62 114.021 6.81502 0.224576 2.34078e+07 1.98232e+08 0 584753 9.34573e+06 160557 3.32731e+07 1.54405e-05 5.66675e+14 0 0 1790.41 51425.7 0.128424 3.6887
46 0.224576 0 1167.86 113.541 6.97732 0.23516 2.56525e+07 2.16084e+08 0 648086 9.01181e+06 164852 3.51796e+07 1.61826e-05 5.63801e+14 0 0 1953.18 54950.9 0.127772 3.59475
47 0.23516 0 1155.84 113.044 7.14273 0.246243 2.81118e+07 2.35458e+08 0 718195 8.6888e+06 169249 3.71912e+07 1.69618e-05 5.60823e+14 0 0 2130.31 58716.5 0.127097 3.50311
48 0.246243 0 1143.53 112.531 7.30987 0.257848 3.08061e+07 2.56474e+08 0 795797 8.37639e+06 173750 3.9313e+07 1.77801e-05 5.57746e+14 0 0 2323.02 62738.7 0.1264 3.41373
49 0.257848 0 1130.95 112.001 7.47872 0.27 3.37577e+07 2.79264e+08 0 881682 8.07423e+06 178356 4.15509e+07 1.88326e-05 5.54564e+14 0 0 2532.61 67034.1 0.125679 3.32651
50 0.27 0 1118.09 111.452 7.65033 0.282725 3.6991e+07 3.03969e+08 0 976722 7.78201e+06 183069 4.39108e+07 1.9848e-05 5.51271e+14 0 0 2760.46 71619.7 0.124933 3.24135
51 0.282725 0 1104.96 110.884 7.82466 0.296049 4.05329e+07 3.30739e+08 0 1.08188e+06 7.49942e+06 187891 4.63988e+07 2.09197e-05 5.47861e+14 0 0 3008.07 76514.2 0.12416 3.15817
52 0.296049 0 1091.54 110.324 8.00172 0.310001 4.44124e+07 3.59736e+08 0 1.19822e+06 7.22615e+06 192823 4.90215e+07 2.2051e-05 5.44514e+14 0 0 3278.13 81736.9 0.123401 3.07689
53 0.310001 0 1077.84 109.976 8.18187 0.324611 4.86618e+07 3.91131e+08 0 1.32691e+06 6.96192e+06 197867 5.17856e+07 2.32453e-05 5.42546e+14 0 0 3581.41 87309.2 0.122955 2.99746
54 0.324611 0 1063.87 109.615 8.36465 0.33991 5.33159e+07 4.25109e+08 0 1.46924e+06 6.70645e+06 203025 5.46981e+07 2.52785e-05 5.40493e+14 0 0 3912.08 93251.9 0.12249 2.91979
55 0.33991 0 1049.63 109.239 8.55002 0.355929 5.8413e+07 4.61866e+08 0 1.62664e+06 6.45946e+06 208298 5.77665e+07 2.74848e-05 5.38351e+14 0 0 4272.51 99587.2 0.122005 2.84379
56 0.355929 0 1035.1 108.848 8.73791 0.372704 6.3995e+07 5.01612e+08 0 1.80069e+06 6.22069e+06 213688 6.09984e+07 2.98827e-05 5.36118e+14 0 0 4665.27 106339 0.121498 2.7694
57 0.372704 0.273425 1020.31 0.0960472 0.177378 0.390269 7.01078e+07 5.44569e+08 11511.9 1.9931e+06 5.98988e+06 219196 6.44018e+07 3.24889e-05 5.33788e+14 0 0 5151.51 113532 0.122357 2.69656
58 0.390269 0.57556 1005.24 0.238965 0.336595 0.408662 7.68013e+07 5.90976e+08 38082.2 2.20579e+06 5.76678e+06 224824 6.7985e+07 3.52327e-05 5.3136e+14 0 0 5690.32 121191 0.123262 2.6252
59 0.408662 0.885601 989.912 0.400024 0.485577 0.427921 8.41303e+07 6.41083e+08 82909.7 2.44086e+06 5.55115e+06 230573 7.17568e+07 4.00848e-05 5.28829e+14 0 0 6282.03 129343 0.124106 2.55527
60 0.427921 1.20366 974.315 0.574635 0.629025 0.448088 9.21546e+07 6.95159e+08 149715 2.70063e+06 5.34276e+06 236445 7.5726e+07 4.5595e-05 5.26192e+14 0 0 6931.6 138017 0.12489 2.48671
61 0.448088 1.52984 958.46 0.760736 0.769103 0.469206 1.0094e+08 7.53488e+08 242816 2.98763e+06 5.14138e+06 242441 7.99023e+07 5.1851e-05 5.23444e+14 0 0 7644.39 147240 0.125613 2.41946
62 0.469206 1.86423 942.35 0.957151 0.907082 0.491319 1.10557e+08 8.16369e+08 367212 3.30469e+06 4.94678e+06 248562 8.42951e+07 5.89523e-05 5.20582e+14 0 0 8426.24 157043 0.126278 2.35348
63 0.491319 2.20693 925.992 1.16312 1.04381 0.514474 1.21084e+08 8.84119e+08 528683 3.65489e+06 4.75877e+06 254810 8.89148e+07 6.96599e-05 5.17601e+14 0 0 9283.51 167455 0.126884 2.28872
64 0.514474 2.55799 909.391 1.3781 1.17989 0.538721 1.32606e+08 9.57075e+08 733896 4.04162e+06 4.57712e+06 261185 9.37717e+07 8.31731e-05 5.14499e+14 0 0 10223.1 178509 0.127431 2.22512
65 0.538721 2.9175 892.553 1.60168 1.31582 0.56411 1.45217e+08 1.03559e+09 990532 4.46862e+06 4.40164e+06 267689 9.88768e+07 9.92611e-05 5.1127e+14 0 0 11252.5 190237 0.127921 2.16266
66 0.56411 3.2855 875.484 1.83354 1.45195 0.590696 1.59018e+08 1.12003e+09 1.30742e+06 4.94001e+06 4.23214e+06 274322 1.04241e+08 0.000118403 5.0791e+14 0 0 12379.8 202670 0.128353 2.10128
67 0.590696 3.66201 858.193 2.07339 1.58862 0.618534 1.7412e+08 1.21079e+09 1.6947e+06 5.46029e+06 4.06843e+06 281085 1.09877e+08 0.000141166 5.04415e+14 0 0 13613.8 215843 0.128728 2.04095
68 0.618534 4.04708 840.686 2.32099 1.72609 0.647685 1.90644e+08 1.30827e+09 2.164e+06 6.03445e+06 3.91033e+06 287980 1.15796e+08 0.000165347 5.00782e+14 0 0 14964.2 229789 0.129047 1.98163
69 0.647685 4.44069 822.934 2.5761 1.86458 0.678209 2.08722e+08 1.41291e+09 2.72862e+06 6.66792e+06 3.75765e+06 295006 1.2201e+08 0.000193171 4.97005e+14 0 0 16441.2 244534 0.129308 1.92324
70 0.678209 4.84282 804.941 2.8385 2.00432 0.710172 2.28499e+08 1.52513e+09 3.40378e+06 7.36672e+06 3.61023e+06 302165 1.28533e+08 0.000225581 4.9308e+14 0 0 18056 260110 0.129513 1.86574
71 0.710172 5.25346 786.772 3.10797 2.14549 0.743642 2.50132e+08 1.6454e+09 4.20685e+06 8.13742e+06 3.4679e+06 309456 1.35378e+08 0.000263315 4.89003e+14 0 0 19820.7 276557 0.129662 1.80917
72 0.743642 5.67252 768.437 3.38427 2.28826 0.778689 2.73792e+08 1.7742e+09 5.15763e+06 8.98723e+06 3.33051e+06 316879 1.42558e+08 0.000306336 4.84771e+14 0 0 21748.4 293908 0.129754 1.7535
73 0.778689 6.09994 749.949 3.66716 2.43278 0.815387 2.99666e+08 1.91202e+09 6.2787e+06 9.9241e+06 3.19789e+06 324436 1.50087e+08 0.000345657 4.80378e+14 0 0 23853.3 312195 0.12979 1.69871
74 0.815387 6.53558 731.319 3.95639 2.57919 0.853815 3.27958e+08 2.0594e+09 7.59571e+06 1.09567e+07 3.06989e+06 332126 1.5798e+08 0.00038992 4.7582e+14 0 0 26150.5 331449 0.129769 1.64479
75 0.853815 6.97932 712.563 4.25168 2.72765 0.894054 3.58891e+08 2.21684e+09 9.13784e+06 1.20946e+07 2.94638e+06 339948 1.66252e+08 0.000439728 4.71094e+14 0 0 28656.4 351698 0.129693 1.59171
76 0.894054 7.43098 693.695 4.55273 2.87825 0.936189 3.92706e+08 2.38491e+09 1.09382e+07 1.33483e+07 2.82719e+06 347902 1.74918e+08 0.000495756 4.66195e+14 0 0 31388.8 372971 0.129559 1.53946
77 0.936189 7.89035 674.729 4.85921 3.03114 0.980311 4.29666e+08 2.56415e+09 1.30342e+07 1.47291e+07 2.71221e+06 355989 1.83994e+08 0.000555814 4.6112e+14 0 0 34366.7 395292 0.129369 1.48803
78 0.980311 8.35718 655.682 5.17077 3.18641 1.02651 4.70059e+08 2.75513e+09 1.54685e+07 1.62496e+07 2.60129e+06 364206 1.93495e+08 0.000603813 4.55864e+14 0 0 37610.4 418685 0.129122 1.43741
79 1.02651 8.83119 636.572 5.48702 3.34417 1.07489 5.14197e+08 2.95844e+09 1.8289e+07 1.79237e+07 2.49431e+06 372552 2.03437e+08 0.000655928 4.50425e+14 0 0 41142 443168 0.128819 1.38759
80 1.07489 9.31205 617.414 5.80753 3.50452 1.12555 5.62418e+08 3.17465e+09 2.155e+07 1.97662e+07 2.39114e+06 381028 2.13838e+08 0.000712504 4.44799e+14 0 0 44985 468759 0.128458 1.33857
81 1.12555 9.79937 598.228 6.13183 3.66754 1.17859 6.15094e+08 3.40436e+09 2.53127e+07 2.17938e+07 2.29166e+06 389631 2.24714e+08 0.000773921 4.38983e+14 0 0 49164.6 495467 0.12804 1.29035
82 1.17859 10.2927 579.033 6.45942 3.83332 1.23414 6.72624e+08 3.64815e+09 2.96462e+07 2.40242e+07 2.19575e+06 398359 2.36081e+08 0.000840268 4.32974e+14 0 0 53707.7 523300 0.127565 1.24292
83 1.23414 10.7917 559.847 6.78975 4.00193 1.2923 7.35446e+08 3.9066e+09 3.46281e+07 2.64773e+07 2.10329e+06 407212 2.47959e+08 0.000900646 4.2677e+14 0 0 58643.3 552260 0.127032 1.19629
84 1.2923 11.2956 540.692 7.1222 4.17344 1.35321 8.04034e+08 4.18028e+09 4.03458e+07 2.91745e+07 2.01419e+06 416186 2.60363e+08 0.000965413 4.20369e+14 0 0 64002 582340 0.126441 1.15046
85 1.35321 11.804 521.587 7.45612 4.34791 1.41698 8.78901e+08 4.46977e+09 4.68972e+07 3.21393e+07 1.92832e+06 425279 2.73312e+08 0.0010349 4.13768e+14 0 0 69816.6 613530 0.125792 1.10542
86 1.41698 12.3162 502.554 7.79081 4.52539 1.48376 9.60608e+08 4.77561e+09 5.43924e+07 3.53974e+07 1.84559e+06 434488 2.86824e+08 0.00110945 4.06968e+14 0 0 76122.2 645809 0.125085 1.0612
87 1.48376 12.8314 483.615 8.12549 4.70591 1.55369 1.04976e+09 5.09832e+09 6.29545e+07 3.89765e+07 1.7659e+06 443811 3.00917e+08 0.00118943 3.99966e+14 0 0 82955.8 679153 0.12432 1.0178
88 1.55369 13.3489 464.793 8.45935 4.88952 1.62691 1.14701e+09 5.43838e+09 7.27213e+07 4.29073e+07 1.68915e+06 453244 3.15607e+08 0.00127898 3.92763e+14 0 0 90356.8 713524 0.123496 0.975219
89 1.62691 13.8677 446.112 8.79148 5.07621 1.70358 1.25308e+09 5.79627e+09 8.38466e+07 4.7223e+07 1.61524e+06 462783 3.30915e+08 0.00137708 3.8536e+14 0 0 98367 748884 0.122615 0.933486
90 1.70358 14.3869 427.597 9.12094 5.266 1.78387 1.36874e+09 6.17241e+09 9.65019e+07 5.19598e+07 1.54408e+06 472425 3.46856e+08 0.00148274 3.77757e+14 0 0 107030 785179 0.121675 0.892611
91 1.78387 14.9056 409.271 9.4467 5.45887 1.86794 1.49481e+09 6.56715e+09 1.10879e+08 5.71572e+07 1.47558e+06 482166 3.63449e+08 0.00159653 3.69956e+14 0 0 116394 822347 0.120677 0.852607
92 1.86794 15.4225 391.157 9.76769 5.6548 1.95598 1.63221e+09 6.98083e+09 1.27189e+08 6.28579e+07 1.40967e+06 492000 3.80712e+08 0.0017191 3.61959e+14 0 0 126507 860315 0.119621 0.813488
93 1.95598 15.9365 373.278 10.0827 5.85373 2.04816 1.78191e+09 7.41368e+09 1.45669e+08 6.91088e+07 1.34625e+06 501922 3.98661e+08 0.00183457 3.53771e+14 0 0 137420 899000 0.118507 0.77527
94 2.04816 16.4462 355.66 10.3906 6.05559 2.14469 1.94497e+09 7.86589e+09 1.6658e+08 7.59605e+07 1.28524e+06 511928 4.17314e+08 0.00200695 3.45395e+14 0 0 149190 938307 0.117336 0.737969
95 2.14469 16.9504 338.324 10.6901 6.2603 2.24576 2.12253e+09 8.33756e+09 1.90211e+08 8.34681e+07 1.22656e+06 522011 4.36686e+08 0.00219516 3.36836e+14 0 0 161872 978131 0.116108 0.701601
96 2.24576 17.4475 321.294 10.9797 6.46772 2.3516 2.31582e+09 8.82871e+09 2.16882e+08 9.16916e+07 1.17015e+06 532166 4.56793e+08 0.00240062 3.28101e+14 0 0 175526 1.01835e+06 0.114825 0.666182
97 2.3516 17.9359 304.592 11.2582 6.67772 2.46243 2.52616e+09 9.33924e+09 2.46945e+08 1.00696e+08 1.11592e+06 542386 4.77652e+08 0.00262485 3.19197e+14 0 0 190215 1.05885e+06 0.113485 0.631726
98 2.46243 18.414 288.24 11.5239 6.8901 2.57848 2.755e+09 9.86898e+09 2.80787e+08 1.10551e+08 1.0638e+06 552663 4.99275e+08 0.00286954 3.10131e+14 0 0 206005 1.09948e+06 0.112091 0.598249
99 2.57848 18.824 272.26 11.7341 7.08986 2.7 3.00386e+09 1.04176e+10 3.1872e+08 1.21334e+08 1.01373e+06 562991 5.21677e+08 0.00314155 3.01169e+14 0 0 222825 1.1401e+06 0.110575 0.565768
100 2.7 18.1489 256.697 11.0964 7.05246 2.82725 3.27442e+09 1.09848e+10 3.58821e+08 1.33127e+08 965635 573362 5.4487e+08 0.00352201 2.92199e+14 0 0 235767 1.18071e+06 0.106703 0.534362
101 2.82725 17.4699 241.546 10.4518 7.01812 2.96049 3.56844e+09 1.157e+10 4.01146e+08 1.4602e+08 919453 583768 5.68865e+08 0.00394634 2.82642e+14 0 0 248793 1.221e+06 0.102691 0.503977
102 2.96049 16.8091 226.822 9.82467 6.98442 3.10001 3.88785e+09 1.21726e+10 4.45799e+08 1.60109e+08 875121 594200 5.93674e+08 0.00441924 2.72972e+14 0 0 262317 1.26082e+06 0.0987459 0.47462
103 3.10001 16.1687 212.543 9.2166 6.95213 3.24611 4.23471e+09 1.27916e+10 4.92895e+08 1.75499e+08 832577 604649 6.19304e+08 0.00494591 2.63202e+14 0 0 276341 1.29997e+06 0.0948722 0.4463
104 3.24611 15.5512 198.726 8.6291 6.92212 3.3991 4.61121e+09 1.34263e+10 5.42562e+08 1.92303e+08 791760 615105 6.45763e+08 0.00553203 2.53347e+14 0 0 290873 1.33827e+06 0.0910746 0.419023
105 3.3991 14.9588 185.384 8.06347 6.89534 3.55929 5.01972e+09 1.40755e+10 5.94947e+08 2.10643e+08 752615 625560 6.73058e+08 0.00618378 2.43426e+14 0 0 305921 1.37553e+06 0.087358 0.392791
106 3.55929 14.3934 172.531 7.52071 6.87274 3.72704 5.46277e+09 1.4738e+10 6.50214e+08 2.30649e+08 715085 636002 7.01192e+08 0.00682733 2.33455e+14 0 0 321494 1.41154e+06 0.0837271 0.36761
107 3.72704 13.8569 160.178 7.00158 6.85534 3.90269 5.94307e+09 1.54124e+10 7.08555e+08 2.52464e+08 679115 646422 7.30168e+08 0.00759731 2.23453e+14 0 0 337606 1.44616e+06 0.080187 0.343485
108 3.90269 13.3507 148.333 6.50656 6.84416 4.08662 6.46349e+09 1.60972e+10 7.70188e+08 2.76241e+08 644653 656807 7.59986e+08 0.00844913 2.1344e+14 0 0 354276 1.47918e+06 0.0767424 0.320417
109 4.08662 12.8761 137.005 6.03585 6.84022 4.27921 7.02712e+09 1.67907e+10 8.35364e+08 3.02142e+08 611648 667147 7.90644e+08 0.00939073 2.03438e+14 0 0 371527 1.51047e+06 0.073398 0.298405
110 4.27921 12.4338 126.198 5.58932 6.84447 4.48088 7.63724e+09 1.74911e+10 9.04374e+08 3.30344e+08 580050 677429 8.22138e+08 0.0104309 1.93469e+14 0 0 389391 1.53987e+06 0.0701584 0.277445
111 4.48088 12.0244 115.918 5.16658 6.85781 4.69206 8.29734e+09 1.81965e+10 9.7755e+08 3.61036e+08 549811 687642 8.54462e+08 0.0115789 1.83554e+14 0 0 407909 1.56727e+06 0.067028 0.257535
112 4.69206 11.6479 106.166 4.76694 6.88099 4.91319 9.01114e+09 1.89049e+10 1.05527e+09 3.94421e+08 520884 697773 8.87606e+08 0.0128451 1.73718e+14 0 0 427130 1.59251e+06 0.0640108 0.238657
113 4.91319 11.3041 96.9396 4.3895 6.91459 5.14474 9.78258e+09 1.96142e+10 1.13798e+09 4.30717e+08 493223 707809 9.2156e+08 0.0142403 1.63984e+14 0 0 447119 1.61539e+06 0.0611105 0.220785
114 5.14474 10.9921 88.2375 4.03311 6.95897 5.38721 1.06158e+10 2.03221e+10 1.22616e+09 4.70157e+08 466786 717737 9.56307e+08 0.0150531 1.54377e+14 0 0 467955 1.63581e+06 0.0583307 0.203904
115 5.38721 10.7107 80.0547 3.69648 7.0142 5.6411 1.15153e+10 2.10263e+10 1.32038e+09 5.12989e+08 441528 727544 9.91831e+08 0.0163965 1.44922e+14 0 0 489735 1.65369e+06 0.0556742 0.187995
116 5.6411 10.4582 72.3846 3.3782 7.07999 5.90696 1.24857e+10 2.17244e+10 1.42125e+09 5.59481e+08 417408 737215 1.02811e+09 0.0178553 1.35642e+14 0 0 512576 1.66895e+06 0.0531437 0.173036
117 5.90696 10.2325 65.219 3.07684 7.15567 6.18534 1.3532e+10 2.24142e+10 1.52947e+09 6.09917e+08 394386 746738 1.06513e+09 0.0194388 1.26562e+14 0 0 536621 1.68156e+06 0.0507413 0.159003
118 6.18534 10.0311 58.5474 2.79098 7.24011 6.47685 1.46594e+10 2.30931e+10 1.64579e+09 6.646e+08 372422 756097 1.10285e+09 0.021157 1.17706e+14 0 0 562038 1.69151e+06 0.0484685 0.145871
119 6.47685 9.85099 52.3581 2.51929 7.3317 6.78209 1.58732e+10 2.37588e+10 1.77104e+09 7.23853e+08 351479 765279 1.14124e+09 0.023021 1.09096e+14 0 0 589028 1.69881e+06 0.0463265 0.13361
120 6.78209 9.68894 46.6372 2.26062 7.42832 7.10172 1.71794e+10 2.4409e+10 1.90612e+09 7.88022e+08 331518 774269 1.18028e+09 0.0250423 1.00756e+14 0 0 617827 1.70351e+06 0.0443159 0.122191
121 7.10172 9.54135 41.3698 2.01401 7.52734 7.43642 1.85839e+10 2.50414e+10 2.05197e+09 8.57472e+08 312504 783053 1.21993e+09 0.0272335 9.27053e+13 0 0 648711 1.70569e+06 0.042437 0.111582
122 7.43642 9.40438 36.5392 1.77877 7.62561 7.78689 2.00931e+10 2.56538e+10 2.2096e+09 9.32592e+08 294402 791616 1.26015e+09 0.0296081 8.49638e+13 0 0 682006 1.70546e+06 0.0406894 0.10175
123 7.78689 9.27403 32.1277 1.55453 7.7195 8.15387 2.17135e+10 2.62443e+10 2.38004e+09 1.0138e+09 277178 799944 1.30088e+09 0.0317661 7.75492e+13 0 0 718088 1.70292e+06 0.0390725 0.092659
124 8.15387 9.14617 28.1164 1.34118 7.80498 8.53815 2.3452e+10 2.68109e+10 2.56435e+09 1.10152e+09 260798 808023 1.3421e+09 0.0343775 7.0477e+13 0 0 757394 1.69825e+06 0.037585 0.0842744
125 8.53815 9.01665 24.4855 1.13894 7.87771 8.94054 2.53159e+10 2.73519e+10 2.76358e+09 1.19623e+09 245231 815838 1.38374e+09 0.0371987 6.37607e+13 0 0 800430 1.69166e+06 0.0362257 0.0765607
126 8.94054 8.88137 21.2144 0.948263 7.93311 9.36189 2.73125e+10 2.78659e+10 2.97875e+09 1.29841e+09 230444 823375 1.42576e+09 0.0402463 5.74114e+13 0 0 847784 1.68336e+06 0.0349928 0.0694816
127 9.36189 8.73636 18.2819 0.769834 7.96653 9.80311 2.94496e+10 2.83515e+10 3.21083e+09 1.40859e+09 216408 830621 1.46809e+09 0.0435379 5.14376e+13 0 0 900130 1.67357e+06 0.0338843 0.0629995
128 9.80311 8.57787 15.6666 0.604473 7.97339 10.2651 3.17352e+10 2.88079e+10 3.46068e+09 1.52731e+09 203093 837562 1.51069e+09 0.0470925 4.5845e+13 0 0 958249 1.66251e+06 0.0328982 0.0570766
129 10.2651 8.40242 13.3466 0.453062 7.94936 10.7489 3.41775e+10 2.92341e+10 3.72904e+09 1.65514e+09 190469 844184 1.55348e+09 0.0509303 4.06365e+13 0 0 1.02304e+06 1.65037e+06 0.0320322 0.0516744
130 10.7489 8.20696 11.3002 0.316456 7.8905 11.2555 3.6785e+10 2.96298e+10 4.01644e+09 1.79269e+09 178510 850476 1.5964e+09 0.0550738 3.58122e+13 0 0 1.09555e+06 1.63734e+06 0.0312842 0.0467554
131 11.2555 7.98886 9.5058 0.195391 7.79347 11.7859 3.95664e+10 2.99948e+10 4.3232e+09 1.94061e+09 167187 856424 1.63939e+09 0.0595459 3.13694e+13 0 0 1.17697e+06 1.62362e+06 0.0306521 0.0422841
132 11.7859 7.74607 7.94203 0.0904025 7.65566 12.3414 4.25308e+10 3.03292e+10 4.64932e+09 2.09956e+09 156474 862017 1.68238e+09 0.0643725 2.73025e+13 0 0 1.26871e+06 1.60937e+06 0.0301339 0.0382251
133 12.3414 7.47716 6.58811 0.00175073 7.47541 12.923 4.56871e+10 3.06334e+10 4.9945e+09 2.27024e+09 146346 867244 1.72529e+09 0.0695805 2.36032e+13 0 0 1.37237e+06 1.59468e+06 0.029728 0.0345436
134 12.923 7.18143 5.42386 0 7.18143 13.5321 4.90449e+10 3.09079e+10 5.35801e+09 2.4534e+09 136777 872094 1.76805e+09 0.0751994 2.02607e+13 0 0 1.48984e+06 1.57965e+06 0.0294329 0.0312071
135 13.5321 6.85896 4.42991 0 6.85896 14.1698 5.26134e+10 3.11538e+10 5.7387e+09 2.64981e+09 127744 876557 1.81059e+09 0.0812606 1.72619e+13 0 0 1.6233e+06 1.56416e+06 0.0292478 0.0281821
136 14.1698 6.51063 3.58774 0 6.51063 14.8376 5.64024e+10 3.13721e+10 6.13491e+09 2.86027e+09 119222 880625 1.85283e+09 0.0877976 1.45911e+13 0 0 1.77532e+06 1.54805e+06 0.0291722 0.0254377
137 14.8376 6.13822 2.87988 0 6.13822 15.5369 6.04216e+10 3.15643e+10 6.5445e+09 3.08563e+09 111189 884288 1.8947e+09 0.0948469 1.2231e+13 0 0 1.94888e+06 1.531e+06 0.0292064 0.0229439
138 15.5369 5.74431 2.28992 0 5.74431 16.2691 6.46807e+10 3.17318e+10 6.96479e+09 3.32677e+09 103622 887541 1.93612e+09 0.102448 1.01625e+13 0 0 2.1475e+06 1.51249e+06 0.0293513 0.0206721
139 16.2691 5.33235 1.80261 0 5.33235 17.0358 6.91896e+10 3.18764e+10 7.39257e+09 3.58461e+09 96500.3 890375 1.97701e+09 0.110641 8.36502e+12 0 0 2.37536e+06 1.49204e+06 0.0296089 0.0185983
140 17.0358 4.90654 1.40391 0 4.90654 17.8387 7.39581e+10 3.19999e+10 7.82417e+09 3.8601e+09 89802.9 892786 2.0173e+09 0.118225 6.81727e+12 0 0 2.63737e+06 1.46892e+06 0.0299823 0.0166991
141 17.8387 4.47174 1.081 0 4.47174 18.6794 7.89961e+10 3.21042e+10 8.25547e+09 4.15423e+09 83509.4 894768 2.05691e+09 0.127587 5.49729e+12 0 0 2.93943e+06 1.44229e+06 0.0304759 0.0149536
142 18.6794 4.03337 0.822291 0 4.03337 19.5598 8.43134e+10 3.21912e+10 8.68203e+09 4.46805e+09 77600.4 896320 2.09577e+09 0.137684 4.3831e+12 0 0 3.28857e+06 1.41141e+06 0.0310957 0.0133459
143 19.5598 3.59799 0.617395 0 3.59799 20.4816 8.99195e+10 3.22628e+10 9.09925e+09 4.80263e+09 72056.9 897437 2.13381e+09 0.148572 3.45401e+12 0 0 3.69314e+06 1.37501e+06 0.0318485 0.0118576
144 20.4816 3.18188 0.456885 0 3.18188 21.4469 9.58242e+10 3.23208e+10 9.50382e+09 5.15907e+09 66860.6 898119 2.17095e+09 0.160313 2.70024e+12 0 0 4.16081e+06 1.33202e+06 0.0327243 0.0104762
145 21.4469 2.81087 0.332196 0 2.81087 22.4576 1.02037e+11 3.23672e+10 9.89569e+09 5.53852e+09 61993.9 898366 2.19374e+09 0.172974 2.10982e+12 0 0 4.69574e+06 1.28406e+06 0.033682 0.00921043
146 22.4576 2.46354 0.237168 0 2.46354 23.516 1.08566e+11 3.24034e+10 1.02723e+10 5.9422e+09 57439.8 898177 2.163e+09 0.186626 1.61217e+12 0 0 5.31815e+06 1.2344e+06 0.03479 0.0080751
147 23.516 2.11862 0.166007 0 2.11862 24.6243 1.15422e+11 3.24312e+10 1.06274e+10 6.37132e+09 53181.7 897557 2.13126e+09 0.201345 1.24158e+12 0 0 6.03803e+06 1.18375e+06 0.0360237 0.0070624
148 24.6243 1.77338 0.113643 0 1.77338 25.7848 1.22612e+11 3.24521e+10 1.09533e+10 6.82716e+09 49203.9 896506 2.09857e+09 0.217215 1.05428e+12 0 0 6.83638e+06 1.13239e+06 0.037198 0.00616154
149 25.7848 1.41049 0.0756395 0 1.41049 27 1.30145e+11 3.24674e+10 1.12375e+10 7.31104e+09 45491.1 895030 2.06501e+09 0.234325 1.21499e+12 0 0 7.5585e+06 1.08339e+06 0.0375084 0.00537623
150 27 1.24581 0.0534787 0 1.24581 28.2725 1.3803e+11 3.24792e+10 1.15128e+10 7.82433e+09 42028.6 893135 2.03064e+09 0.252772 0 0 0 9.48788e+06 1.01047e+06 0.0429401 0.00457318
151 28.2725 0.985676 0.0310972 0 0.985676 29.6049 1.46273e+11 3.24867e+10 1.17516e+10 8.36842e+09 38802.4 890826 1.97557e+09 0.275412 0 0 0 1.10574e+07 945386 0.0456401 0.00390214
152 29.6049 0.722499 0.020064 0 0.722499 31.0001 1.54882e+11 3.2492e+10 1.19435e+10 8.94477e+09 35799 888112 1.94134e+09 0.296883 0 0 0 1.23366e+07 886452 0.0464395 0.00333694
153 31.0001 0.552533 0.0118163 0 0.552533 32.4611 1.63863e+11 3.24955e+10 1.21045e+10 9.55487e+09 33005.4 885000 1.90665e+09 0.319984 0 0 0 1.48199e+07 803901 0.0508789 0.00275992
154 32.4611 0.386415 0.00728064 0 0.386415 33.991 1.73223e+11 3.24978e+10 1.22279e+10 1.02003e+10 30409.2 881502 1.87157e+09 0.344837 0 0 0 1.68131e+07 731502 0.052643 0.00229039
155 33.991 0.269936 0.00425302 0 0.269936 35.5929 1.82968e+11 3.24993e+10 1.23224e+10 1.08825e+10 27998.5 877627 1.83616e+09 0.371568 0 0 0 1.96805e+07 642290 0.056199 0.00183411
156 35.5929 0.192766 0.00218252 0 0.192766 37.2704 1.93103e+11 3.25001e+10 1.23964e+10 1.16033e+10 25762 873387 1.80048e+09 0.40032 0 0 0 2.42085e+07 521210 0.0630465 0.00135739
157 37.2704 0.131561 0.00108071 0 0.131561 39.0269 2.03632e+11 3.25006e+10 1.24518e+10 1.23642e+10 23688.9 868795 1.76457e+09 0.431242 0 0 0 2.89941e+07 396444 0.0688656 0.00094162
158 39.0269 0.0854205 0.00054642 0 0.0854205 40.8662 2.14561e+11 3.25008e+10 1.24913e+10 1.31671e+10 21769 863865 1.72852e+09 0.464493 0 0 0 3.33936e+07 280921 0.0723363 0.000608523
159 40.8662 0.0547155 0.000249192 0 0.0547155 42.7921 2.25891e+11 3.2501e+10 1.2519e+10 1.40137e+10 19992.3 858610 1.69236e+09 0.500248 0 0 0 3.78314e+07 167001 0.0747388 0.000329923
160 42.7921 0.0379253 0 0 0.0379253 44.8088 2.37627e+11 3.2501e+10 1.254e+10 1.49059e+10 18349.7 853046 1.65617e+09 0.538689 0 0 0 4.51368e+07 0 0.0813251 0
161 44.8088 0.0215063 0 0 0.0215063 46.9206 2.49771e+11 3.2501e+10 1.25531e+10 1.58455e+10 16832.2 847189 1.62e+09 0.580017 0 0 0 4.3996e+07 0 0.0722947 0
162 46.9206 0.0118974 0 0 0.0118974 49.1319 2.62325e+11 3.2501e+10 1.2561e+10 1.68346e+10 15431.4 841055 1.5839e+09 0.624444 0 0 0 4.28946e+07 0 0.064283 0
163 49.1319 0.00641331 0 0 0.00641331 51.4474 2.75289e+11 3.2501e+10 1.25657e+10 1.78751e+10 14139.5 834661 1.54793e+09 0.672201 0 0 0 4.18689e+07 0 0.057225 0
164 51.4474 0.00336456 0 0 0.00336456 53.8721 2.88665e+11 3.2501e+10 1.25684e+10 1.89692e+10 12949 828025 1.51214e+09 0.723535 0 0 0 4.08513e+07 0 0.0509213 0
165 53.8721 0.00171569 0 0 0.00171569 56.411 3.02452e+11 3.2501e+10 1.25699e+10 2.0119e+10 11852.6 821164 1.47657e+09 0.778708 0 0 0 3.98454e+07 0 0.0452973 0
166 56.411 0.000849241 0 0 0.000849241 59.0696 3.1665e+11 3.2501e+10 1.25708e+10 2.13268e+10 10843.9 814098 1.44129e+09 0.83801 0 0 0 3.885e+07 0 0.0402795 0
167 59.0696 0.000407475 0 0 0.000407475 61.8534 3.31258e+11 3.2501e+10 1.25712e+10 2.2595e+10 9916.4 806844 1.40632e+09 0.901745 0 0 0 3.78647e+07 0 0.0358037 0
168 61.8534 0.000189239 0 0 0.000189239 64.7685 3.46275e+11 3.2501e+10 1.25714e+10 2.39259e+10 9064.29 799422 1.37174e+09 0.970239 0 0 0 3.68891e+07 0 0.0318121 0
169 64.7685 8.49373e-05 0 0 8.49373e-05 67.8209 3.61697e+11 3.2501e+10 1.25715e+10 2.53221e+10 8281.99 791851 1.32571e+09 1.05318 0 0 0 3.59124e+07 0 0.0282448 0
170 67.8209 3.67845e-05 0 0 3.67845e-05 71.0172 3.77523e+11 3.2501e+10 1.25716e+10 2.67862e+10 7564.3 784151 1.29734e+09 1.12858 0 0 0 3.49337e+07 0 0.0250575 0
171 71.0172 1.53454e-05 0 0 1.53454e-05 74.3642 3.93748e+11 3.2501e+10 1.25716e+10 2.83211e+10 6906.33 776340 1.26933e+09 1.20917 0 0 0 3.39666e+07 0 0.0222201 0
172 74.3642 6.15573e-06 0 0 6.15573e-06 77.8689 4.10371e+11 3.2501e+10 1.25716e+10 2.99295e+10 6303.51 768438 1.24171e+09 1.29532 0 0 0 3.30192e+07 0 0.0196997 0
173 77.8689 2.37008e-06 0 0 2.37008e-06 81.5387 4.27385e+11 3.2501e+10 1.25716e+10 3.16145e+10 5751.59 760465 1.2145e+09 1.38741 0 0 0 3.20742e+07 0 0.0174521 0
174 81.5387 8.74168e-07 0 0 8.74168e-07 85.3815 4.44788e+11 3.2501e+10 1.25716e+10 3.33793e+10 5246.59 752440 1.18772e+09 1.48587 0 0 0 3.12021e+07 0 0.0154838 0
175 85.3815 3.08244e-07 0 0 3.08244e-07 89.4054 4.62573e+11 3.2501e+10 1.25716e+10 3.52272e+10 4784.79 744382 1.16137e+09 1.59114 0 0 0 3.03688e+07 0 0.0137442 0
176 89.4054 1.03692e-07 0 0 1.03692e-07 93.6189 4.80736e+11 3.2501e+10 1.25716e+10 3.71617e+10 4362.75 736310 1.13549e+09 1.7037 0 0 0 2.95232e+07 0 0.0121859 0
177 93.6189 3.32035e-08 0 0 3.32035e-08 98.0311 4.99271e+11 3.2501e+10 1.25716e+10 3.91866e+10 3977.27 728244 1.11008e+09 1.82409 0 0 0 2.86801e+07 0 0.0107963 0
178 98.0311 1.00972e-08 0 0 1.00972e-08 102.651 5.18171e+11 3.2501e+10 1.25716e+10 4.13058e+10 3625.35 720201 1.08517e+09 1.95285 0 0 0 2.77991e+07 0 0.00954387 0
179 102.651 2.909e-09 0 0 2.909e-09 107.489 5.37432e+11 3.2501e+10 1.25716e+10 4.35234e+10 3304.25 712200 1.06076e+09 2.09061 0 0 0 2.69172e+07 0 0.00842799 0
180 107.489 7.91966e-10 0 0 7.91966e-10 112.555 5.57045e+11 3.2501e+10 1.25716e+10 4.58439e+10 3011.4 704259 1.01207e+09 2.29283 0 0 0 2.59707e+07 0 0.00741613 0
181 112.555 2.03204e-10 0 0 2.03204e-10 117.859 5.77005e+11 3.2501e+10 1.25716e+10 4.8272e+10 2744.44 696397 1.00268e+09 2.42163 0 0 0 2.4978e+07 0 0.00650505 0
182 117.859 4.90012e-11 0 0 4.90012e-11 123.414 5.97305e+11 3.2501e+10 1.25716e+10 5.08128e+10 2501.19 688629 9.93368e+08 2.55772 0 0 0 2.40006e+07 0 0.00570054 0
183 123.414 1.1073e-11 0 0 1.1073e-11 129.23 6.17936e+11 3.2501e+10 1.25716e+10 5.34715e+10 2279.63 680973 9.84132e+08 2.70163 0 0 0 2.3018e+07 0 0.00498611 0
184 129.23 2.33763e-12 0 0 2.33763e-12 135.321 6.38893e+11 3.2501e+10 1.25716e+10 5.62541e+10 2077.89 673446 9.74954e+08 2.85401 0 0 0 2.20272e+07 0 0.00435163 0
185 135.321 4.59566e-13 0 0 4.59566e-13 141.698 6.60167e+11 3.2501e+10 1.25716e+10 5.91665e+10 1894.27 666063 9.65827e+08 3.01549 0 0 0 2.10291e+07 0 0.00378891 0
186 141.698 8.38542e-14 0 0 8.38542e-14 148.376 6.81752e+11 3.2501e+10 1.25716e+10 6.22155e+10 1727.19 658841 9.5674e+08 3.18685 0 0 0 2.00708e+07 0 0.00329806 0
187 148.376 1.41508e-14 0 0 1.41508e-14 155.369 7.03639e+11 3.2501e+10 1.25716e+10 6.54081e+10 1575.2 651794 9.47676e+08 3.36892 0 0 0 1.91382e+07 0 0.0028681 0
188 155.369 2.20049e-15 0 0 2.20049e-15 162.691 7.25821e+11 3.2501e+10 1.25716e+10 6.87521e+10 1436.97 644939 9.38637e+08 3.56258 0 0 0 1.81204e+07 0 0.00247664 0
189 162.691 3.14097e-16 0 0 3.14097e-16 170.358 7.4829e+11 3.2501e+10 1.25716e+10 7.22557e+10 1311.28 638288 9.29606e+08 3.76887 0 0 0 1.70126e+07 0 0.00212063 0
190 170.358 4.09889e-17 0 0 4.09889e-17 178.387 7.71039e+11 3.2501e+10 1.25716e+10 7.59278e+10 1197.01 631856 9.20575e+08 3.9889 0 0 0 1.58022e+07 0 0.00179643 0
191 178.387 4.86956e-18 0 0 4.86956e-18 186.794 7.9406e+11 3.2501e+10 1.25716e+10 7.9778e+10 1093.13 625656 9.03845e+08 4.25985 0 0 0 1.44589e+07 0 0.00149909 0
192 186.794 5.24341e-19 0 0 5.24341e-19 195.598 8.17345e+11 3.2501e+10 1.25716e+10 8.38169e+10 998.721 619702 8.96575e+08 4.50478 0 0 0 1.29965e+07 0 0.00122891 0
193 195.598 5.09363e-20 0 0 5.09363e-20 204.816 8.40886e+11 3.2501e+10 1.25716e+10 8.80557e+10 912.913 614007 8.89185e+08 4.76708 0 0 0 1.15364e+07 0 0.00099486 0
194 204.816 4.44244e-21 0 0 4.44244e-21 214.469 8.64677e+11 3.2501e+10 1.25716e+10 9.25068e+10 834.927 608582 8.81665e+08 5.04847 0 0 0 9.79363e+06 0 0.000770259 0
195 214.469 3.46093e-22 0 0 3.46093e-22 224.576 8.88709e+11 3.2501e+10 1.25716e+10 9.71834e+10 764.048 603440 8.74006e+08 5.35084 0 0 0 7.88005e+06 0 0.000565226 0
196 224.576 2.39568e-23 0 0 2.39568e-23 235.16 9.12975e+11 3.2501e+10 1.25716e+10 1.021e+11 699.627 598592 8.66199e+08 5.67628 0 0 0 5.80907e+06 0 0.000380014 0
197 235.16 1.46525e-24 0 0 1.46525e-24 246.243 9.37468e+11 3.2501e+10 1.25716e+10 1.07273e+11 641.068 594050 8.58226e+08 6.02723 0 0 0 3.73799e+06 0 0.000223014 0
198 246.243 7.87244e-26 0 0 7.87244e-26 257.848 9.6218e+11 3.2501e+10 1.25716e+10 1.12719e+11 587.832 589824 8.50082e+08 6.40631 0 0 0 1.24232e+06 0 6.75969e-05 0
199 257.848 3.69289e-27 0 0 3.69289e-27 270 9.87105e+11 3.2501e+10 1.25716e+10 1.12719e+11 0 0 0 0 0 0 0 0 0 0 0
