0 0.027 6.24882 1885.19 5.9746 0.274217 0.0282725 374666 416544 1380.72 1125.33 1.17162e+07 46147.1 5.19929e+06 4.95353e-05 7.36412e+13 0 0 482.33 21122.1 2.18292 95.5939
1 0.0282725 6.24679 1879.91 5.97237 0.274412 0.0296049 410786 871999 2894.15 1284.28 1.13354e+07 47487.3 701323 5.03148e-05 7.36227e+13 0 0 528.232 23088.3 2.18031 95.2982
2 0.0296049 6.24466 1874.15 5.97004 0.274616 0.0310001 450386 1.36986e+06 4553.03 1460.83 1.09665e+07 48864.9 743957 5.111e-05 7.36033e+13 0 0 578.471 25234.1 2.17758 94.9907
3 0.0310001 6.24243 1868.17 5.9676 0.274828 0.0324611 493802 1.91402e+06 6371.31 1656.94 1.06091e+07 50280.9 789145 5.17173e-05 7.3583e+13 0 0 633.453 27575.5 2.17474 94.671
4 0.0324611 6.24009 1861.94 5.96504 0.27505 0.033991 541402 2.50868e+06 8364.26 1874.75 1.02628e+07 51736.3 837038 5.07477e-05 7.35618e+13 0 0 693.621 30129.8 2.17178 94.3386
5 0.033991 6.23765 1855.47 5.96236 0.275282 0.0355929 593587 3.15845e+06 10548.6 2116.66 9.92733e+06 53232.1 887794 4.9802e-05 7.35395e+13 0 0 759.457 32915.7 2.16869 93.9932
6 0.0355929 6.23509 1848.74 5.95956 0.275524 0.0372704 650800 3.86833e+06 12942.8 2385.31 9.60236e+06 54769.3 941581 4.8879e-05 7.35163e+13 0 0 831.491 35953.6 2.16546 93.6345
7 0.0372704 6.23241 1841.76 5.95663 0.275777 0.0390269 713525 4.64376e+06 15566.8 2683.66 9.28755e+06 56349 998575 4.80596e-05 7.34919e+13 0 0 910.297 39265.5 2.1621 93.262
8 0.0390269 6.2296 1834.51 5.95356 0.27604 0.0408662 782292 5.49065e+06 18442.6 3014.95 8.98259e+06 57972.2 1.05896e+06 4.74256e-05 7.34664e+13 0 0 996.505 42875.3 2.1586 92.8754
9 0.0408662 6.22666 1826.99 5.95035 0.276315 0.0427921 857683 6.41544e+06 21594.4 3382.82 8.68718e+06 59640 1.12295e+06 4.68047e-05 7.34398e+13 0 0 1090.8 46808.7 2.15495 92.4742
10 0.0427921 6.22359 1819.19 5.94699 0.276602 0.0448088 940335 7.42512e+06 25048.6 3791.28 8.40104e+06 61353.7 1.19073e+06 4.61976e-05 7.34118e+13 0 0 1193.93 51093.8 2.15115 92.058
11 0.0448088 6.22037 1811.1 5.94347 0.276901 0.0469206 1.03095e+06 8.52729e+06 28834.1 4244.78 8.12387e+06 63114.2 1.26253e+06 4.56592e-05 7.33826e+13 0 0 1306.7 55760.7 2.14719 91.6266
12 0.0469206 6.217 1802.71 5.93978 0.277213 0.0491319 1.13029e+06 9.73019e+06 32982.6 4748.26 7.8554e+06 64922.8 1.33859e+06 4.65979e-05 7.3352e+13 0 0 1430.02 60841.9 2.14307 91.1793
13 0.0491319 6.21347 1794.01 5.93593 0.277538 0.0514474 1.23919e+06 1.10428e+07 37528.7 5307.2 7.59537e+06 66780.7 1.41915e+06 4.75596e-05 7.332e+13 0 0 1564.84 66372.9 2.13877 90.7161
14 0.0514474 6.20977 1785.01 5.93189 0.277877 0.0538721 1.35858e+06 1.24748e+07 42510.5 5927.67 7.34352e+06 68689.1 1.50447e+06 4.85446e-05 7.32865e+13 0 0 1712.23 72391.6 2.1343 90.2363
15 0.0538721 6.2059 1775.69 5.92767 0.278231 0.056411 1.48946e+06 1.40368e+07 47969.4 6616.4 7.0996e+06 70649.3 1.59483e+06 4.95541e-05 7.32514e+13 0 0 1873.33 78939 2.12965 89.7398
16 0.056411 6.20185 1766.05 5.92325 0.278599 0.0590696 1.63294e+06 1.57401e+07 53951.2 7380.86 6.86336e+06 72662.4 1.6905e+06 5.25145e-05 7.32147e+13 0 0 2049.39 86059.5 2.1248 89.2262
17 0.0590696 6.19761 1756.07 5.91863 0.278983 0.0618534 1.79023e+06 1.75973e+07 60505.6 8229.31 6.63457e+06 74729.8 1.79181e+06 5.57906e-05 7.31763e+13 0 0 2241.79 93800.6 2.11977 88.695
18 0.0618534 6.19317 1745.76 5.91379 0.279383 0.0647685 1.96266e+06 1.96217e+07 67687.1 9170.93 6.413e+06 76852.7 1.89907e+06 5.92727e-05 7.31361e+13 0 0 2452 102214 2.11453 88.1461
19 0.0647685 6.18853 1735.1 5.90873 0.279799 0.0678209 2.15169e+06 2.18278e+07 75555.7 10215.9 6.19843e+06 79032.6 2.01262e+06 6.29735e-05 7.3094e+13 0 0 2681.64 111354 2.10908 87.579
20 0.0678209 6.18366 1724.1 5.90343 0.280233 0.0710172 2.3589e+06 2.42314e+07 84176.6 11375.4 5.99065e+06 81270.8 2.13282e+06 6.84658e-05 7.305e+13 0 0 2932.47 121281 2.10342 86.9935
21 0.0710172 6.17857 1712.74 5.89789 0.280685 0.0743642 2.58604e+06 2.68496e+07 93621.4 12662.1 5.78944e+06 83568.5 2.26004e+06 7.48549e-05 7.30039e+13 0 0 3206.39 132059 2.09754 86.3894
22 0.0743642 6.17324 1701.03 5.89209 0.281155 0.0778689 2.83504e+06 2.97008e+07 103969 14089.6 5.5946e+06 85927.4 2.39469e+06 8.18385e-05 7.29557e+13 0 0 3505.5 143755 2.09143 85.7665
23 0.0778689 6.16767 1688.95 5.88602 0.281644 0.0815387 3.10799e+06 3.28048e+07 115304 15673.3 5.40595e+06 88348.6 2.53718e+06 8.94718e-05 7.29053e+13 0 0 3832.04 156444 2.08508 85.1243
24 0.0815387 6.16183 1676.5 5.87967 0.282153 0.0853815 3.40718e+06 3.61832e+07 127721 17430.3 5.22328e+06 90833.8 2.68796e+06 9.84469e-05 7.28525e+13 0 0 4188.47 170205 2.07849 84.4629
25 0.0853815 6.15572 1663.68 5.87303 0.282683 0.0894054 3.73514e+06 3.98592e+07 141322 19379.2 5.04642e+06 93384.4 2.8475e+06 0.000108848 7.27973e+13 0 0 4577.45 185121 2.07166 83.7819
26 0.0894054 6.14932 1650.49 5.86609 0.283234 0.0936189 4.09464e+06 4.38579e+07 156220 21541 4.87519e+06 96001.8 3.01628e+06 0.000120342 7.27396e+13 0 0 5001.89 201284 2.06456 83.0811
27 0.0936189 6.14263 1636.91 5.85882 0.283808 0.0980311 4.48868e+06 4.82063e+07 172538 23938.6 4.70941e+06 98687.6 3.19482e+06 0.000133045 7.26791e+13 0 0 5464.89 218789 2.05719 82.3606
28 0.0980311 6.13563 1622.96 5.85122 0.284405 0.102651 4.9206e+06 5.29336e+07 190410 26597.6 4.54891e+06 101443 3.38366e+06 0.000145521 7.26159e+13 0 0 5969.85 237740 2.04954 81.6198
29 0.102651 6.1283 1608.61 5.84327 0.285027 0.107489 5.39402e+06 5.80712e+07 209982 29546.3 4.39354e+06 104270 3.58339e+06 0.000158272 7.25497e+13 0 0 6520.47 258247 2.04161 80.859
30 0.107489 6.12063 1593.88 5.83496 0.285673 0.112555 5.91291e+06 6.36528e+07 231416 32816 4.24313e+06 107171 3.7946e+06 0.000172138 7.24805e+13 0 0 7120.76 280425 2.03339 80.0776
31 0.112555 6.11261 1578.75 5.82627 0.286345 0.117859 6.48165e+06 6.97149e+07 254887 36441.2 4.09753e+06 110145 4.01792e+06 0.000187216 7.24081e+13 0 0 7775.03 304401 2.02486 79.2757
32 0.117859 6.10422 1563.22 5.81718 0.287043 0.123414 7.10501e+06 7.62964e+07 280588 40460.4 3.95659e+06 113196 4.25404e+06 0.000203001 7.23324e+13 0 0 8487.98 330305 2.01603 78.4529
33 0.123414 6.09544 1547.29 5.80767 0.28777 0.12923 7.78821e+06 8.34393e+07 308727 44915.9 3.82018e+06 116325 4.50364e+06 0.000219626 7.22532e+13 0 0 9264.67 358279 2.00689 77.6094
34 0.12923 6.08626 1530.96 5.79774 0.288524 0.135321 8.53699e+06 9.11888e+07 339534 49854.8 3.68814e+06 119534 4.76747e+06 0.000237609 7.21704e+13 0 0 10110.6 388469 1.99742 76.745
35 0.135321 6.07666 1514.22 5.78735 0.289309 0.141698 9.35762e+06 9.95929e+07 373261 55328.8 3.56035e+06 122823 5.0463e+06 0.000257064 7.20839e+13 0 0 11031.6 421034 1.98761 75.8596
36 0.141698 6.06662 1497.08 5.7765 0.290124 0.148376 1.0257e+07 1.08704e+08 410180 61395.5 3.43668e+06 126196 5.34095e+06 0.000277492 7.19933e+13 0 0 12034.2 456139 1.97747 74.9533
37 0.148376 6.05613 1479.54 5.76516 0.290972 0.155369 1.12426e+07 1.18576e+08 450591 68118.5 3.31699e+06 129653 5.65228e+06 0.000298593 7.18986e+13 0 0 13125.1 493959 1.96697 74.026
38 0.155369 6.04515 1461.6 5.7533 0.291853 0.162691 1.23228e+07 1.2927e+08 494821 75567.9 3.20116e+06 133196 5.98118e+06 0.0003213 7.17997e+13 0 0 14312 534679 1.95611 73.078
39 0.162691 6.03368 1443.25 5.74092 0.292768 0.170358 1.35064e+07 1.40849e+08 543226 83821.5 3.08908e+06 136827 6.32861e+06 0.000345737 7.16962e+13 0 0 15602.7 578494 1.94488 72.1095
40 0.170358 6.02169 1424.51 5.72798 0.293719 0.178387 1.48035e+07 1.53379e+08 596195 92965.2 2.98062e+06 140548 6.69556e+06 0.000372034 7.1588e+13 0 0 17006 625607 1.93328 71.1206
41 0.178387 6.00916 1405.38 5.71445 0.29471 0.186794 1.62249e+07 1.66934e+08 654154 103094 2.87568e+06 144360 7.08306e+06 0.000396093 7.14749e+13 0 0 18530.8 676234 1.92126 70.1117
42 0.186794 5.99607 1385.87 5.70033 0.295739 0.195598 1.77824e+07 1.81591e+08 717567 114313 2.77415e+06 148265 7.4922e+06 0.000421597 7.13567e+13 0 0 20187.3 730601 1.90885 69.0834
43 0.195598 5.98239 1365.98 5.68558 0.296809 0.204816 1.9489e+07 1.97431e+08 786938 126738 2.67592e+06 152265 7.92414e+06 0.000448757 7.12331e+13 0 0 21986.4 788937 1.89604 68.0355
44 0.204816 5.9681 1345.72 5.67018 0.297919 0.214469 2.1359e+07 2.14541e+08 862821 140496 2.58088e+06 156362 8.38008e+06 0.000477687 7.1104e+13 0 0 23939.4 851494 1.88281 66.9692
45 0.214469 5.95317 1325.1 5.6541 0.299072 0.224576 2.34078e+07 2.33015e+08 945816 155731 2.48895e+06 160557 8.86127e+06 0.00050943 7.0969e+13 0 0 26058.9 918526 1.86917 65.8848
46 0.224576 5.93758 1304.14 5.63731 0.300269 0.23516 2.56525e+07 2.5295e+08 1.03658e+06 172598 2.40002e+06 164852 9.36902e+06 0.000545314 7.08281e+13 0 0 28358 990298 1.85511 64.7828
47 0.23516 5.92131 1282.84 5.61979 0.301514 0.246243 2.81118e+07 2.74452e+08 1.13583e+06 191269 2.314e+06 169249 9.90472e+06 0.000583734 7.06808e+13 0 0 30850.7 1.06709e+06 1.84059 63.6639
48 0.246243 5.90432 1261.21 5.60151 0.302809 0.257848 3.08061e+07 2.97631e+08 1.24434e+06 211936 2.23079e+06 173750 1.04698e+07 0.000624881 7.05268e+13 0 0 33551.9 1.14918e+06 1.82562 62.5288
49 0.257848 5.88658 1239.28 5.58243 0.304153 0.27 3.37577e+07 3.22605e+08 1.36296e+06 234809 2.15032e+06 178356 1.10658e+07 0.00066796 7.03661e+13 0 0 36478.3 1.23687e+06 1.8102 61.3785
50 0.27 5.86807 1217.04 5.56252 0.305547 0.282725 3.6991e+07 3.49496e+08 1.49262e+06 260120 2.0725e+06 183069 1.16943e+07 0.000711356 7.01982e+13 0 0 39647 1.33046e+06 1.79433 60.2135
51 0.282725 5.84876 1194.53 5.54177 0.306994 0.296049 4.05329e+07 3.78436e+08 1.63432e+06 288126 1.99724e+06 187891 1.23569e+07 0.000757603 7.00229e+13 0 0 43076.5 1.43026e+06 1.77801 59.0349
52 0.296049 5.82862 1171.75 5.52012 0.308498 0.310001 4.44124e+07 4.09564e+08 1.78916e+06 319109 1.92446e+06 192823 1.30554e+07 0.000806892 6.98399e+13 0 0 46786 1.5366e+06 1.7612 57.8436
53 0.310001 5.80761 1148.73 5.49755 0.310062 0.324611 4.86618e+07 4.43024e+08 1.95832e+06 353381 1.8541e+06 197867 1.37915e+07 0.000859425 6.96488e+13 0 0 50795.9 1.64981e+06 1.7439 56.6406
54 0.324611 5.78571 1125.48 5.47403 0.311684 0.33991 5.33159e+07 4.78969e+08 2.14311e+06 391288 1.78606e+06 203025 1.45672e+07 0.000927829 6.94493e+13 0 0 55129 1.77021e+06 1.72613 55.4267
55 0.33991 5.76288 1102.01 5.44951 0.313367 0.355929 5.8413e+07 5.17561e+08 2.34492e+06 433207 1.72028e+06 208298 1.53843e+07 0.00100881 6.92411e+13 0 0 59808.7 1.89814e+06 1.70788 54.2029
56 0.355929 5.73909 1078.36 5.42398 0.315115 0.372704 6.3995e+07 5.58967e+08 2.56529e+06 479558 1.65669e+06 213688 1.62451e+07 0.00109682 6.90238e+13 0 0 64859.4 2.03396e+06 1.68914 52.9707
57 0.372704 5.71431 1054.54 5.39737 0.316933 0.390269 7.01078e+07 6.03366e+08 2.80587e+06 530801 1.59522e+06 219196 1.71514e+07 0.00119248 6.87971e+13 0 0 70306.1 2.17799e+06 1.66989 51.7308
58 0.390269 5.6885 1030.56 5.36968 0.318819 0.408662 7.68013e+07 6.50941e+08 3.06848e+06 587445 1.53581e+06 224824 1.81057e+07 0.00130472 6.85606e+13 0 0 76177.8 2.33059e+06 1.65014 50.4846
59 0.408662 5.66162 1006.46 5.34085 0.320775 0.427921 8.41303e+07 7.01886e+08 3.35506e+06 650049 1.47838e+06 230573 1.91102e+07 0.0014769 6.8314e+13 0 0 82503.3 2.49208e+06 1.62991 49.2329
60 0.427921 5.63365 982.24 5.31084 0.322812 0.448088 9.21546e+07 7.56402e+08 3.66774e+06 719229 1.42288e+06 236445 2.01673e+07 0.00167148 6.80568e+13 0 0 89310.8 2.66281e+06 1.60915 47.977
61 0.448088 5.60455 957.94 5.27963 0.324926 0.469206 1.0094e+08 8.14699e+08 4.00881e+06 795665 1.36925e+06 242441 2.12795e+07 0.00189132 6.77886e+13 0 0 96633.8 2.84312e+06 1.5879 46.7184
62 0.469206 5.57429 933.581 5.24717 0.327118 0.491319 1.10557e+08 8.76995e+08 4.38077e+06 880104 1.31742e+06 248562 2.24494e+07 0.00213964 6.75091e+13 0 0 104506 3.03334e+06 1.56616 45.4584
63 0.491319 5.54282 909.18 5.21342 0.329401 0.514474 1.21084e+08 9.43515e+08 4.78631e+06 973367 1.26735e+06 254810 2.36797e+07 0.00245602 6.72178e+13 0 0 112959 3.23376e+06 1.54389 44.1979
64 0.514474 5.51012 884.763 5.17835 0.331771 0.538721 1.32606e+08 1.01449e+09 5.22836e+06 1.07636e+06 1.21898e+06 261185 2.49732e+07 0.00284678 6.69142e+13 0 0 122031 3.4447e+06 1.52112 42.9383
65 0.538721 5.47615 860.362 5.14192 0.33423 0.56411 1.45217e+08 1.09018e+09 5.71006e+06 1.19008e+06 1.17224e+06 267689 2.63328e+07 0.00329861 6.65981e+13 0 0 131760 3.66647e+06 1.49788 41.6813
66 0.56411 5.44088 835.984 5.10408 0.336793 0.590696 1.59018e+08 1.17081e+09 6.23484e+06 1.31562e+06 1.1271e+06 274322 2.77615e+07 0.00382085 6.62687e+13 0 0 142179 3.89927e+06 1.47411 40.4275
67 0.590696 5.40427 811.672 5.06481 0.339451 0.618534 1.7412e+08 1.25665e+09 6.80638e+06 1.45418e+06 1.0835e+06 281085 2.92624e+07 0.0044242 6.59259e+13 0 0 153333 4.14342e+06 1.44987 39.1789
68 0.618534 5.36629 787.444 5.02407 0.342218 0.647685 1.90644e+08 1.34796e+09 7.42865e+06 1.60709e+06 1.0414e+06 287980 3.01949e+07 0.00506405 6.5569e+13 0 0 165259 4.39912e+06 1.42514 37.9366
69 0.647685 5.3269 763.354 4.98181 0.345089 0.678209 2.08722e+08 1.44502e+09 8.10595e+06 1.7758e+06 1.00073e+06 295006 2.92118e+07 0.00577532 6.51977e+13 0 0 178001 4.66675e+06 1.39996 36.7035
70 0.678209 5.28607 739.409 4.938 0.348072 0.710172 2.28499e+08 1.5481e+09 8.8429e+06 1.9619e+06 961474 302165 2.82636e+07 0.00658454 6.48114e+13 0 0 191600 4.9464e+06 1.37432 35.4799
71 0.710172 5.24379 715.639 4.89261 0.351173 0.743642 2.50132e+08 1.6575e+09 9.64449e+06 2.16715e+06 923570 309456 2.73491e+07 0.00750484 6.44097e+13 0 0 206099 5.23827e+06 1.34824 34.2674
72 0.743642 5.20001 692.044 4.84561 0.354398 0.778689 2.73792e+08 1.77349e+09 1.05161e+07 2.39347e+06 886979 316879 2.64753e+07 0.00854846 6.39921e+13 0 0 221538 5.54227e+06 1.32173 33.066
73 0.778689 5.15472 668.643 4.79697 0.357756 0.815387 2.99666e+08 1.89638e+09 1.14634e+07 2.64298e+06 851660 324436 2.62354e+07 0.00951028 6.3558e+13 0 0 237958 5.8584e+06 1.29477 31.8766
74 0.815387 5.1079 645.46 4.74665 0.361251 0.853815 3.27958e+08 2.02645e+09 1.24927e+07 2.91799e+06 817572 332126 2.59969e+07 0.0105784 6.31071e+13 0 0 255401 6.18663e+06 1.26741 30.7007
75 0.853815 5.05953 622.514 4.69464 0.364891 0.894054 3.58891e+08 2.164e+09 1.36107e+07 3.22103e+06 784677 339948 2.57599e+07 0.0117642 6.26388e+13 0 0 273906 6.52683e+06 1.23964 29.539
76 0.894054 5.00959 599.832 4.64091 0.368686 0.936189 3.92706e+08 2.30932e+09 1.48244e+07 3.5549e+06 752937 347902 2.55243e+07 0.0130804 6.21526e+13 0 0 293511 6.87892e+06 1.21148 28.3932
77 0.936189 4.95807 577.443 4.58543 0.37264 0.980311 4.29666e+08 2.46272e+09 1.61415e+07 3.92264e+06 722314 355989 2.53627e+07 0.0144993 6.16481e+13 0 0 314253 7.24276e+06 1.18297 27.2645
78 0.980311 4.90496 555.364 4.52819 0.376765 1.02651 4.70059e+08 2.62448e+09 1.75702e+07 4.32759e+06 692775 364206 2.57091e+07 0.0157514 6.11248e+13 0 0 336165 7.61803e+06 1.15411 26.1539
79 1.02651 4.85025 533.619 4.46918 0.381067 1.07489 5.14197e+08 2.79491e+09 1.91192e+07 4.77342e+06 664283 372552 2.60553e+07 0.0171109 6.05822e+13 0 0 359279 8.00447e+06 1.12493 25.0626
80 1.07489 4.79393 512.245 4.40838 0.38555 1.12555 5.62418e+08 2.97429e+09 2.0798e+07 5.26413e+06 636807 381028 2.64009e+07 0.0185868 6.00198e+13 0 0 383630 8.40196e+06 1.09548 23.9924
81 1.12555 4.73601 491.242 4.34579 0.390228 1.17859 6.15094e+08 3.16292e+09 2.26166e+07 5.8041e+06 610312 389631 2.67457e+07 0.0201889 5.94373e+13 0 0 409236 8.80971e+06 1.06578 22.9433
82 1.17859 4.6765 470.651 4.2814 0.395102 1.23414 6.72624e+08 3.36107e+09 2.45855e+07 6.39812e+06 584770 398359 2.7088e+07 0.0219292 5.88341e+13 0 0 436130 9.22763e+06 1.03588 21.9171
83 1.23414 4.6154 450.479 4.21521 0.40018 1.2923 7.35446e+08 3.56903e+09 2.67162e+07 7.05143e+06 560148 407212 2.77944e+07 0.023505 5.821e+13 0 0 464328 9.65497e+06 1.00582 20.9143
84 1.2923 4.55272 430.736 4.14725 0.405474 1.35321 8.04034e+08 3.78707e+09 2.90207e+07 7.76975e+06 536417 416186 2.85101e+07 0.0251953 5.75644e+13 0 0 493844 1.00909e+07 0.975625 19.9352
85 1.35321 4.4885 411.444 4.07751 0.410985 1.41698 8.78901e+08 4.01542e+09 3.15119e+07 8.55933e+06 513550 425279 2.92344e+07 0.0270087 5.68971e+13 0 0 524693 1.05347e+07 0.945364 18.9808
86 1.41698 4.42272 392.623 4.00601 0.416712 1.48376 9.60608e+08 4.25436e+09 3.42034e+07 9.427e+06 491517 434488 2.99669e+07 0.0289542 5.62077e+13 0 0 556899 1.09857e+07 0.915102 18.0518
87 1.48376 4.35549 374.228 3.9328 0.422693 1.55369 1.04976e+09 4.50407e+09 3.71097e+07 1.03802e+07 470294 443811 3.07071e+07 0.0310418 5.54959e+13 0 0 590413 1.14413e+07 0.884809 17.1462
88 1.55369 4.28679 356.321 3.85789 0.428905 1.62691 1.14701e+09 4.76478e+09 4.02461e+07 1.14271e+07 449853 453244 3.13626e+07 0.033379 5.47615e+13 0 0 625276 1.19015e+07 0.854604 16.2666
89 1.62691 4.21669 338.889 3.78132 0.435371 1.70358 1.25308e+09 5.03665e+09 4.3629e+07 1.25764e+07 430169 462783 3.19806e+07 0.0359392 5.40042e+13 0 0 661454 1.23644e+07 0.824505 15.4122
90 1.70358 4.14524 321.927 3.70314 0.442096 1.78387 1.36874e+09 5.31983e+09 4.72753e+07 1.38379e+07 411218 472425 3.25998e+07 0.0386966 5.32238e+13 0 0 698936 1.28277e+07 0.794567 14.5828
91 1.78387 4.07248 305.444 3.62341 0.449068 1.86794 1.49481e+09 5.61444e+09 5.12032e+07 1.52221e+07 392977 482166 3.32198e+07 0.0416663 5.24203e+13 0 0 737728 1.32894e+07 0.764873 13.7784
92 1.86794 3.99837 289.467 3.54213 0.456241 1.95598 1.63221e+09 5.92057e+09 5.54318e+07 1.67403e+07 375422 492000 3.38397e+07 0.0448651 5.15934e+13 0 0 777903 1.37482e+07 0.735561 12.9999
93 1.95598 3.92305 273.957 3.45941 0.463638 2.04816 1.78191e+09 6.23824e+09 5.99809e+07 1.8405e+07 358531 501922 3.44537e+07 0.0483178 5.07434e+13 0 0 819408 1.41996e+07 0.706633 12.2453
94 2.04816 3.84631 258.964 3.3752 0.471103 2.14469 1.94497e+09 6.56751e+09 6.48714e+07 2.02297e+07 342283 511928 3.47954e+07 0.052442 4.987e+13 0 0 862519 1.46421e+07 0.678363 11.5159
95 2.14469 3.76803 244.477 3.28952 0.478515 2.24576 2.12253e+09 6.90834e+09 7.01246e+07 2.22292e+07 326657 522011 3.51307e+07 0.0569142 4.89735e+13 0 0 907480 1.50711e+07 0.650924 10.8103
96 2.24576 3.68766 230.517 3.20219 0.485473 2.3516 2.31582e+09 7.26072e+09 7.57617e+07 2.44192e+07 311633 532166 3.54592e+07 0.0617632 4.8054e+13 0 0 955117 1.54811e+07 0.624813 10.1273
97 2.3516 3.60273 217.191 3.11229 0.490434 2.46243 2.52616e+09 7.62476e+09 8.18003e+07 2.68173e+07 297190 542386 3.57801e+07 0.0670206 4.71115e+13 0 0 1.00876e+06 1.58607e+07 0.601841 9.46274
98 2.46243 1068.37 0.168741 0 1068.37 2.57848 2.755e+09 7.62507e+09 2.04529e+09 2.94419e+07 283311 552663 3.6093e+07 0.0727203 0 0 0 0 0 0 0
99 2.57848 997.623 0 0 997.623 2.7 3.00386e+09 7.62507e+09 4.05565e+09 3.23136e+07 269976 562991 3.63407e+07 0.0790219 0 0 0 0 0 0 0
100 2.7 930.365 0 0 930.365 2.82725 3.27442e+09 7.62507e+09 6.11135e+09 3.54544e+07 257167 573362 3.62367e+07 0.0866727 0 0 0 0 0 0 0
101 2.82725 866.502 0 0 866.502 2.96049 3.56844e+09 7.62507e+09 8.21066e+09 3.8888e+07 244868 583768 3.61274e+07 0.0950412 0 0 0 0 0 0 0
102 2.96049 805.934 0 0 805.934 3.10001 3.88785e+09 7.62507e+09 1.03516e+10 4.26402e+07 233062 594200 3.60124e+07 0.104192 0 0 0 0 0 0 0
103 3.10001 748.563 0 0 748.563 3.24611 4.23471e+09 7.62507e+09 1.2532e+10 4.67388e+07 221731 604649 3.58917e+07 0.114195 0 0 0 0 0 0 0
104 3.24611 694.287 0 0 694.287 3.3991 4.61121e+09 7.62507e+09 1.47494e+10 5.1214e+07 210861 615105 3.57653e+07 0.125127 0 0 0 0 0 0 0
105 3.3991 643.005 0 0 643.005 3.55929 5.01972e+09 7.62507e+09 1.70012e+10 5.60982e+07 200436 625560 3.56331e+07 0.137068 0 0 0 0 0 0 0
106 3.55929 594.616 0 0 594.616 3.72704 5.46277e+09 7.62507e+09 1.92844e+10 6.14263e+07 190441 636002 3.54893e+07 0.150134 0 0 0 0 0 0 0
107 3.72704 549.018 0 0 549.018 3.90269 5.94307e+09 7.62507e+09 2.15959e+10 6.72361e+07 180861 646422 3.54604e+07 0.163839 0 0 0 0 0 0 0
108 3.90269 506.109 0 0 506.109 4.08662 6.46349e+09 7.62507e+09 2.39323e+10 7.35682e+07 171684 656807 3.54226e+07 0.178757 0 0 0 0 0 0 0
109 4.08662 465.787 0 0 465.787 4.27921 7.02712e+09 7.62507e+09 2.629e+10 8.04661e+07 162894 667147 3.5376e+07 0.194989 0 0 0 0 0 0 0
110 4.27921 427.952 0 0 427.952 4.48088 7.63724e+09 7.62507e+09 2.86652e+10 8.79769e+07 154478 677429 3.53201e+07 0.212648 0 0 0 0 0 0 0
111 4.48088 392.504 0 0 392.504 4.69206 8.29734e+09 7.62507e+09 3.10539e+10 9.61508e+07 146425 687642 3.52551e+07 0.231851 0 0 0 0 0 0 0
112 4.69206 359.343 0 0 359.343 4.91319 9.01114e+09 7.62507e+09 3.34517e+10 1.05042e+08 138721 697773 3.51806e+07 0.252729 0 0 0 0 0 0 0
113 4.91319 328.37 0 0 328.37 5.14474 9.78258e+09 7.62507e+09 3.58542e+10 1.14708e+08 131355 707809 3.50966e+07 0.275421 0 0 0 0 0 0 0
114 5.14474 299.49 0 0 299.49 5.38721 1.06158e+10 7.62507e+09 3.82568e+10 1.25212e+08 124314 717737 3.52462e+07 0.298005 0 0 0 0 0 0 0
115 5.38721 272.607 0 0 272.607 5.6411 1.15153e+10 7.62507e+09 4.06548e+10 1.36619e+08 117587 727544 3.54293e+07 0.321969 0 0 0 0 0 0 0
116 5.6411 247.625 0 0 247.625 5.90696 1.24857e+10 7.62507e+09 4.30432e+10 1.49001e+08 111164 737215 3.55953e+07 0.347846 0 0 0 0 0 0 0
117 5.90696 224.454 0 0 224.454 6.18534 1.3532e+10 7.62507e+09 4.54169e+10 1.62433e+08 105033 746738 3.57434e+07 0.375788 0 0 0 0 0 0 0
118 6.18534 203.002 0 0 203.002 6.47685 1.46594e+10 7.62507e+09 4.77709e+10 1.76996e+08 99183.3 756097 3.58731e+07 0.405962 0 0 0 0 0 0 0
119 6.47685 183.181 0 0 183.181 6.78209 1.58732e+10 7.62507e+09 5.01e+10 1.92776e+08 93605.6 765279 3.59839e+07 0.43854 0 0 0 0 0 0 0
120 6.78209 164.903 0 0 164.903 7.10172 1.71794e+10 7.62507e+09 5.2399e+10 2.09865e+08 88289.7 774269 3.60751e+07 0.473715 0 0 0 0 0 0 0
121 7.10172 148.083 0 0 148.083 7.43642 1.85839e+10 7.62507e+09 5.46627e+10 2.28361e+08 83225.9 783053 3.61466e+07 0.51169 0 0 0 0 0 0 0
122 7.43642 132.64 0 0 132.64 7.78689 2.00931e+10 7.62507e+09 5.68859e+10 2.48367e+08 78405 791616 3.61976e+07 0.552687 0 0 0 0 0 0 0
123 7.78689 118.493 0 0 118.493 8.15387 2.17135e+10 7.62507e+09 5.90636e+10 2.69993e+08 73817.9 799944 3.63142e+07 0.595526 0 0 0 0 0 0 0
124 8.15387 105.563 0 0 105.563 8.53815 2.3452e+10 7.62507e+09 6.11908e+10 2.93356e+08 69455.6 808023 3.64697e+07 0.640605 0 0 0 0 0 0 0
125 8.53815 93.7743 0 0 93.7743 8.94054 2.53159e+10 7.62507e+09 6.32628e+10 3.18579e+08 65309.7 815838 3.65979e+07 0.689188 0 0 0 0 0 0 0
126 8.94054 83.0544 0 0 83.0544 9.36189 2.73125e+10 7.62507e+09 6.5275e+10 3.45792e+08 61371.8 823375 3.66982e+07 0.741549 0 0 0 0 0 0 0
127 9.36189 73.3321 0 0 73.3321 9.80311 2.94496e+10 7.62507e+09 6.72231e+10 3.75134e+08 57633.7 830621 3.677e+07 0.797991 0 0 0 0 0 0 0
128 9.80311 64.5389 0 0 64.5389 10.2651 3.17352e+10 7.62507e+09 6.91029e+10 4.06751e+08 54087.6 837562 3.68128e+07 0.858844 0 0 0 0 0 0 0
129 10.2651 56.6092 0 0 56.6092 10.7489 3.41775e+10 7.62507e+09 7.09109e+10 4.40795e+08 50725.7 844184 3.68262e+07 0.924457 0 0 0 0 0 0 0
130 10.7489 49.4798 0 0 49.4798 11.2555 3.6785e+10 7.62507e+09 7.26437e+10 4.77429e+08 47540.6 850476 3.68096e+07 0.99522 0 0 0 0 0 0 0
131 11.2555 43.0902 0 0 43.0902 11.7859 3.95664e+10 7.62507e+09 7.42982e+10 5.16822e+08 44525.1 856424 3.67628e+07 1.07155 0 0 0 0 0 0 0
132 11.7859 37.3827 0 0 37.3827 12.3414 4.25308e+10 7.62507e+09 7.58721e+10 5.59153e+08 41672.2 862017 3.66858e+07 1.15389 0 0 0 0 0 0 0
133 12.3414 32.3021 0 0 32.3021 12.923 4.56871e+10 7.62507e+09 7.73633e+10 6.0461e+08 38974.8 867244 3.65782e+07 1.24273 0 0 0 0 0 0 0
134 12.923 27.796 0 0 27.796 13.5321 4.90449e+10 7.62507e+09 7.87703e+10 6.53389e+08 36426.5 872094 3.64405e+07 1.33859 0 0 0 0 0 0 0
135 13.5321 23.8146 0 0 23.8146 14.1698 5.26134e+10 7.62507e+09 8.00921e+10 7.05696e+08 34020.6 876557 3.62722e+07 1.44206 0 0 0 0 0 0 0
136 14.1698 20.3108 0 0 20.3108 14.8376 5.64024e+10 7.62507e+09 8.13281e+10 7.61746e+08 31751.1 880625 3.60738e+07 1.55375 0 0 0 0 0 0 0
137 14.8376 17.2403 0 0 17.2403 15.5369 6.04216e+10 7.62507e+09 8.24785e+10 8.21763e+08 29611.7 884288 3.58458e+07 1.67433 0 0 0 0 0 0 0
138 15.5369 14.5614 0 0 14.5614 16.2691 6.46807e+10 7.62507e+09 8.35439e+10 8.85983e+08 27596.5 887541 3.55884e+07 1.80452 0 0 0 0 0 0 0
139 16.2691 12.2348 0 0 12.2348 17.0358 6.91896e+10 7.62507e+09 8.45255e+10 9.5465e+08 25699.9 890375 3.53021e+07 1.94512 0 0 0 0 0 0 0
140 17.0358 10.2241 0 0 10.2241 17.8387 7.39581e+10 7.62507e+09 8.54248e+10 1.02802e+09 23916.2 892786 3.4945e+07 2.09954 0 0 0 0 0 0 0
141 17.8387 8.49521 0 0 8.49521 18.6794 7.89961e+10 7.62507e+09 8.62442e+10 1.10635e+09 22240.2 894768 3.45881e+07 2.26479 0 0 0 0 0 0 0
142 18.6794 7.0166 0 0 7.0166 19.5598 8.43134e+10 7.62507e+09 8.69862e+10 1.18993e+09 20666.5 896320 3.42082e+07 2.44316 0 0 0 0 0 0 0
143 19.5598 5.75919 0 0 5.75919 20.4816 8.99195e+10 7.62507e+09 8.76541e+10 1.27903e+09 19190.1 897437 3.38062e+07 2.63571 0 0 0 0 0 0 0
144 20.4816 4.69621 0 0 4.69621 21.4469 9.58242e+10 7.62507e+09 8.82512e+10 1.37396e+09 17806.3 898119 3.33829e+07 2.84357 0 0 0 0 0 0 0
145 21.4469 3.80321 0 0 3.80321 22.4576 1.02037e+11 7.62507e+09 8.87814e+10 1.47502e+09 16510.2 898366 3.29394e+07 3.06798 0 0 0 0 0 0 0
146 22.4576 3.05792 0 0 3.05792 23.516 1.08566e+11 7.62507e+09 8.92488e+10 1.58252e+09 15297.3 898177 3.24765e+07 3.31026 0 0 0 0 0 0 0
147 23.516 2.4402 0 0 2.4402 24.6243 1.15422e+11 7.62507e+09 8.96578e+10 1.6968e+09 14163.3 897557 3.19955e+07 3.57184 0 0 0 0 0 0 0
148 24.6243 1.93193 0 0 1.93193 25.7848 1.22612e+11 7.62507e+09 9.00129e+10 1.8182e+09 13103.9 896506 3.14975e+07 3.85427 0 0 0 0 0 0 0
149 25.7848 1.51691 0 0 1.51691 27 1.30145e+11 7.62507e+09 9.03186e+10 1.94707e+09 12115.2 895030 3.09835e+07 4.15923 0 0 0 0 0 0 0
150 27 1.18074 0 0 1.18074 28.2725 1.3803e+11 7.62507e+09 9.05795e+10 2.08377e+09 11193 893135 3.04549e+07 4.48854 0 0 0 0 0 0 0
151 28.2725 0.910743 0 0 0.910743 29.6049 1.46273e+11 7.62507e+09 9.08001e+10 2.22867e+09 10333.8 890826 2.99362e+07 4.84038 0 0 0 0 0 0 0
152 29.6049 0.695815 0 0 0.695815 31.0001 1.54882e+11 7.62507e+09 9.0985e+10 2.38217e+09 9533.97 888112 2.93638e+07 5.2273 0 0 0 0 0 0 0
153 31.0001 0.526319 0 0 0.526319 32.4611 1.63863e+11 7.62507e+09 9.11383e+10 2.54465e+09 8789.97 885000 2.87785e+07 5.64592 0 0 0 0 0 0 0
154 32.4611 0.39396 0 0 0.39396 33.991 1.73223e+11 7.62507e+09 9.12641e+10 2.71653e+09 8098.55 881502 2.8182e+07 6.09889 0 0 0 0 0 0 0
155 33.991 0.291665 0 0 0.291665 35.5929 1.82968e+11 7.62507e+09 9.13662e+10 2.89823e+09 7456.53 877627 2.75758e+07 6.58907 0 0 0 0 0 0 0
156 35.5929 0.21346 0 0 0.21346 37.2704 1.93103e+11 7.62507e+09 9.14482e+10 3.09018e+09 6860.92 873387 2.69613e+07 7.11961 0 0 0 0 0 0 0
157 37.2704 0.15435 0 0 0.15435 39.0269 2.03632e+11 7.62507e+09 9.15132e+10 3.29284e+09 6308.82 868795 2.63403e+07 7.69384 0 0 0 0 0 0 0
158 39.0269 0.110206 0 0 0.110206 40.8662 2.14561e+11 7.62507e+09 9.15641e+10 3.50666e+09 5797.5 863865 2.57141e+07 8.31544 0 0 0 0 0 0 0
159 40.8662 0.0776505 0 0 0.0776505 42.7921 2.25891e+11 7.62507e+09 9.16034e+10 3.73213e+09 5324.35 858610 2.50843e+07 8.98834 0 0 0 0 0 0 0
160 42.7921 0.0539575 0 0 0.0539575 44.8088 2.37627e+11 7.62507e+09 9.16333e+10 3.96973e+09 4886.87 853046 2.44523e+07 9.71688 0 0 0 nan nan nan nan
161 44.8088 0.036952 0 0 0.036952 46.9206 2.49771e+11 7.62507e+09 9.16558e+10 4.21997e+09 4482.73 847189 2.38196e+07 10.5057 0 0 0 nan nan nan nan
162 46.9206 0.0249229 0 0 0.0249229 49.1319 2.62325e+11 7.62507e+09 9.16724e+10 4.48337e+09 4109.69 841055 2.31875e+07 11.3598 0 0 0 nan nan nan nan
163 49.1319 0.0165431 0 0 0.0165431 51.4474 2.75289e+11 7.62507e+09 9.16845e+10 4.76048e+09 3765.63 834661 2.25573e+07 12.2847 0 0 0 nan nan nan nan
164 51.4474 0.0107985 0 0 0.0107985 53.8721 2.88665e+11 7.62507e+09 9.16932e+10 5.05186e+09 3448.56 828025 2.19305e+07 13.2863 0 0 0 nan nan nan nan
165 53.8721 0.00692602 0 0 0.00692602 56.411 3.02452e+11 7.62507e+09 9.16993e+10 5.35808e+09 3156.58 821164 2.13081e+07 14.3711 0 0 0 nan nan nan nan
166 56.411 0.00436134 0 0 0.00436134 59.0696 3.1665e+11 7.62507e+09 9.17035e+10 5.67974e+09 2887.93 814098 2.06912e+07 15.5459 0 0 0 nan nan nan nan
167 59.0696 0.00269395 0 0 0.00269395 61.8534 3.31258e+11 7.62507e+09 9.17063e+10 6.01748e+09 2640.93 806844 2.00813e+07 16.8183 0 0 0 nan nan nan nan
168 61.8534 0.00163077 0 0 0.00163077 64.7685 3.46275e+11 7.62507e+09 9.17082e+10 6.37192e+09 2414 799422 1.9479e+07 18.1964 0 0 0 nan nan nan nan
169 64.7685 0.000966519 0 0 0.000966519 67.8209 3.61697e+11 7.62507e+09 9.17095e+10 6.74376e+09 2205.66 791851 1.89174e+07 19.6558 0 0 0 nan nan nan nan
170 67.8209 0.000560283 0 0 0.000560283 71.0172 3.77523e+11 7.62507e+09 9.17102e+10 7.13369e+09 2014.52 784151 1.84043e+07 21.1869 0 0 0 nan nan nan nan
171 71.0172 0.00031734 0 0 0.00031734 74.3642 3.93748e+11 7.62507e+09 9.17107e+10 7.54245e+09 1839.29 776340 1.78991e+07 22.8367 0 0 0 nan nan nan nan
172 74.3642 0.000175421 0 0 0.000175421 77.8689 4.10371e+11 7.62507e+09 9.1711e+10 7.9708e+09 1678.75 768438 1.74025e+07 24.6144 0 0 0 nan nan nan nan
173 77.8689 9.45321e-05 0 0 9.45321e-05 81.5387 4.27385e+11 7.62507e+09 9.17112e+10 8.41955e+09 1531.76 760465 1.6915e+07 26.5299 0 0 0 nan nan nan nan
174 81.5387 4.96009e-05 0 0 4.96009e-05 85.3815 4.44788e+11 7.62507e+09 9.17113e+10 8.88955e+09 1397.27 752440 1.6437e+07 28.5939 0 0 0 nan nan nan nan
175 85.3815 2.53082e-05 0 0 2.53082e-05 89.4054 4.62573e+11 7.62507e+09 9.17114e+10 9.38168e+09 1274.28 744382 1.59689e+07 30.8181 0 0 0 nan nan nan nan
176 89.4054 1.25407e-05 0 0 1.25407e-05 93.6189 4.80736e+11 7.62507e+09 9.17114e+10 9.89688e+09 1161.89 736310 1.55112e+07 33.2149 0 0 0 nan nan nan nan
177 93.6189 6.02649e-06 0 0 6.02649e-06 98.0311 4.99271e+11 7.62507e+09 9.17114e+10 1.04361e+10 1059.22 728244 1.50643e+07 35.7976 0 0 0 nan nan nan nan
178 98.0311 2.80452e-06 0 0 2.80452e-06 102.651 5.18171e+11 7.62507e+09 9.17114e+10 1.10005e+10 965.501 720201 1.46284e+07 38.5809 0 0 0 nan nan nan nan
179 102.651 1.26196e-06 0 0 1.26196e-06 107.489 5.37432e+11 7.62507e+09 9.17114e+10 1.15911e+10 879.985 712200 1.42037e+07 41.5803 0 0 0 nan nan nan nan
180 107.489 5.48186e-07 0 0 5.48186e-07 112.555 5.57045e+11 7.62507e+09 9.17114e+10 1.22091e+10 801.994 704259 1.38522e+07 44.6137 0 0 0 nan nan nan nan
181 112.555 2.29501e-07 0 0 2.29501e-07 117.859 5.77005e+11 7.62507e+09 9.17114e+10 1.28558e+10 730.899 696397 1.35399e+07 47.7591 0 0 0 nan nan nan nan
182 117.859 9.24391e-08 0 0 9.24391e-08 123.414 5.97305e+11 7.62507e+09 9.17114e+10 1.35324e+10 666.116 688629 1.32349e+07 51.1265 0 0 0 nan nan nan nan
183 123.414 3.57558e-08 0 0 3.57558e-08 129.23 6.17936e+11 7.62507e+09 9.17114e+10 1.42405e+10 607.109 680973 1.29371e+07 54.7327 0 0 0 nan nan nan nan
184 129.23 1.32564e-08 0 0 1.32564e-08 135.321 6.38893e+11 7.62507e+09 9.17114e+10 1.49815e+10 553.383 673446 1.26466e+07 58.596 0 0 0 nan nan nan nan
185 135.321 4.70131e-09 0 0 4.70131e-09 141.698 6.60167e+11 7.62507e+09 9.17114e+10 1.57572e+10 504.481 666063 1.23636e+07 62.736 0 0 0 nan nan nan nan
186 141.698 1.59154e-09 0 0 1.59154e-09 148.376 6.81752e+11 7.62507e+09 9.17114e+10 1.65692e+10 459.984 658841 1.2088e+07 67.1744 0 0 0 nan nan nan nan
187 148.376 5.13175e-10 0 0 5.13175e-10 155.369 7.03639e+11 7.62507e+09 9.17114e+10 1.74195e+10 419.506 651794 1.182e+07 71.9341 0 0 0 nan nan nan nan
188 155.369 1.5724e-10 0 0 1.5724e-10 162.691 7.25821e+11 7.62507e+09 9.17114e+10 1.831e+10 382.692 644939 1.15597e+07 77.0405 0 0 0 nan nan nan nan
189 162.691 4.56731e-11 0 0 4.56731e-11 170.358 7.4829e+11 7.62507e+09 9.17114e+10 1.92431e+10 349.218 638288 1.13069e+07 82.5217 0 0 0 nan nan nan nan
190 170.358 1.25448e-11 0 0 1.25448e-11 178.387 7.71039e+11 7.62507e+09 9.17114e+10 2.0221e+10 318.786 631856 1.10618e+07 88.4077 0 0 0 nan nan nan nan
191 178.387 3.24957e-12 0 0 3.24957e-12 186.794 7.9406e+11 7.62507e+09 9.17114e+10 2.12464e+10 291.122 625656 1.08616e+07 94.4055 0 0 0 nan nan nan nan
192 186.794 7.91669e-13 0 0 7.91669e-13 195.598 8.17345e+11 7.62507e+09 9.17114e+10 2.23221e+10 265.979 619702 1.06513e+07 100.986 0 0 0 nan nan nan nan
193 195.598 1.80867e-13 0 0 1.80867e-13 204.816 8.40886e+11 7.62507e+09 9.17114e+10 2.34509e+10 243.126 614007 1.04471e+07 108.057 0 0 0 nan nan nan nan
194 204.816 3.86325e-14 0 0 3.86325e-14 214.469 8.64677e+11 7.62507e+09 9.17114e+10 2.46363e+10 222.357 608582 1.02491e+07 115.66 0 0 0 nan nan nan nan
195 214.469 7.69035e-15 0 0 7.69035e-15 224.576 8.88709e+11 7.62507e+09 9.17114e+10 2.58818e+10 203.481 603440 1.00571e+07 123.842 0 0 0 nan nan nan nan
196 224.576 1.42198e-15 0 0 1.42198e-15 235.16 9.12975e+11 7.62507e+09 9.17114e+10 2.71913e+10 186.324 598592 9.87122e+06 132.652 0 0 0 nan nan nan nan
197 235.16 2.4338e-16 0 0 2.4338e-16 246.243 9.37468e+11 7.62507e+09 9.17114e+10 2.85689e+10 170.729 594050 9.69138e+06 142.147 0 0 0 nan nan nan nan
198 246.243 3.8418e-17 0 0 3.8418e-17 257.848 9.6218e+11 7.62507e+09 9.17114e+10 3.00192e+10 156.551 589824 9.51755e+06 152.386 0 0 0 nan nan nan nan
199 257.848 5.57163e-18 0 0 5.57163e-18 270 9.87105e+11 7.62507e+09 9.17114e+10 3.00192e+10 0 0 0 0 0 0 0 nan nan nan nan
