0 0.027 7.64655 1910.05 7.44677 0.199777 0.0282725 374666 422039 1689.55 826.445 8.60444e+06 46147.1 3.81837e+06 3.30174e-05 8.53839e+13 0 0 868.554 18281.2 3.93088 82.7365
1 0.0282725 8.84736 1904.71 7.88689 0.960474 0.0296049 410786 883499 3833.04 943.177 8.32477e+06 47487.3 515053 3.35369e-05 8.58029e+13 0 0 160.567 6067.33 0.662748 25.0433
2 0.0296049 8.87714 1898.93 7.89563 0.981502 0.0310001 450386 1.38795e+06 6191.23 1072.84 8.05383e+06 48864.9 546364 3.4067e-05 8.57889e+13 0 0 171.923 6570.82 0.647184 24.7351
3 0.0310001 8.90728 1892.92 7.9044 1.00288 0.0324611 493802 1.93931e+06 8785.72 1216.86 7.79133e+06 50280.9 579550 3.43507e-05 8.57737e+13 0 0 184.111 7117.08 0.632083 24.434
4 0.0324611 8.93778 1886.66 7.91319 1.0246 0.033991 541402 2.54187e+06 11640.3 1376.82 7.53702e+06 51736.3 614723 3.42889e-05 8.57574e+13 0 0 197.195 7709.76 0.617432 24.1398
5 0.033991 8.96864 1880.17 7.92198 1.04666 0.0355929 593587 3.20029e+06 14781 1554.48 7.29066e+06 53232.1 651998 3.42302e-05 8.57398e+13 0 0 211.242 8352.85 0.603216 23.8522
6 0.0355929 8.99985 1873.42 7.93077 1.06907 0.0372704 650800 3.91964e+06 18236.8 1751.78 7.052e+06 54769.3 691499 3.41747e-05 8.57208e+13 0 0 226.326 9050.65 0.589424 23.5707
7 0.0372704 9.03138 1866.41 7.93955 1.09183 0.0390269 713525 4.70545e+06 22039.2 1970.88 6.8208e+06 56349 733356 3.45041e-05 8.57005e+13 0 0 242.527 9807.83 0.576041 23.2952
8 0.0390269 9.06324 1859.14 7.94831 1.11493 0.0408662 782292 5.56371e+06 26223.2 2214.19 6.59683e+06 57972.2 777706 3.44378e-05 8.56786e+13 0 0 259.931 10629.5 0.563055 23.0253
9 0.0408662 9.0954 1851.59 7.95703 1.13837 0.0427921 857683 6.50095e+06 30827.1 2484.35 6.37989e+06 59640 824694 3.43749e-05 8.56553e+13 0 0 278.63 11521.1 0.550454 22.7607
10 0.0427921 9.12786 1843.75 7.96571 1.16215 0.0448088 940335 7.52426e+06 35893.2 2784.33 6.16974e+06 61353.7 874473 3.43155e-05 8.56302e+13 0 0 298.725 12488.5 0.538226 22.5012
11 0.0448088 9.1606 1835.63 7.97433 1.18626 0.0469206 1.03095e+06 8.64136e+06 41468 3117.38 5.96619e+06 63114.2 927207 3.4827e-05 8.56035e+13 0 0 320.324 13538.4 0.52636 22.2464
12 0.0469206 9.1936 1827.21 7.98289 1.21071 0.0491319 1.13029e+06 9.86062e+06 47602.7 3487.14 5.76903e+06 64922.8 983065 3.57446e-05 8.5575e+13 0 0 343.544 14677.5 0.514844 21.9961
13 0.0491319 9.22684 1818.48 7.99135 1.23549 0.0514474 1.23919e+06 1.11911e+07 54353.6 3897.62 5.57806e+06 66780.7 1.04223e+06 3.66888e-05 8.55446e+13 0 0 368.512 15913.5 0.503668 21.75
14 0.0514474 9.26032 1809.44 7.99972 1.2606 0.0538721 1.35858e+06 1.26427e+07 61782.6 4353.3 5.3931e+06 68689.1 1.10489e+06 3.76604e-05 8.55122e+13 0 0 395.363 17254.6 0.492821 21.5079
15 0.0538721 9.294 1800.09 8.00797 1.28602 0.056411 1.48946e+06 1.42262e+07 69958 4859.1 5.21396e+06 70649.3 1.17124e+06 3.86608e-05 8.54777e+13 0 0 424.246 18709.6 0.482293 21.2695
16 0.056411 9.32787 1790.41 8.01609 1.31177 0.0590696 1.63294e+06 1.5953e+07 78954.8 5420.52 5.04047e+06 72662.4 1.24151e+06 4.09895e-05 8.54411e+13 0 0 455.321 20288 0.472075 21.0345
17 0.0590696 9.3619 1780.39 8.02407 1.33783 0.0618534 1.79023e+06 1.78359e+07 88855.6 6043.63 4.87244e+06 74729.8 1.31591e+06 4.33031e-05 8.54022e+13 0 0 488.759 22000.2 0.462156 20.8028
18 0.0618534 9.39608 1770.04 8.03188 1.3642 0.0647685 1.96266e+06 1.98884e+07 99751.3 6735.16 4.70972e+06 76852.7 1.39468e+06 4.57487e-05 8.53609e+13 0 0 524.748 23857.4 0.452527 20.5739
19 0.0647685 9.43037 1759.34 8.03951 1.39086 0.0678209 2.15169e+06 2.21254e+07 111742 7502.57 4.55214e+06 79032.6 1.47807e+06 4.83341e-05 8.53171e+13 0 0 563.489 25871.6 0.443179 20.3478
20 0.0678209 9.46476 1748.29 8.04693 1.41782 0.0710172 2.3589e+06 2.45628e+07 124937 8354.15 4.39955e+06 81270.8 1.56635e+06 5.12293e-05 8.52707e+13 0 0 605.201 28055.9 0.434104 20.1241
21 0.0710172 9.49921 1736.89 8.05413 1.44507 0.0743642 2.58604e+06 2.72178e+07 139458 9299.05 4.25178e+06 83568.5 1.65978e+06 5.5081e-05 8.52216e+13 0 0 650.121 30424.2 0.425292 19.9027
22 0.0743642 9.5337 1725.12 8.06109 1.4726 0.0778689 2.83504e+06 3.01094e+07 155438 10347.4 4.10869e+06 85927.4 1.75867e+06 5.92224e-05 8.51696e+13 0 0 698.502 32991.7 0.416736 19.6833
23 0.0778689 9.56819 1712.99 8.06779 1.5004 0.0815387 3.10799e+06 3.32575e+07 173022 11510.5 3.97014e+06 88348.6 1.86331e+06 6.36757e-05 8.51146e+13 0 0 750.623 35774.8 0.408428 19.4657
24 0.0815387 9.60266 1700.49 8.07419 1.52847 0.0853815 3.40718e+06 3.66843e+07 192373 12800.9 3.83599e+06 90833.8 1.97405e+06 6.73629e-05 8.50565e+13 0 0 806.783 38791 0.400359 19.2497
25 0.0853815 9.63708 1687.61 8.08029 1.55679 0.0894054 3.73514e+06 4.04132e+07 213667 14232.2 3.70611e+06 93384.4 2.09121e+06 7.24456e-05 8.49951e+13 0 0 867.304 42059.2 0.392523 19.0351
26 0.0894054 9.67141 1674.36 8.08605 1.58536 0.0936189 4.09464e+06 4.44697e+07 237098 15819.8 3.58035e+06 96001.8 2.21516e+06 7.79123e-05 8.49304e+13 0 0 932.539 45599.7 0.384911 18.8216
27 0.0936189 9.70561 1660.72 8.09144 1.61416 0.0980311 4.48868e+06 4.88814e+07 262881 17580.6 3.4586e+06 98687.6 2.34628e+06 8.37922e-05 8.48621e+13 0 0 1002.87 49434.5 0.377517 18.609
28 0.0980311 9.73964 1646.7 8.09645 1.64319 0.102651 4.9206e+06 5.36778e+07 291250 19533.4 3.34073e+06 101443 2.48497e+06 8.88936e-05 8.47901e+13 0 0 1078.7 53587 0.370334 18.3973
29 0.102651 9.77348 1632.29 8.10104 1.67244 0.107489 5.39402e+06 5.8891e+07 322465 21698.9 3.22662e+06 104270 2.63165e+06 9.51014e-05 8.47142e+13 0 0 1160.48 58082.5 0.363354 18.1861
30 0.107489 9.80707 1617.48 8.10519 1.70189 0.112555 5.91291e+06 6.45553e+07 356808 24100.1 3.11616e+06 107171 2.78676e+06 0.000101744 8.46343e+13 0 0 1248.69 62947.9 0.356571 17.9752
31 0.112555 9.84038 1602.28 8.10886 1.73153 0.117859 6.48165e+06 7.07077e+07 394593 26762.5 3.00924e+06 110145 2.95077e+06 0.000108854 8.45502e+13 0 0 1343.84 68212.2 0.349979 17.7646
32 0.117859 9.87337 1586.67 8.11202 1.76135 0.123414 7.10501e+06 7.7388e+07 436162 29714.2 2.90573e+06 113196 3.12417e+06 0.000114174 8.44617e+13 0 0 1446.52 73906.4 0.343572 17.554
33 0.123414 9.90599 1570.66 8.11465 1.79134 0.12923 7.78821e+06 8.46388e+07 481893 32986.4 2.80555e+06 116325 3.30748e+06 0.000120859 8.43686e+13 0 0 1557.32 80063.6 0.337343 17.3432
34 0.12923 9.9382 1554.25 8.11671 1.82149 0.135321 8.53699e+06 9.25062e+07 532198 36613.5 2.70858e+06 119534 3.50124e+06 0.000127942 8.42708e+13 0 0 1676.92 86719.2 0.331287 17.132
35 0.135321 9.96995 1537.43 8.11817 1.85178 0.141698 9.35762e+06 1.01039e+08 587533 40633.6 2.61473e+06 122823 3.70601e+06 0.000135445 8.41681e+13 0 0 1806.01 93910.9 0.325398 16.9204
36 0.141698 10.0012 1520.2 8.119 1.8822 0.148376 1.0257e+07 1.10291e+08 648397 45089 2.5239e+06 126196 3.92241e+06 0.000141768 8.40602e+13 0 0 1945.4 101679 0.31967 16.708
37 0.148376 10.0319 1502.57 8.11915 1.91273 0.155369 1.12426e+07 1.20317e+08 715337 50026.4 2.436e+06 129653 4.15105e+06 0.000149285 8.3947e+13 0 0 2095.9 110067 0.314097 16.4949
38 0.155369 10.062 1484.53 8.11859 1.94337 0.162691 1.23228e+07 1.31179e+08 788956 55497.3 2.35094e+06 133196 4.3926e+06 0.000157209 8.38282e+13 0 0 2258.44 119119 0.308675 16.2807
39 0.162691 10.0914 1466.09 8.11728 1.97409 0.170358 1.35064e+07 1.4294e+08 869914 61558.7 2.26863e+06 136827 4.64775e+06 0.000165563 8.37036e+13 0 0 2434 128884 0.303399 16.0655
40 0.170358 10.1201 1447.25 8.11519 2.00488 0.178387 1.48035e+07 1.55671e+08 958934 68273.9 2.18898e+06 140548 4.91723e+06 0.000174372 8.35729e+13 0 0 2623.64 139414 0.298262 15.849
41 0.178387 10.148 1428.01 8.11227 2.03573 0.186794 1.62249e+07 1.69444e+08 1.05681e+06 75712.5 2.11191e+06 144360 5.20181e+06 0.000182582 8.34361e+13 0 0 2828.53 150764 0.293261 15.6311
42 0.186794 10.1751 1408.39 8.10848 2.06663 0.195598 1.77824e+07 1.84339e+08 1.16442e+06 83951.6 2.03734e+06 148265 5.50229e+06 0.000192274 8.32927e+13 0 0 3049.91 162989 0.288391 15.4118
43 0.195598 10.2013 1388.39 8.10378 2.09755 0.204816 1.9489e+07 2.00438e+08 1.28271e+06 93076.4 1.9652e+06 152265 5.81951e+06 0.000202494 8.31424e+13 0 0 3289.14 176152 0.283645 15.1908
44 0.204816 10.2266 1368.02 8.09812 2.12849 0.214469 2.1359e+07 2.17832e+08 1.41274e+06 103181 1.89541e+06 156362 6.15435e+06 0.000213271 8.29852e+13 0 0 3547.68 190317 0.279021 14.9682
45 0.214469 10.2509 1347.28 8.09146 2.15942 0.224576 2.34078e+07 2.36615e+08 1.55565e+06 114369 1.82789e+06 160557 6.50774e+06 0.000224074 8.28206e+13 0 0 3827.11 205551 0.274514 14.7439
46 0.224576 10.2741 1326.2 8.08376 2.19033 0.23516 2.56525e+07 2.56888e+08 1.71271e+06 126756 1.76258e+06 164852 6.88063e+06 0.000237336 8.26484e+13 0 0 4129.16 221925 0.270119 14.5178
47 0.23516 10.2962 1304.77 8.07497 2.22121 0.246243 2.81118e+07 2.78758e+08 1.88529e+06 140469 1.6994e+06 169249 7.27405e+06 0.000251399 8.24684e+13 0 0 4455.68 239514 0.265832 14.2897
48 0.246243 10.3171 1283.01 8.06505 2.25204 0.257848 3.08061e+07 3.02337e+08 2.0749e+06 155646 1.6383e+06 173750 7.68906e+06 0.000266307 8.22802e+13 0 0 4808.69 258395 0.261649 14.0598
49 0.257848 10.3367 1260.94 8.05393 2.28281 0.27 3.37577e+07 3.27747e+08 2.2832e+06 172444 1.5792e+06 178356 8.12676e+06 0.000279054 8.20835e+13 0 0 5190.34 278652 0.257567 13.8279
50 0.27 10.3551 1238.57 8.04157 2.31349 0.282725 3.6991e+07 3.55114e+08 2.512e+06 191033 1.52205e+06 183069 8.58832e+06 0.000295637 8.18779e+13 0 0 5602.99 300368 0.253579 13.594
51 0.282725 10.372 1215.91 8.02793 2.34409 0.296049 4.05329e+07 3.84572e+08 2.76329e+06 211600 1.46678e+06 187891 9.07494e+06 0.000313224 8.16632e+13 0 0 6049.18 323632 0.249683 13.3581
52 0.296049 10.3875 1192.98 8.01294 2.37457 0.310001 4.44124e+07 4.16264e+08 3.03923e+06 234354 1.41333e+06 192823 9.5879e+06 0.000331878 8.1439e+13 0 0 6531.64 348538 0.245876 13.1203
53 0.310001 10.4015 1169.81 7.99657 2.40492 0.324611 4.86618e+07 4.50338e+08 3.3422e+06 259524 1.36165e+06 197867 1.01285e+07 0.000351664 8.1205e+13 0 0 7053.36 375180 0.242153 12.8805
54 0.324611 10.4139 1146.4 7.97875 2.43514 0.33991 5.33159e+07 4.86951e+08 3.6748e+06 287363 1.31169e+06 203025 1.06982e+07 0.000375815 8.09607e+13 0 0 7617.54 403657 0.238511 12.6388
55 0.33991 10.4246 1122.77 7.95942 2.4652 0.355929 5.8413e+07 5.2627e+08 4.03986e+06 318148 1.26338e+06 208298 1.12983e+07 0.000406525 8.07059e+13 0 0 8227.61 434071 0.234945 12.3952
56 0.355929 10.4336 1098.95 7.93854 2.4951 0.372704 6.3995e+07 5.68467e+08 4.44049e+06 352188 1.21668e+06 213688 1.19304e+07 0.000439741 8.04401e+13 0 0 8887.31 466529 0.231454 12.1499
57 0.372704 10.4409 1074.95 7.91605 2.52482 0.390269 7.01078e+07 6.13725e+08 4.88007e+06 389822 1.17153e+06 219196 1.25961e+07 0.000475666 8.01629e+13 0 0 9600.69 501135 0.228032 11.9028
58 0.390269 10.4462 1050.79 7.89189 2.55434 0.408662 7.68013e+07 6.62234e+08 5.36232e+06 431421 1.1279e+06 224824 1.32969e+07 0.000521747 7.9874e+13 0 0 10372.1 537999 0.224677 11.654
59 0.408662 10.4497 1026.5 7.866 2.58365 0.427921 8.41303e+07 7.14193e+08 5.89126e+06 477397 1.08573e+06 230573 1.40346e+07 0.000593594 7.95729e+13 0 0 11206.2 577234 0.221386 11.4037
60 0.427921 10.4511 1002.09 7.83833 2.61275 0.448088 9.21546e+07 7.69811e+08 6.47131e+06 528204 1.04497e+06 236445 1.48109e+07 0.000675186 7.92592e+13 0 0 12108 618951 0.218155 11.1519
61 0.448088 10.4504 977.589 7.80883 2.64161 0.469206 1.0094e+08 8.29303e+08 7.10729e+06 584338 1.00558e+06 242441 1.56277e+07 0.000767825 7.89325e+13 0 0 13083 663265 0.214981 10.8988
62 0.469206 10.4477 953.023 7.77742 2.67023 0.491319 1.10557e+08 8.92896e+08 7.80444e+06 646350 967519 248562 1.64869e+07 0.000872979 7.85923e+13 0 0 14137 710291 0.211861 10.6446
63 0.491319 10.4427 928.418 7.74405 2.6986 0.514474 1.21084e+08 9.60824e+08 8.56848e+06 714843 930746 254810 1.73905e+07 0.0010153 7.82381e+13 0 0 15276.4 760148 0.208792 10.3894
64 0.514474 10.4354 903.781 7.70868 2.7267 0.538721 1.32606e+08 1.03333e+09 9.40565e+06 790482 895219 261185 1.83404e+07 0.00120035 7.78696e+13 0 0 16507.9 812935 0.205771 10.1333
65 0.538721 10.4258 879.152 7.67123 2.75453 0.56411 1.45217e+08 1.11066e+09 1.03227e+07 873998 860898 267689 1.93389e+07 0.00141851 7.74862e+13 0 0 17838.8 868779 0.202796 9.8765
66 0.56411 10.4137 854.55 7.63165 2.78208 0.590696 1.59018e+08 1.19309e+09 1.13272e+07 966194 827746 274322 2.03881e+07 0.00167558 7.70875e+13 0 0 19276.9 927784 0.199862 9.61923
67 0.590696 10.3992 829.995 7.58988 2.80933 0.618534 1.7412e+08 1.28086e+09 1.24269e+07 1.06795e+06 795727 281085 2.14904e+07 0.00197837 7.66729e+13 0 0 20830.6 990050 0.196968 9.36161
68 0.618534 10.3822 805.523 7.54587 2.83629 0.647685 1.90644e+08 1.37427e+09 1.36309e+07 1.18025e+06 764803 287980 2.2648e+07 0.00233006 7.6242e+13 0 0 22509.1 1.0557e+06 0.194111 9.10399
69 0.647685 10.3625 781.174 7.49956 2.86294 0.678209 2.08722e+08 1.4736e+09 1.49484e+07 1.30415e+06 734942 295006 2.38634e+07 0.00270906 7.57943e+13 0 0 24321.8 1.12485e+06 0.191289 8.8468
70 0.678209 10.3402 756.971 7.4509 2.88927 0.710172 2.28499e+08 1.57913e+09 1.639e+07 1.44082e+06 706109 302165 2.51392e+07 0.00314846 7.53293e+13 0 0 26279.3 1.1976e+06 0.188498 8.59024
71 0.710172 10.3151 732.932 7.39984 2.91529 0.743642 2.50132e+08 1.69117e+09 1.79668e+07 1.59156e+06 678272 309456 2.64779e+07 0.00365762 7.48464e+13 0 0 28392.5 1.27405e+06 0.185736 8.33448
72 0.743642 10.2873 709.065 7.34632 2.94098 0.778689 2.73792e+08 1.81002e+09 1.96911e+07 1.75777e+06 651400 316879 2.78822e+07 0.00425652 7.43453e+13 0 0 30673.4 1.35423e+06 0.183002 8.07954
73 0.778689 10.2566 685.376 7.29029 2.96635 0.815387 2.99666e+08 1.93598e+09 2.15761e+07 1.94101e+06 625461 324436 2.93549e+07 0.0047578 7.38253e+13 0 0 33134.7 1.43818e+06 0.180292 7.82542
74 0.815387 10.2231 661.895 7.23172 2.99138 0.853815 3.27958e+08 2.06936e+09 2.36362e+07 2.14298e+06 600427 332126 3.08987e+07 0.00531701 7.32859e+13 0 0 35789.8 1.52596e+06 0.177604 7.57245
75 0.853815 10.1866 638.651 7.17056 3.01608 0.894054 3.58891e+08 2.21047e+09 2.5887e+07 2.36553e+06 576269 339948 3.25166e+07 0.00594063 7.27268e+13 0 0 38653.5 1.6176e+06 0.174937 7.32092
76 0.894054 10.1472 615.665 7.10676 3.04044 0.936189 3.92706e+08 2.35963e+09 2.83454e+07 2.61073e+06 552959 347902 3.42115e+07 0.0066359 7.21474e+13 0 0 41741 1.71314e+06 0.172288 7.07109
77 0.936189 10.1048 592.948 7.0403 3.06445 0.980311 4.29666e+08 2.51715e+09 3.10297e+07 2.8808e+06 530469 355989 3.59865e+07 0.00746746 7.15472e+13 0 0 45068.7 1.81252e+06 0.169656 6.82302
78 0.980311 10.0676 570.549 6.96836 3.09928 1.02651 4.70059e+08 2.68333e+09 3.39622e+07 3.1782e+06 508775 364206 3.64933e+07 0.00814945 7.08616e+13 0 0 48463.4 1.9158e+06 0.166382 6.57723
79 1.02651 10.0376 548.465 6.89761 3.13994 1.07489 5.14197e+08 2.8585e+09 3.7168e+07 3.50561e+06 487851 372552 3.68174e+07 0.00889303 7.01607e+13 0 0 52030.3 2.02273e+06 0.162911 6.33331
80 1.07489 10.0097 526.731 6.82768 3.18201 1.12555 5.62418e+08 3.04296e+09 4.06733e+07 3.86599e+06 467672 381028 3.71384e+07 0.00970363 6.94587e+13 0 0 55850.1 2.13338e+06 0.159484 6.09203
81 1.12555 9.9735 505.38 6.75285 3.22066 1.17859 6.15094e+08 3.23702e+09 4.45029e+07 4.26254e+06 448215 389631 3.74558e+07 0.0105872 6.87299e+13 0 0 59991.2 2.24784e+06 0.156236 5.85409
82 1.17859 9.92891 484.412 6.67554 3.25337 1.23414 6.72624e+08 3.44096e+09 4.86832e+07 4.69879e+06 429456 398359 3.79955e+07 0.0114816 6.80022e+13 0 0 64546.1 2.36584e+06 0.153308 5.61925
83 1.23414 9.87986 463.84 6.59626 3.28361 1.2923 7.35446e+08 3.65509e+09 5.32442e+07 5.17858e+06 411374 407212 3.89864e+07 0.0123066 6.72662e+13 0 0 69488.1 2.48723e+06 0.150523 5.38777
84 1.2923 9.82682 443.509 6.51401 3.31281 1.35321 8.04034e+08 3.87959e+09 5.82183e+07 5.70612e+06 393946 416186 3.99903e+07 0.0131916 6.65083e+13 0 0 74809.2 2.61034e+06 0.147791 5.15692
85 1.35321 9.76972 423.345 6.42875 3.34098 1.41698 8.78901e+08 4.11455e+09 6.36407e+07 6.28599e+06 377152 425279 4.10063e+07 0.014141 6.57276e+13 0 0 80536.3 2.73351e+06 0.145106 4.92508
86 1.41698 9.70863 403.644 6.34049 3.36814 1.48376 9.60608e+08 4.3602e+09 6.9549e+07 6.92321e+06 360972 434488 4.20337e+07 0.0151597 6.4924e+13 0 0 86698.4 2.85824e+06 0.142464 4.69669
87 1.48376 9.64355 384.426 6.24924 3.3943 1.55369 1.04976e+09 4.61672e+09 7.59839e+07 7.62324e+06 345385 443811 4.3072e+07 0.0162526 6.4097e+13 0 0 93325.3 2.98383e+06 0.13986 4.47165
88 1.55369 9.57458 365.697 6.15507 3.41951 1.62691 1.14701e+09 4.88428e+09 8.29892e+07 8.39206e+06 330373 453244 4.41201e+07 0.0174254 6.32467e+13 0 0 100449 3.10968e+06 0.137291 4.2502
89 1.62691 9.50192 347.471 6.05813 3.44379 1.70358 1.25308e+09 5.16304e+09 9.06121e+07 9.23615e+06 315917 462783 4.51772e+07 0.018684 6.23738e+13 0 0 108106 3.23629e+06 0.134754 4.03404
90 1.70358 9.4259 329.743 5.95865 3.46725 1.78387 1.36874e+09 5.45309e+09 9.89035e+07 1.01626e+07 302000 472425 4.62421e+07 0.0200348 6.14794e+13 0 0 116330 3.36338e+06 0.132247 3.82357
91 1.78387 9.3472 312.549 5.85704 3.49017 1.86794 1.49481e+09 5.75455e+09 1.07919e+08 1.11791e+07 288603 482166 4.73142e+07 0.0214845 6.05653e+13 0 0 125159 3.491e+06 0.129765 3.61945
92 1.86794 9.26705 295.894 5.75369 3.51336 1.95598 1.63221e+09 6.06748e+09 1.17719e+08 1.22941e+07 275711 492000 4.83923e+07 0.0230406 5.96312e+13 0 0 134610 3.61877e+06 0.127283 3.4218
93 1.95598 9.18541 279.804 5.64718 3.53824 2.04816 1.78191e+09 6.39193e+09 1.28371e+08 1.35167e+07 263306 501922 4.91335e+07 0.0248828 5.866e+13 0 0 144639 3.74675e+06 0.124732 3.23108
94 2.04816 9.09972 264.307 5.53724 3.56249 2.14469 1.94497e+09 6.72799e+09 1.39941e+08 1.48568e+07 251374 511928 4.92305e+07 0.0272208 5.76575e+13 0 0 155360 3.87497e+06 0.122189 3.04762
95 2.14469 9.00991 249.372 5.42465 3.58527 2.24576 2.12253e+09 7.07565e+09 1.52502e+08 1.63252e+07 239898 522011 4.93185e+07 0.0297736 5.66328e+13 0 0 166866 4.00281e+06 0.119691 2.87117
96 2.24576 8.91629 234.997 5.30962 3.60667 2.3516 2.31582e+09 7.43488e+09 1.66132e+08 1.79336e+07 228864 532166 4.93974e+07 0.0325603 5.55867e+13 0 0 179208 4.12973e+06 0.117233 2.70156
97 2.3516 8.81933 221.17 5.19245 3.62688 2.46243 2.52616e+09 7.80559e+09 1.80914e+08 1.96947e+07 218257 542386 4.94668e+07 0.0356017 5.45205e+13 0 0 192437 4.25485e+06 0.114811 2.5385
98 2.46243 8.71976 207.865 5.07344 3.64632 2.57848 2.755e+09 8.18761e+09 1.9694e+08 2.16222e+07 208064 552663 4.95263e+07 0.0389204 5.34348e+13 0 0 206598 4.37688e+06 0.112414 2.38154
99 2.57848 8.61788 195.076 4.95221 3.66567 2.7 3.00386e+09 8.58072e+09 2.14306e+08 2.37312e+07 198271 562991 4.95182e+07 0.0425902 5.23233e+13 0 0 221697 4.49501e+06 0.110015 2.23061
100 2.7 8.51261 182.806 4.82821 3.6844 2.82725 3.27442e+09 8.98464e+09 2.33115e+08 2.60378e+07 188864 573362 4.8661e+07 0.0474007 5.11826e+13 0 0 237796 4.60855e+06 0.107621 2.08573
101 2.82725 8.40357 171.049 4.70213 3.70144 2.96049 3.56844e+09 9.39904e+09 2.53475e+08 2.85594e+07 179832 583768 4.78209e+07 0.0527308 5.00218e+13 0 0 255034 4.7166e+06 0.105267 1.94681
102 2.96049 8.29101 159.8 4.5741 3.71691 3.10001 3.88785e+09 9.82355e+09 2.755e+08 3.1315e+07 171161 594200 4.69981e+07 0.0586327 4.88411e+13 0 0 273479 4.81827e+06 0.102948 1.81378
103 3.10001 8.17513 149.063 4.44425 3.73089 3.24611 4.23471e+09 1.02577e+10 2.99312e+08 3.43251e+07 162840 604649 4.6192e+07 0.0651643 4.76405e+13 0 0 293199 4.91272e+06 0.10066 1.68661
104 3.24611 8.05625 138.831 4.31269 3.74355 3.3991 4.61121e+09 1.07011e+10 3.25042e+08 3.76117e+07 154857 615105 4.54023e+07 0.0723883 4.64198e+13 0 0 314259 4.99885e+06 0.0983969 1.56518
105 3.3991 7.93408 129.089 4.17918 3.7549 3.55929 5.01972e+09 1.11532e+10 3.52826e+08 4.11987e+07 147201 625560 4.46285e+07 0.0803734 4.5176e+13 0 0 336719 5.07468e+06 0.0961525 1.44911
106 3.55929 7.80823 119.839 4.04355 3.76467 3.72704 5.46277e+09 1.16133e+10 3.82808e+08 4.51117e+07 139860 636002 4.35329e+07 0.089886 4.39077e+13 0 0 360659 5.13737e+06 0.0939269 1.33793
107 3.72704 7.67824 111.064 3.90513 3.77311 3.90269 5.94307e+09 1.2081e+10 4.15136e+08 4.93784e+07 132825 646422 4.30754e+07 0.0990528 4.26069e+13 0 0 386085 5.1798e+06 0.0917014 1.23029
108 3.90269 7.53739 102.723 3.75702 3.78036 4.08662 6.46349e+09 1.25552e+10 4.49931e+08 5.40287e+07 126085 656807 4.262e+07 0.10911 4.12076e+13 0 0 412566 5.18076e+06 0.0893689 1.12224
109 4.08662 7.33776 94.6962 3.56536 3.7724 4.27921 7.02712e+09 1.30345e+10 4.87074e+08 5.90945e+07 119629 667147 4.21668e+07 0.120139 3.94323e+13 0 0 438824 5.10603e+06 0.0866929 1.00873
110 4.27921 6.91692 87.0929 3.26923 3.64769 4.48088 7.63724e+09 1.35179e+10 5.25464e+08 6.46104e+07 113449 677429 4.17156e+07 0.132227 3.69975e+13 0 0 469404 4.97304e+06 0.0845746 0.896015
111 4.48088 6.15482 80.197 3.02311 3.1317 4.69206 8.29734e+09 1.40059e+10 5.6292e+08 7.06134e+07 107535 687642 4.12665e+07 0.145468 3.62767e+13 0 0 556225 4.79901e+06 0.0913995 0.788579
112 4.69206 6.98755 73.9443 4.7085 2.27905 4.91319 9.01114e+09 1.44993e+10 6.09546e+08 7.71431e+07 101877 697773 4.08196e+07 0.159965 5.5516e+13 0 0 1.11069e+06 4.48006e+06 0.166452 0.671393
113 4.91319 30.0069 64.6616 27.3679 2.63894 5.14474 9.78258e+09 1.49724e+10 8.29093e+08 8.42421e+07 96467.4 707809 4.03746e+07 0.175828 1.88186e+14 0 0 4.85414e+06 3.24893e+06 0.663446 0.444052
114 5.14474 315.997 0.741932 183.095 132.902 5.38721 1.06158e+10 1.49784e+10 3.36416e+09 9.19559e+07 91296.6 717737 3.98265e+07 0.193686 1.9366e+14 0 0 472641 433.799 0.0589148 5.40732e-05
115 5.38721 292.379 0.693637 0 292.379 5.6411 1.15153e+10 1.49845e+10 5.93606e+09 1.00333e+08 86356.5 727544 3.99249e+07 0.209829 0 0 0 129044 0 0.01467 0
116 5.6411 266.021 0 0 266.021 5.90696 1.24857e+10 1.49845e+10 8.50186e+09 1.09426e+08 81639 737215 4.0006e+07 0.227294 0 0 0 120438 0 0.012487 0
117 5.90696 241.527 0 0 241.527 6.18534 1.3532e+10 1.49845e+10 1.10562e+10 1.19291e+08 77136.2 746738 4.00695e+07 0.246184 0 0 0 112100 0 0.0105998 0
118 6.18534 218.807 0 0 218.807 6.47685 1.46594e+10 1.49845e+10 1.35934e+10 1.29986e+08 72840.4 756097 4.0115e+07 0.266613 0 0 0 104056 0 0.00897344 0
119 6.47685 197.774 0 0 197.774 6.78209 1.58732e+10 1.49845e+10 1.61081e+10 1.41575e+08 68744.2 765279 4.01418e+07 0.288705 0 0 0 96306.8 0 0.00757444 0
120 6.78209 178.34 0 0 178.34 7.10172 1.71794e+10 1.49845e+10 1.85944e+10 1.54126e+08 64840.1 774269 4.01497e+07 0.312592 0 0 0 88855.1 0 0.00637347 0
121 7.10172 160.422 0 0 160.422 7.43642 1.85839e+10 1.49845e+10 2.10467e+10 1.67709e+08 61121.3 783053 4.01385e+07 0.338413 0 0 0 81721.6 0 0.00534601 0
122 7.43642 143.937 0 0 143.937 7.78689 2.00931e+10 1.49845e+10 2.34592e+10 1.82402e+08 57580.8 791616 4.01079e+07 0.366323 0 0 0 74926 0 0.00447019 0
123 7.78689 128.804 0 0 128.804 8.15387 2.17135e+10 1.49845e+10 2.58264e+10 1.98284e+08 54212 799944 3.96785e+07 0.400273 0 0 0 68482.3 0 0.00372625 0
124 8.15387 114.944 0 0 114.944 8.53815 2.3452e+10 1.49845e+10 2.81427e+10 2.15441e+08 51008.4 808023 3.96884e+07 0.432308 0 0 0 62378.2 0 0.00309547 0
125 8.53815 102.283 0 0 102.283 8.94054 2.53159e+10 1.49845e+10 3.04027e+10 2.33965e+08 47963.6 815838 3.96749e+07 0.466886 0 0 0 56609.8 0 0.00256204 0
126 8.94054 90.7447 0 0 90.7447 9.36189 2.73125e+10 1.49845e+10 3.26012e+10 2.53951e+08 45071.6 823375 3.96377e+07 0.504208 0 0 0 51181.3 0 0.00211254 0
127 9.36189 80.2582 0 0 80.2582 9.80311 2.94496e+10 1.49845e+10 3.47333e+10 2.755e+08 42326.3 830621 3.95764e+07 0.544491 0 0 0 46086.9 0 0.00173489 0
128 9.80311 70.7538 0 0 70.7538 10.2651 3.17352e+10 1.49845e+10 3.67942e+10 2.98719e+08 39722 837562 3.94907e+07 0.587966 0 0 0 41329.9 0 0.00141892 0
129 10.2651 62.1647 0 0 62.1647 10.7489 3.41775e+10 1.49845e+10 3.87796e+10 3.23721e+08 37253.1 844184 3.93807e+07 0.634884 0 0 0 36907.8 0 0.00115561 0
130 10.7489 54.426 0 0 54.426 11.2555 3.6785e+10 1.49845e+10 4.06855e+10 3.50625e+08 34914 850476 3.92463e+07 0.685513 0 0 0 32812.7 0 0.00093699 0
131 11.2555 47.4758 0 0 47.4758 11.7859 3.95664e+10 1.49845e+10 4.25085e+10 3.79555e+08 32699.4 856424 3.90872e+07 0.740151 0 0 0 29040.1 0 0.000756296 0
132 11.7859 41.2545 0 0 41.2545 12.3414 4.25308e+10 1.49845e+10 4.42454e+10 4.10644e+08 30604.1 862017 3.89039e+07 0.799102 0 0 0 25580.2 0 0.000607572 0
133 12.3414 35.7049 0 0 35.7049 12.923 4.56871e+10 1.49845e+10 4.58937e+10 4.44027e+08 28623.2 867244 3.86962e+07 0.86271 0 0 0 22419.6 0 0.000485648 0
134 12.923 30.7727 0 0 30.7727 13.5321 4.90449e+10 1.49845e+10 4.74514e+10 4.79851e+08 26751.7 872094 3.84644e+07 0.931338 0 0 0 19550.1 0 0.000386227 0
135 13.5321 26.4059 0 0 26.4059 14.1698 5.26134e+10 1.49845e+10 4.89169e+10 5.18265e+08 24984.8 876557 3.82088e+07 1.00538 0 0 0 16957.2 0 0.000305526 0
136 14.1698 22.5552 0 0 22.5552 14.8376 5.64024e+10 1.49845e+10 5.02896e+10 5.59428e+08 23318.1 880625 3.79297e+07 1.08525 0 0 0 14628.6 0 0.000240378 0
137 14.8376 19.174 0 0 19.174 15.5369 6.04216e+10 1.49845e+10 5.1569e+10 6.03505e+08 21746.9 884288 3.76272e+07 1.17141 0 0 0 12546.5 0 0.000188025 0
138 15.5369 16.2182 0 0 16.2182 16.2691 6.46807e+10 1.49845e+10 5.27556e+10 6.50668e+08 20267 887541 3.73023e+07 1.26435 0 0 0 10697.5 0 0.000146209 0
139 16.2691 13.6463 0 0 13.6463 17.0358 6.91896e+10 1.49845e+10 5.38504e+10 7.01097e+08 18874.1 890375 3.6955e+07 1.36461 0 0 0 9064.53 0 0.00011299 0
140 17.0358 11.4194 0 0 11.4194 17.8387 7.39581e+10 1.49845e+10 5.48549e+10 7.54979e+08 17564.1 892786 3.63871e+07 1.4808 0 0 0 7632.01 0 8.67626e-05 0
141 17.8387 9.50117 0 0 9.50117 18.6794 7.89961e+10 1.49845e+10 5.57713e+10 8.12508e+08 16333.2 894768 3.59995e+07 1.59805 0 0 0 6383.38 0 6.61826e-05 0
142 18.6794 7.85773 0 0 7.85773 19.5598 8.43134e+10 1.49845e+10 5.66023e+10 8.73887e+08 15177.5 896320 3.55917e+07 1.72452 0 0 0 5301.86 0 5.01328e-05 0
143 19.5598 6.45773 0 0 6.45773 20.4816 8.99195e+10 1.49845e+10 5.73511e+10 9.39324e+08 14093.3 897437 3.51647e+07 1.86089 0 0 0 4371.68 0 3.77e-05 0
144 20.4816 5.27225 0 0 5.27225 21.4469 9.58242e+10 1.49845e+10 5.80215e+10 1.00904e+09 13077 898119 3.47191e+07 2.00796 0 0 0 3577.49 0 2.81367e-05 0
145 21.4469 4.27473 0 0 4.27473 22.4576 1.02037e+11 1.49845e+10 5.86174e+10 1.08326e+09 12125.1 898366 3.42559e+07 2.16653 0 0 0 2904.59 0 2.08343e-05 0
146 22.4576 3.44093 0 0 3.44093 23.516 1.08566e+11 1.49845e+10 5.91434e+10 1.16221e+09 11234.4 898177 3.37759e+07 2.33753 0 0 0 2338.95 0 1.53008e-05 0
147 23.516 2.74882 0 0 2.74882 24.6243 1.15422e+11 1.49845e+10 5.96042e+10 1.24614e+09 10401.6 897557 3.32803e+07 2.52189 0 0 0 1867.42 0 1.11413e-05 0
148 24.6243 2.17852 0 0 2.17852 25.7848 1.22612e+11 1.49845e+10 6.00045e+10 1.33529e+09 9623.57 896506 3.277e+07 2.72067 0 0 0 1477.7 0 8.04043e-06 0
149 25.7848 1.71222 0 0 1.71222 27 1.30145e+11 1.49845e+10 6.03496e+10 1.42993e+09 8897.4 895030 3.22459e+07 2.93497 0 0 0 1158.49 0 5.74891e-06 0
150 27 1.33402 0 0 1.33402 28.2725 1.3803e+11 1.49845e+10 6.06443e+10 1.53033e+09 8220.19 893135 3.17091e+07 3.16602 0 0 0 899.475 0 4.07083e-06 0
151 28.2725 1.0299 0 0 1.0299 29.6049 1.46273e+11 1.49845e+10 6.08938e+10 1.63674e+09 7589.2 890826 3.13315e+07 3.39648 0 0 0 691.432 0 2.85393e-06 0
152 29.6049 0.787515 0 0 0.787515 31.0001 1.54882e+11 1.49845e+10 6.1103e+10 1.74947e+09 7001.77 888112 3.07699e+07 3.66351 0 0 0 526.007 0 1.98009e-06 0
153 31.0001 0.596156 0 0 0.596156 32.4611 1.63863e+11 1.49845e+10 6.12767e+10 1.8688e+09 6455.38 885000 3.01991e+07 3.95133 0 0 0 395.846 0 1.359e-06 0
154 32.4611 0.446568 0 0 0.446568 33.991 1.73223e+11 1.49845e+10 6.14193e+10 1.99502e+09 5947.59 881502 2.962e+07 4.26159 0 0 0 294.504 0 9.22114e-07 0
155 33.991 0.330844 0 0 0.330844 35.5929 1.82968e+11 1.49845e+10 6.15352e+10 2.12846e+09 5476.1 877627 2.90338e+07 4.59602 0 0 0 216.542 0 6.18351e-07 0
156 35.5929 0.242291 0 0 0.242291 37.2704 1.93103e+11 1.49845e+10 6.16282e+10 2.26944e+09 5038.68 873387 2.84421e+07 4.95645 0 0 0 157.263 0 4.09562e-07 0
157 37.2704 0.175303 0 0 0.175303 39.0269 2.03632e+11 1.49845e+10 6.1702e+10 2.41827e+09 4633.22 868795 2.78455e+07 5.34493 0 0 0 112.721 0 2.67731e-07 0
158 39.0269 0.125236 0 0 0.125236 40.8662 2.14561e+11 1.49845e+10 6.17598e+10 2.5753e+09 4257.7 863865 2.72456e+07 5.7636 0 0 0 79.7084 0 1.72662e-07 0
159 40.8662 0.0882855 0 0 0.0882855 42.7921 2.25891e+11 1.49845e+10 6.18045e+10 2.74088e+09 3910.21 858610 2.66432e+07 6.21484 0 0 0 55.5757 0 1.09794e-07 0
160 42.7921 0.0613759 0 0 0.0613759 44.8088 2.37627e+11 1.49845e+10 6.18386e+10 2.91538e+09 3588.93 853046 2.60395e+07 6.70113 0 0 0 38.176 0 6.87834e-08 0
161 44.8088 0.0420498 0 0 0.0420498 46.9206 2.49771e+11 1.49845e+10 6.18642e+10 3.09916e+09 3292.13 847189 2.54357e+07 7.22519 0 0 0 25.8202 0 4.24281e-08 0
162 46.9206 0.0283718 0 0 0.0283718 49.1319 2.62325e+11 1.49845e+10 6.18831e+10 3.2926e+09 3018.17 841055 2.48328e+07 7.78993 0 0 0 17.1788 0 2.57447e-08 0
163 49.1319 0.0188385 0 0 0.0188385 51.4474 2.75289e+11 1.49845e+10 6.18969e+10 3.49611e+09 2765.49 834661 2.42318e+07 8.39849 0 0 0 11.2363 0 1.53574e-08 0
164 51.4474 0.0123003 0 0 0.0123003 53.8721 2.88665e+11 1.49845e+10 6.19068e+10 3.7101e+09 2532.63 828025 2.36337e+07 9.05432 0 0 0 7.22146 0 9.00158e-09 0
165 53.8721 0.00789122 0 0 0.00789122 56.411 3.02452e+11 1.49845e+10 6.19137e+10 3.93499e+09 2318.2 821164 2.30395e+07 9.76099 0 0 0 4.55677 0 5.18025e-09 0
166 56.411 0.00497014 0 0 0.00497014 59.0696 3.1665e+11 1.49845e+10 6.19185e+10 4.17122e+09 2120.91 814098 2.24501e+07 10.5225 0 0 0 2.82077 0 2.92457e-09 0
167 59.0696 0.00307051 0 0 0.00307051 61.8534 3.31258e+11 1.49845e+10 6.19217e+10 4.41925e+09 1939.5 806844 2.18663e+07 11.3431 0 0 0 1.71154 0 1.61838e-09 0
168 61.8534 0.00185895 0 0 0.00185895 64.7685 3.46275e+11 1.49845e+10 6.19239e+10 4.67956e+09 1772.84 799422 2.12891e+07 12.2272 0 0 0 1.01701 0 8.77042e-10 0
169 64.7685 0.00110186 0 0 0.00110186 67.8209 3.61697e+11 1.49845e+10 6.19253e+10 4.95263e+09 1619.84 791851 2.09597e+07 13.0287 0 0 0 0.592158 0 4.65727e-10 0
170 67.8209 0.000638776 0 0 0.000638776 71.0172 3.77523e+11 1.49845e+10 6.19262e+10 5.239e+09 1479.47 784151 2.04311e+07 14.0162 0 0 0 0.338183 0 2.42575e-10 0
171 71.0172 0.000361806 0 0 0.000361806 74.3642 3.93748e+11 1.49845e+10 6.19267e+10 5.53919e+09 1350.78 776340 1.99102e+07 15.0773 0 0 0 0.18852 0 1.23325e-10 0
172 74.3642 0.0002 0 0 0.0002 77.8689 4.10371e+11 1.49845e+10 6.19271e+10 5.85378e+09 1232.88 768438 1.93974e+07 16.2178 0 0 0 0.102419 0 6.11049e-11 0
173 77.8689 0.000107773 0 0 0.000107773 81.5387 4.27385e+11 1.49845e+10 6.19273e+10 6.18334e+09 1124.93 760465 1.88933e+07 17.4435 0 0 0 0.054162 0 2.94705e-11 0
174 81.5387 5.65446e-05 0 0 5.65446e-05 85.3815 4.44788e+11 1.49845e+10 6.19274e+10 6.52851e+09 1026.16 752440 1.83984e+07 18.7607 0 0 0 0.0278574 0 1.3824e-11 0
175 85.3815 2.88484e-05 0 0 2.88484e-05 89.4054 4.62573e+11 1.49845e+10 6.19275e+10 6.88993e+09 935.837 744382 1.7913e+07 20.1766 0 0 0 0.0139256 0 6.30243e-12 0
176 89.4054 1.42931e-05 0 0 1.42931e-05 93.6189 4.80736e+11 1.49845e+10 6.19275e+10 7.2683e+09 853.292 736310 1.74376e+07 21.6984 0 0 0 0.00675748 0 2.78919e-12 0
177 93.6189 6.86759e-06 0 0 6.86759e-06 98.0311 4.99271e+11 1.49845e+10 6.19275e+10 7.66433e+09 777.896 728244 1.69725e+07 23.3341 0 0 0 0.0031788 0 1.19662e-12 0
178 98.0311 3.19538e-06 0 0 3.19538e-06 102.651 5.18171e+11 1.49845e+10 6.19275e+10 8.07881e+09 709.066 720201 1.6518e+07 25.0925 0 0 0 0.00144754 0 4.96964e-13 0
179 102.651 1.43754e-06 0 0 1.43754e-06 107.489 5.37432e+11 1.49845e+10 6.19275e+10 8.51255e+09 646.263 712200 1.60745e+07 26.9829 0 0 0 0.000637154 0 1.99498e-13 0
180 107.489 6.2432e-07 0 0 6.2432e-07 112.555 5.57045e+11 1.49845e+10 6.19275e+10 8.96641e+09 588.987 704259 1.59835e+07 28.3954 0 0 0 0.00027238 0 7.77802e-14 0
181 112.555 2.6131e-07 0 0 2.6131e-07 117.859 5.77005e+11 1.49845e+10 6.19275e+10 9.44131e+09 536.774 696397 1.57289e+07 30.1932 0 0 0 0.000113152 0 2.94683e-14 0
182 117.859 1.05223e-07 0 0 1.05223e-07 123.414 5.97305e+11 1.49845e+10 6.19275e+10 9.93825e+09 489.197 688629 1.54783e+07 32.1053 0 0 0 4.51251e-05 0 1.0718e-14 0
183 123.414 4.06889e-08 0 0 4.06889e-08 129.23 6.17936e+11 1.49845e+10 6.19275e+10 1.04583e+10 445.863 680973 1.52318e+07 34.1401 0 0 0 1.72637e-05 0 3.73962e-15 0
184 129.23 1.50806e-08 0 0 1.50806e-08 135.321 6.38893e+11 1.49845e+10 6.19275e+10 1.10025e+10 406.406 673446 1.49894e+07 36.307 0 0 0 6.32577e-06 0 1.2497e-15 0
185 135.321 5.3465e-09 0 0 5.3465e-09 141.698 6.60167e+11 1.49845e+10 6.19275e+10 1.15721e+10 370.492 666063 1.47512e+07 38.6159 0 0 0 2.21652e-06 0 3.9936e-16 0
186 141.698 1.80932e-09 0 0 1.80932e-09 148.376 6.81752e+11 1.49845e+10 6.19275e+10 1.21685e+10 337.814 658841 1.45172e+07 41.078 0 0 0 7.41206e-07 0 1.21796e-16 0
187 148.376 5.83182e-10 0 0 5.83182e-10 155.369 7.03639e+11 1.49845e+10 6.19275e+10 1.27929e+10 308.086 651794 1.42872e+07 43.706 0 0 0 2.36032e-07 0 3.53724e-17 0
188 155.369 1.78621e-10 0 0 1.78621e-10 162.691 7.25821e+11 1.49845e+10 6.19275e+10 1.34469e+10 281.05 644939 1.40614e+07 46.5126 0 0 0 7.14122e-08 0 9.76036e-18 0
189 162.691 5.18629e-11 0 0 5.18629e-11 170.358 7.4829e+11 1.49845e+10 6.19275e+10 1.41322e+10 256.467 638288 1.38398e+07 49.5128 0 0 0 2.04787e-08 0 2.55268e-18 0
190 170.358 1.4239e-11 0 0 1.4239e-11 178.387 7.71039e+11 1.49845e+10 6.19275e+10 1.48504e+10 234.117 631856 1.36223e+07 52.7229 0 0 0 5.55225e-09 0 6.31194e-19 0
191 178.387 3.68682e-12 0 0 3.68682e-12 186.794 7.9406e+11 1.49845e+10 6.19275e+10 1.56034e+10 213.801 625656 1.36019e+07 55.3638 0 0 0 1.43061e-09 0 1.48325e-19 0
192 186.794 8.97788e-13 0 0 8.97788e-13 195.598 8.17345e+11 1.49845e+10 6.19275e+10 1.63934e+10 195.335 619702 1.3441e+07 58.7714 0 0 0 3.46178e-10 0 3.27335e-20 0
193 195.598 2.05016e-13 0 0 2.05016e-13 204.816 8.40886e+11 1.49845e+10 6.19275e+10 1.72224e+10 178.553 614007 1.3281e+07 62.4237 0 0 0 7.83913e-11 0 6.76022e-21 0
194 204.816 4.37698e-14 0 0 4.37698e-14 214.469 8.64677e+11 1.49845e+10 6.19275e+10 1.8093e+10 163.3 608582 1.31221e+07 66.3435 0 0 0 1.65779e-11 0 1.30384e-21 0
195 214.469 8.70877e-15 0 0 8.70877e-15 224.576 8.88709e+11 1.49845e+10 6.19275e+10 1.90077e+10 149.437 603440 1.2964e+07 70.5558 0 0 0 3.26099e-12 0 2.33907e-22 0
196 224.576 1.60949e-15 0 0 1.60949e-15 235.16 9.12975e+11 1.49845e+10 6.19275e+10 1.99693e+10 136.837 598592 1.28068e+07 75.0894 0 0 0 5.90417e-13 0 3.86236e-23 0
197 235.16 2.75334e-16 0 0 2.75334e-16 246.243 9.37468e+11 1.49845e+10 6.19275e+10 2.0981e+10 125.384 594050 1.26503e+07 79.975 0 0 0 9.44877e-14 0 5.63727e-24 0
198 246.243 4.34395e-17 0 0 4.34395e-17 257.848 9.6218e+11 1.49845e+10 6.19275e+10 2.20462e+10 114.971 589824 1.24946e+07 85.2479 0 0 0 8.99144e-15 0 4.89241e-25 0
199 257.848 6.29661e-18 0 0 6.29661e-18 270 9.87105e+11 1.49845e+10 6.19275e+10 2.20462e+10 0 0 0 0 0 0 0 0 0 0 0
