0 0.027 106.358 5207.81 104.248 2.11023 0.0282725 479820 1.1507e+06 23500.6 905.569 9.43001e+06 70730.4 6.14037e+06 1.08527e-06 5.40887e+14 0 0 701.497 20723.5 3.17482 93.79
1 0.0282725 106.347 5197.4 104.236 2.11023 0.0296049 526090 2.40989e+06 49265.6 1033.56 9.12749e+06 72805.7 828782 1.15798e-06 5.40805e+14 0 0 769.09 22688.7 3.17446 93.6492
2 0.0296049 106.335 5184.54 104.224 2.11024 0.0310001 576821 3.78716e+06 77513.1 1175.79 8.83434e+06 74940.1 879554 1.2076e-06 5.4072e+14 0 0 843.191 24838.6 3.17409 93.5021
3 0.0310001 106.322 5171.15 104.212 2.11024 0.0324611 632443 5.29339e+06 108482 1333.84 8.55027e+06 77135 933401 1.25938e-06 5.4063e+14 0 0 924.427 27190.3 3.1737 93.3486
4 0.0324611 106.308 5157.21 104.198 2.11025 0.033991 693426 6.9405e+06 142435 1509.46 8.275e+06 79392 990506 1.31343e-06 5.40537e+14 0 0 1013.48 29762.4 3.17329 93.1884
5 0.033991 106.294 5142.71 104.184 2.11025 0.0355929 760289 8.74144e+06 179658 1704.6 8.00828e+06 81713 1.05106e+06 1.36979e-06 5.40439e+14 0 0 1111.11 32575.3 3.17286 93.0212
6 0.0355929 106.28 5127.62 104.17 2.11026 0.0372704 833596 1.07103e+07 220468 1921.43 7.74983e+06 84099.4 1.11527e+06 1.46326e-06 5.40336e+14 0 0 1218.14 35651.1 3.17241 92.8467
7 0.0372704 106.265 5111.92 104.154 2.11026 0.0390269 913970 1.28626e+07 265207 2162.33 7.49941e+06 86553.2 1.18336e+06 1.56312e-06 5.40228e+14 0 0 1335.46 39014 3.17194 92.6647
8 0.0390269 106.248 5095.6 104.138 2.11027 0.0408662 1.00209e+06 1.52149e+07 314256 2429.98 7.25678e+06 89076 1.25555e+06 1.66981e-06 5.40116e+14 0 0 1464.08 42690.4 3.17145 92.4748
9 0.0408662 106.232 5078.63 104.121 2.11027 0.0427921 1.0987e+06 1.77856e+07 368029 2727.32 7.02169e+06 91669.7 1.33208e+06 1.80613e-06 5.39998e+14 0 0 1605.07 46708.9 3.17094 92.2768
10 0.0427921 106.214 5061 104.104 2.11028 0.0448088 1.20463e+06 2.05946e+07 426980 3057.64 6.79391e+06 94336.1 1.41322e+06 1.9535e-06 5.39875e+14 0 0 1759.63 51100.7 3.1704 92.0704
11 0.0448088 106.196 5042.68 104.085 2.11028 0.0469206 1.32076e+06 2.36634e+07 491607 3424.58 6.57322e+06 97077.1 1.49923e+06 2.11289e-06 5.39745e+14 0 0 1929.05 55899.8 3.16983 91.8552
12 0.0469206 106.176 5023.66 104.066 2.11029 0.0491319 1.44809e+06 2.70155e+07 562456 3832.18 6.35941e+06 99894.8 1.5904e+06 2.28527e-06 5.3961e+14 0 0 2114.76 61143.2 3.16924 91.6308
13 0.0491319 106.156 5003.91 104.046 2.1103 0.0514474 1.58768e+06 3.06767e+07 640126 4284.92 6.15227e+06 102791 1.68704e+06 2.44023e-06 5.39469e+14 0 0 2318.34 66871.1 3.16862 91.3971
14 0.0514474 106.135 4983.41 104.025 2.1103 0.0538721 1.74073e+06 3.46746e+07 725272 4787.78 5.95159e+06 105768 1.78946e+06 2.60926e-06 5.3932e+14 0 0 2541.49 73127.4 3.16798 91.1535
15 0.0538721 106.113 4962.15 104.003 2.11031 0.056411 1.90852e+06 3.90395e+07 818614 5346.28 5.75718e+06 108827 1.89801e+06 2.79001e-06 5.39165e+14 0 0 2786.09 79959.4 3.1673 90.8998
16 0.056411 106.09 4940.1 103.98 2.11032 0.0590696 2.09247e+06 4.38043e+07 920938 5966.55 5.56884e+06 111972 2.01304e+06 2.98332e-06 5.39003e+14 0 0 3054.2 87418.8 3.16659 90.6355
17 0.0590696 106.066 4917.24 103.955 2.11032 0.0618534 2.29415e+06 4.90046e+07 1.03311e+06 6655.38 5.38638e+06 115203 2.13494e+06 3.14159e-06 5.38833e+14 0 0 3348.08 95561.9 3.16584 90.3604
18 0.0618534 106.04 4893.55 103.93 2.11033 0.0647685 2.51526e+06 5.46791e+07 1.15607e+06 7420.31 5.20964e+06 118523 2.2641e+06 3.30405e-06 5.38655e+14 0 0 3670.2 104450 3.16507 90.0741
19 0.0647685 106.014 4869.02 103.903 2.11034 0.0678209 2.75766e+06 6.08699e+07 1.29087e+06 8269.71 5.03843e+06 121935 2.40096e+06 3.47502e-06 5.38469e+14 0 0 4023.25 114148 3.16425 89.7761
20 0.0678209 105.986 4843.62 103.876 2.11035 0.0710172 3.02342e+06 6.76226e+07 1.43863e+06 9212.85 4.87259e+06 125441 2.54594e+06 3.65495e-06 5.38274e+14 0 0 4410.22 124728 3.1634 89.466
21 0.0710172 105.957 4817.34 103.847 2.11036 0.0743642 3.31476e+06 7.49866e+07 1.6006e+06 10260 4.71195e+06 129042 2.69954e+06 3.73424e-06 5.38069e+14 0 0 4834.35 136269 3.1625 89.1436
22 0.0743642 105.926 4790.16 103.816 2.11037 0.0778689 3.63417e+06 8.30155e+07 1.77814e+06 11422.6 4.55635e+06 132742 2.86224e+06 3.90479e-06 5.37856e+14 0 0 5299.19 148854 3.16157 88.8083
23 0.0778689 105.895 4762.05 103.784 2.11038 0.0815387 3.98433e+06 9.17674e+07 1.97276e+06 12713.3 4.40564e+06 136543 3.03457e+06 4.0833e-06 5.37632e+14 0 0 5808.65 162574 3.16059 88.4598
24 0.0815387 105.861 4733.01 103.751 2.11039 0.0853815 4.3682e+06 1.01305e+08 2.18609e+06 14146.1 4.25966e+06 140448 3.2171e+06 4.27015e-06 5.37398e+14 0 0 6366.99 177529 3.15957 88.0976
25 0.0853815 105.826 4703.01 103.716 2.1104 0.0894054 4.78904e+06 1.11697e+08 2.41992e+06 15736.6 4.11828e+06 144458 3.4104e+06 4.51119e-06 5.37153e+14 0 0 6978.9 193826 3.15849 87.7213
26 0.0894054 105.79 4672.04 103.679 2.11042 0.0936189 5.25039e+06 1.23016e+08 2.67622e+06 17502 3.98135e+06 148577 3.61509e+06 4.77253e-06 5.36897e+14 0 0 7649.49 211579 3.15737 87.3306
27 0.0936189 105.751 4640.09 103.641 2.11043 0.0980311 5.75614e+06 1.35342e+08 2.95714e+06 19461.5 3.84874e+06 152807 3.83184e+06 5.04914e-06 5.36628e+14 0 0 8384.37 230914 3.1562 86.925
28 0.0980311 105.711 4607.14 103.601 2.11044 0.102651 6.31057e+06 1.48762e+08 3.26506e+06 21636.2 3.72031e+06 157151 4.06133e+06 5.34196e-06 5.36347e+14 0 0 9189.7 251967 3.15497 86.5041
29 0.102651 105.669 4573.19 103.559 2.11045 0.107489 6.91836e+06 1.63368e+08 3.60254e+06 24049.6 3.59594e+06 161612 4.30429e+06 5.64662e-06 5.36053e+14 0 0 10072.2 274881 3.15368 86.0674
30 0.107489 105.625 4538.22 103.515 2.11047 0.112555 7.58463e+06 1.7926e+08 3.97243e+06 26727.7 3.4755e+06 166192 4.56148e+06 5.97439e-06 5.35746e+14 0 0 11039.2 299816 3.15233 85.6146
31 0.112555 105.58 4502.22 103.469 2.11048 0.117859 8.31501e+06 1.96548e+08 4.37784e+06 29699.4 3.35887e+06 170894 4.83372e+06 6.32137e-06 5.35424e+14 0 0 12098.9 326939 3.15092 85.1453
32 0.117859 105.531 4465.18 103.421 2.1105 0.123414 9.11565e+06 2.15347e+08 4.82215e+06 32996.7 3.24593e+06 175721 5.12186e+06 6.68873e-06 5.35087e+14 0 0 13259.9 356435 3.14944 84.659
33 0.123414 105.481 4427.11 103.371 2.11052 0.12923 9.99329e+06 2.35784e+08 5.30909e+06 36654.9 3.13657e+06 180676 5.4268e+06 7.10046e-06 5.34734e+14 0 0 14532.1 388498 3.1479 84.1554
34 0.12923 105.428 4387.98 103.318 2.11053 0.135321 1.09553e+07 2.57996e+08 5.84275e+06 40713.3 3.03068e+06 185763 5.74949e+06 7.55541e-06 5.34365e+14 0 0 15925.9 423340 3.14628 83.634
35 0.135321 105.373 4347.81 103.263 2.11055 0.141698 1.20099e+07 2.82127e+08 6.42759e+06 45215.4 2.92816e+06 190983 6.09093e+06 8.03971e-06 5.33979e+14 0 0 17453 461189 3.14459 83.0946
36 0.141698 105.316 4306.58 103.205 2.11057 0.148376 1.31659e+07 3.08335e+08 7.06851e+06 50209.2 2.82889e+06 196340 6.45216e+06 8.55525e-06 5.33575e+14 0 0 19126.1 502288 3.14282 82.5366
37 0.148376 105.255 4264.29 103.145 2.11059 0.155369 1.44329e+07 3.3679e+08 7.77085e+06 55748.1 2.73279e+06 201838 6.83431e+06 8.95007e-06 5.33152e+14 0 0 20958.9 546899 3.14096 81.9598
38 0.155369 105.192 4220.94 103.081 2.11061 0.162691 1.58218e+07 3.67672e+08 8.54049e+06 61891 2.63975e+06 207478 7.23854e+06 9.68119e-06 5.3271e+14 0 0 22966.8 595302 3.13902 81.3637
39 0.162691 105.126 4176.53 103.015 2.11064 0.170358 1.73441e+07 4.01178e+08 9.38386e+06 68703.4 2.54967e+06 213266 7.66608e+06 1.04719e-05 5.32247e+14 0 0 25166.3 647795 3.13699 80.7479
40 0.170358 105.057 4131.04 102.946 2.11066 0.178387 1.90127e+07 4.37517e+08 1.0308e+07 76257.6 2.46247e+06 219203 8.11821e+06 1.13272e-05 5.31763e+14 0 0 27575.6 704700 3.13487 80.112
41 0.178387 104.984 4084.43 102.873 2.11068 0.186794 2.08415e+07 4.76911e+08 1.13206e+07 84633.7 2.37806e+06 225293 8.59632e+06 1.27146e-05 5.31257e+14 0 0 30214.6 766355 3.13264 79.4554
42 0.186794 104.908 4036.6 102.798 2.11071 0.195598 2.2846e+07 5.19601e+08 1.243e+07 93920.2 2.29636e+06 231539 9.10182e+06 1.4609e-05 5.30727e+14 0 0 33105.1 833113 3.13031 78.7766
43 0.195598 104.829 3987.68 102.718 2.11074 0.204816 2.50429e+07 5.65842e+08 1.36456e+07 104215 2.21727e+06 237945 9.63623e+06 1.67837e-05 5.30173e+14 0 0 36270.7 905371 3.12788 78.0764
44 0.204816 104.746 3937.74 102.635 2.11077 0.214469 2.74508e+07 6.15909e+08 1.49774e+07 115628 2.14072e+06 244514 1.02011e+07 1.92794e-05 5.29593e+14 0 0 39737.7 983549 3.12533 77.3552
45 0.214469 104.659 3886.8 102.548 2.1108 0.224576 3.00897e+07 6.70097e+08 1.64365e+07 128277 2.06663e+06 251250 1.07982e+07 2.16292e-05 5.28986e+14 0 0 43534.3 1.06809e+06 3.12266 76.6127
46 0.224576 104.568 3834.87 102.457 2.11083 0.23516 3.29819e+07 7.28718e+08 1.8035e+07 142297 1.99492e+06 258156 1.14292e+07 2.59397e-05 5.28352e+14 0 0 47691.8 1.15946e+06 3.11987 75.8486
47 0.23516 104.473 3781.98 102.362 2.11086 0.246243 3.61514e+07 7.92109e+08 1.97861e+07 157834 1.92552e+06 265235 1.20959e+07 3.11018e-05 5.27689e+14 0 0 52244.1 1.25815e+06 3.11695 75.063
48 0.246243 104.374 3728.14 102.263 2.1109 0.257848 3.96249e+07 8.60626e+08 2.17043e+07 175051 1.85836e+06 272491 1.28003e+07 3.7282e-05 5.26995e+14 0 0 57228.4 1.3647e+06 3.1139 74.2557
49 0.257848 104.27 3673.38 102.159 2.11093 0.27 4.34314e+07 9.3465e+08 2.38055e+07 194126 1.79337e+06 279927 1.35444e+07 4.46792e-05 5.2627e+14 0 0 62685.3 1.47966e+06 3.11071 73.4267
50 0.27 104.161 3617.73 102.05 2.11097 0.282725 4.76028e+07 1.01459e+09 2.6107e+07 215261 1.73049e+06 287548 1.43303e+07 5.42934e-05 5.25511e+14 0 0 68659.2 1.60361e+06 3.10736 72.5759
51 0.282725 104.047 3561.21 101.936 2.11101 0.296049 5.21738e+07 1.10087e+09 2.86278e+07 238673 1.66964e+06 295356 1.51604e+07 6.43393e-05 5.24718e+14 0 0 75198.6 1.73719e+06 3.10387 71.7034
52 0.296049 103.928 3503.86 101.817 2.11105 0.310001 5.71826e+07 1.19394e+09 3.13887e+07 264605 1.61076e+06 303356 1.60369e+07 7.62251e-05 5.23889e+14 0 0 82356.4 1.88103e+06 3.10021 70.8093
53 0.310001 103.804 3445.71 101.693 2.1111 0.324611 6.26711e+07 1.29431e+09 3.44122e+07 293327 1.5538e+06 311550 1.69622e+07 9.02852e-05 5.23022e+14 0 0 90190.6 2.03584e+06 3.09638 69.8937
54 0.324611 103.673 3386.79 101.562 2.11115 0.33991 6.86848e+07 1.40248e+09 3.77233e+07 325134 1.49869e+06 319942 1.7939e+07 0.000104674 5.22115e+14 0 0 98764.2 2.20234e+06 3.09238 68.9568
55 0.33991 103.537 3327.14 101.426 2.1112 0.355929 7.52739e+07 1.51899e+09 4.13491e+07 360355 1.44537e+06 328537 1.89701e+07 0.000118117 5.21168e+14 0 0 108146 2.38127e+06 3.0882 67.9988
56 0.355929 103.395 3266.8 101.284 2.11125 0.372704 8.24933e+07 1.64443e+09 4.53193e+07 399350 1.3938e+06 337338 2.00581e+07 0.00013327 5.20178e+14 0 0 118412 2.57342e+06 3.08382 67.0201
57 0.372704 103.246 3205.81 101.135 2.1113 0.390269 9.04028e+07 1.7794e+09 4.96661e+07 442521 1.34391e+06 346347 2.1206e+07 0.000150348 5.19143e+14 0 0 129643 2.77964e+06 3.07924 66.0209
58 0.390269 103.09 3144.21 100.979 2.11136 0.408662 9.90682e+07 1.92455e+09 5.44252e+07 490307 1.29566e+06 355570 2.24171e+07 0.000173277 5.18061e+14 0 0 141930 3.00076e+06 3.07446 65.0018
59 0.408662 102.927 3082.05 100.816 2.11142 0.427921 1.08561e+08 2.08056e+09 5.96352e+07 543197 1.24899e+06 365009 2.36945e+07 0.000189422 5.16931e+14 0 0 155370 3.23769e+06 3.06945 63.9631
60 0.427921 102.757 3019.38 100.646 2.11149 0.448088 1.18961e+08 2.24814e+09 6.53384e+07 601728 1.20385e+06 374668 2.50416e+07 0.000207062 5.1575e+14 0 0 170070 3.49136e+06 3.06422 62.9053
61 0.448088 102.579 2956.25 100.468 2.11155 0.469206 1.30352e+08 2.42805e+09 7.1581e+07 666495 1.1602e+06 384550 2.64619e+07 0.000226336 5.14517e+14 0 0 186145 3.76271e+06 3.05875 61.8292
62 0.469206 102.393 2892.69 100.282 2.11163 0.491319 1.42831e+08 2.62107e+09 7.84135e+07 738151 1.11799e+06 394660 2.79593e+07 0.000247394 5.13228e+14 0 0 203722 4.05273e+06 3.05303 60.7353
63 0.491319 102.199 2828.78 100.087 2.1117 0.514474 1.56499e+08 2.82804e+09 8.58909e+07 817419 1.07717e+06 405000 2.95375e+07 0.000259503 5.11882e+14 0 0 222939 4.36244e+06 3.04705 59.6243
64 0.514474 101.996 2764.55 99.8839 2.11178 0.538721 1.71469e+08 3.04982e+09 9.40735e+07 905097 1.03771e+06 415574 3.12007e+07 0.000276405 5.10476e+14 0 0 243947 4.69288e+06 3.0408 58.4969
65 0.538721 101.783 2700.06 99.6715 2.11186 0.56411 1.87864e+08 3.28733e+09 1.03027e+08 1.00206e+06 999552 426385 3.29529e+07 0.000294421 5.09009e+14 0 0 266908 5.04511e+06 3.03427 57.3541
66 0.56411 101.561 2635.37 99.4495 2.11195 0.590696 2.0582e+08 3.54152e+09 1.12822e+08 1.10929e+06 962665 437436 3.47988e+07 0.000313626 5.07476e+14 0 0 292000 5.42021e+06 3.02745 56.1966
67 0.590696 101.33 2570.54 99.2176 2.11205 0.618534 2.25483e+08 3.81337e+09 1.23539e+08 1.22784e+06 927006 448732 3.67427e+07 0.000334113 5.05876e+14 0 0 319418 5.81929e+06 3.02032 55.0254
68 0.618534 101.088 2505.61 98.9754 2.11214 0.647685 2.47015e+08 4.10392e+09 1.35261e+08 1.35889e+06 892538 460273 3.87896e+07 0.000355942 5.04206e+14 0 0 349370 6.24344e+06 3.01286 53.8415
69 0.647685 100.835 2440.67 98.7223 2.11225 0.678209 2.70592e+08 4.41424e+09 1.48082e+08 1.50374e+06 859223 472065 4.09444e+07 0.000379216 5.02463e+14 0 0 382087 6.69379e+06 3.00508 52.646
70 0.678209 100.57 2375.75 98.458 2.11236 0.710172 2.96406e+08 4.74545e+09 1.62103e+08 1.66382e+06 827024 484109 4.32122e+07 0.000404032 5.00645e+14 0 0 417816 7.17145e+06 2.99695 51.4399
71 0.710172 100.294 2310.93 98.1819 2.11248 0.743642 3.24667e+08 5.09871e+09 1.77434e+08 1.8407e+06 795908 496409 4.55986e+07 0.000430494 4.98747e+14 0 0 456828 7.67754e+06 2.98845 50.2245
72 0.743642 100.006 2246.25 97.8937 2.1126 0.778689 3.55607e+08 5.47521e+09 1.94196e+08 2.03611e+06 765839 508967 4.8109e+07 0.000465834 4.96768e+14 0 0 499415 8.21315e+06 2.97958 49.0008
73 0.778689 99.7055 2181.79 97.5927 2.11273 0.815387 3.89475e+08 5.87619e+09 2.12521e+08 2.25196e+06 736786 521786 5.07493e+07 0.000508901 4.94704e+14 0 0 545895 8.77937e+06 2.97031 47.7701
74 0.815387 99.3914 2117.61 97.2785 2.11287 0.853815 4.26547e+08 6.30292e+09 2.32549e+08 2.49035e+06 708716 534868 5.35255e+07 0.000555917 4.92551e+14 0 0 596612 9.37724e+06 2.96064 46.5338
75 0.853815 99.0636 2053.76 96.9506 2.11301 0.894054 4.67122e+08 6.75671e+09 2.54438e+08 2.75359e+06 681598 548214 5.64439e+07 0.000607245 4.90307e+14 0 0 651941 1.00078e+07 2.95054 45.2931
76 0.894054 98.7215 1990.31 96.6083 2.11317 0.936189 5.11528e+08 7.23891e+09 2.78356e+08 3.04421e+06 655403 561829 5.9511e+07 0.000663269 4.87968e+14 0 0 712284 1.0672e+07 2.94 44.0493
77 0.936189 98.3645 1927.31 96.2512 2.11333 0.980311 5.60121e+08 7.75089e+09 3.04486e+08 3.365e+06 630102 575712 6.27335e+07 0.000741685 4.85531e+14 0 0 778081 1.13707e+07 2.92899 42.8038
78 0.980311 97.9921 1864.82 95.8786 2.11351 1.02651 6.13292e+08 8.29407e+09 3.33029e+08 3.71904e+06 605665 589866 6.61183e+07 0.000829935 4.82991e+14 0 0 849804 1.21049e+07 2.91751 41.5581
79 1.02651 97.6036 1802.91 95.4899 2.11369 1.07489 6.71467e+08 8.86989e+09 3.64201e+08 4.10969e+06 582067 604292 6.96726e+07 0.000928513 4.80346e+14 0 0 927966 1.28753e+07 2.90553 40.3134
80 1.07489 97.1984 1741.63 95.0845 2.11389 1.12555 7.3511e+08 9.47979e+09 3.9824e+08 4.54066e+06 559281 618991 7.34038e+07 0.0010386 4.77591e+14 0 0 1.01312e+06 1.36825e+07 2.89303 39.0714
81 1.12555 96.7759 1681.03 94.6618 2.1141 1.17859 8.04728e+08 1.01253e+10 4.35399e+08 5.01601e+06 537280 633965 7.73196e+07 0.00118513 4.74723e+14 0 0 1.10586e+06 1.45272e+07 2.88 37.8333
82 1.17859 96.3355 1621.17 94.2211 2.11432 1.23414 8.80873e+08 1.08078e+10 4.75959e+08 5.54021e+06 516041 649213 8.14278e+07 0.00130633 4.71739e+14 0 0 1.20682e+06 1.54097e+07 2.8664 36.6006
83 1.23414 95.8764 1562.1 93.7618 2.11456 1.2923 9.64149e+08 1.15289e+10 5.2022e+08 6.11817e+06 495539 664737 8.57366e+07 0.00143976 4.68633e+14 0 0 1.31671e+06 1.63305e+07 2.85223 35.3748
84 1.2923 95.398 1503.87 93.2832 2.11481 1.35321 1.05521e+09 1.22902e+10 5.68508e+08 6.75525e+06 475751 680536 9.02543e+07 0.00158662 4.65402e+14 0 0 1.43627e+06 1.72897e+07 2.83745 34.1572
85 1.35321 94.8995 1446.54 92.7845 2.11508 1.41698 1.15478e+09 1.3093e+10 6.21179e+08 7.45735e+06 456654 696610 9.49895e+07 0.00174822 4.62043e+14 0 0 1.56629e+06 1.82874e+07 2.82206 32.9493
86 1.41698 94.3804 1390.14 92.265 2.11536 1.48376 1.26362e+09 1.3939e+10 6.78616e+08 8.23095e+06 438226 712957 9.9951e+07 0.00191079 4.58551e+14 0 0 1.70764e+06 1.93234e+07 2.80601 31.7524
87 1.48376 93.8313 1334.72 91.7157 2.11563 1.55369 1.38261e+09 1.48297e+10 7.41227e+08 9.08312e+06 420447 729579 1.05148e+08 0.0020569 4.54866e+14 0 0 1.86111e+06 2.03973e+07 2.78911 30.568
88 1.55369 93.2356 1280.33 91.1198 2.11578 1.62691 1.51264e+09 1.57664e+10 8.09444e+08 1.00216e+07 403295 746472 1.10589e+08 0.00221421 4.50877e+14 0 0 2.02741e+06 2.15089e+07 2.77099 29.3976
89 1.62691 92.5971 1227.01 90.4813 2.11585 1.70358 1.65474e+09 1.67508e+10 8.83729e+08 1.1055e+07 386751 763634 1.16284e+08 0.0023836 4.46613e+14 0 0 2.20756e+06 2.26573e+07 2.75172 28.2424
90 1.70358 91.9257 1174.79 89.8098 2.1159 1.78387 1.81e+09 1.77842e+10 9.64591e+08 1.21925e+07 370795 781065 1.22243e+08 0.00256597 4.42141e+14 0 0 2.40276e+06 2.38415e+07 2.73152 27.1036
91 1.78387 91.2023 1123.71 89.0865 2.1158 1.86794 1.97961e+09 1.8868e+10 1.05256e+09 1.34443e+07 355409 798761 1.28474e+08 0.00275937 4.37338e+14 0 0 2.61379e+06 2.50605e+07 2.70997 25.9826
92 1.86794 90.4473 1073.79 88.3316 2.1157 1.95598 2.16487e+09 2.00036e+10 1.14821e+09 1.48216e+07 340574 816718 1.34989e+08 0.00295743 4.32339e+14 0 0 2.84219e+06 2.63125e+07 2.68749 24.8803
93 1.95598 89.6533 1025.06 87.5377 2.11556 2.04816 2.36717e+09 2.11923e+10 1.25217e+09 1.63365e+07 326273 834934 1.41798e+08 0.00316986 4.27099e+14 0 0 3.08903e+06 2.75958e+07 2.66388 23.7978
94 2.04816 88.7977 977.558 86.6825 2.1152 2.14469 2.58807e+09 2.24352e+10 1.36508e+09 1.80024e+07 312489 853403 1.4891e+08 0.00339773 4.21474e+14 0 0 3.35511e+06 2.89086e+07 2.63876 22.7364
95 2.14469 87.9026 931.29 85.7878 2.11482 2.24576 2.8292e+09 2.37336e+10 1.48762e+09 1.98338e+07 299205 872122 1.56335e+08 0.00364218 4.1561e+14 0 0 3.64217e+06 3.02484e+07 2.61248 21.6968
96 2.24576 86.9654 886.278 84.851 2.1144 2.3516 3.09239e+09 2.50884e+10 1.62056e+09 2.18466e+07 286405 891084 1.64085e+08 0.00390443 4.09494e+14 0 0 3.95152e+06 3.16123e+07 2.58498 20.68
97 2.3516 85.9809 842.541 83.867 2.11394 2.46243 3.37957e+09 2.65006e+10 1.76468e+09 2.40581e+07 274074 910284 1.7217e+08 0.0041682 4.03096e+14 0 0 4.28436e+06 3.29976e+07 2.55611 19.6868
98 2.46243 84.9229 800.103 82.8097 2.11317 2.57848 3.69289e+09 2.7971e+10 1.92075e+09 2.64872e+07 262197 929716 1.806e+08 0.00445001 3.96252e+14 0 0 4.64139e+06 3.44014e+07 2.52547 18.7184
99 2.57848 83.8098 758.966 81.6975 2.1123 2.7 4.03463e+09 2.95004e+10 2.08964e+09 2.91545e+07 250759 949371 1.89385e+08 0.00475137 3.89086e+14 0 0 5.02436e+06 3.58198e+07 2.4933 17.7753
100 2.7 82.6454 719.136 80.5341 2.11137 2.82725 4.40729e+09 3.10894e+10 2.27225e+09 3.20825e+07 239746 969243 1.98537e+08 0.00507365 3.81628e+14 0 0 5.4347e+06 3.72489e+07 2.45963 16.858
101 2.82725 81.3929 680.634 79.2829 2.10999 2.96049 4.81357e+09 3.27384e+10 2.46945e+09 3.52956e+07 229145 989323 2.08065e+08 0.00541836 3.7365e+14 0 0 5.87246e+06 3.86852e+07 2.42389 15.9676
102 2.96049 80.067 643.45 77.9587 2.10835 3.10001 5.25638e+09 3.44477e+10 2.68214e+09 3.88204e+07 218941 1.0096e+06 2.1798e+08 0.00578198 3.65916e+14 0 0 6.3391e+06 4.01241e+07 2.38628 15.1042
103 3.10001 78.636 607.583 76.5299 2.10605 3.24611 5.7389e+09 3.62175e+10 2.91119e+09 4.2686e+07 209123 1.03007e+06 2.28291e+08 0.00617619 3.61439e+14 0 0 6.83426e+06 4.15616e+07 2.34631 14.2688
104 3.24611 77.1429 573.04 75.0393 2.10365 3.3991 6.26453e+09 3.80477e+10 3.15757e+09 4.69239e+07 199677 1.05071e+06 2.3901e+08 0.00659805 3.56737e+14 0 0 7.36006e+06 4.29919e+07 2.30449 13.4611
105 3.3991 75.5887 539.803 73.4875 2.10116 3.55929 6.83696e+09 3.9938e+10 3.42227e+09 5.15682e+07 190592 1.07152e+06 2.50145e+08 0.0070495 3.51808e+14 0 0 7.91726e+06 4.44094e+07 2.26083 12.6814
106 3.55929 73.9684 507.863 71.8698 2.09858 3.72704 7.46018e+09 4.18881e+10 3.7063e+09 5.66561e+07 181855 1.09249e+06 2.61707e+08 0.00753277 3.46631e+14 0 0 8.50572e+06 4.5809e+07 2.21516 11.9301
107 3.72704 72.2839 477.211 70.188 2.09593 3.90269 8.13848e+09 4.38973e+10 4.01063e+09 6.2228e+07 173457 1.11359e+06 2.73703e+08 0.00805011 3.41208e+14 0 0 9.12565e+06 4.71849e+07 2.16749 11.2072
108 3.90269 70.5331 447.833 68.4398 2.09323 4.08662 8.87649e+09 4.59646e+10 4.33624e+09 6.83277e+07 165384 1.13482e+06 2.86143e+08 0.00838879 3.35522e+14 0 0 9.77633e+06 4.85314e+07 2.11772 10.5127
109 4.08662 68.7147 419.714 66.6242 2.09049 4.27921 9.67921e+09 4.80892e+10 4.68406e+09 7.50027e+07 157628 1.15617e+06 2.99035e+08 0.00893379 3.29565e+14 0 0 1.04566e+07 4.98427e+07 2.06578 9.84681
110 4.27921 66.8288 392.838 64.7411 2.08776 4.48088 1.0552e+10 5.02695e+10 5.05497e+09 8.23043e+07 150177 1.17761e+06 3.12386e+08 0.00951589 3.23326e+14 0 0 1.11648e+07 5.11132e+07 2.01161 9.2093
111 4.48088 64.8765 367.185 62.7915 2.08507 4.69206 1.15007e+10 5.2504e+10 5.44979e+09 9.02882e+07 143021 1.19913e+06 3.26204e+08 0.0101378 3.16802e+14 0 0 1.18986e+07 5.2337e+07 1.95519 8.60008
112 4.69206 62.8571 342.734 60.7747 2.08247 4.91319 1.25314e+10 5.4791e+10 5.86922e+09 9.90146e+07 136151 1.22071e+06 3.40494e+08 0.0108025 3.09979e+14 0 0 1.26545e+07 5.35088e+07 1.89644 8.01898
113 4.91319 60.7729 319.462 58.6929 2.08002 5.14474 1.36508e+10 5.71284e+10 6.31387e+09 1.08549e+08 129557 1.24234e+06 3.55263e+08 0.0115129 3.02853e+14 0 0 1.34285e+07 5.46233e+07 1.83535 7.46571
114 5.14474 58.625 297.345 56.5472 2.07781 5.38721 1.48661e+10 5.95138e+10 6.78418e+09 1.18961e+08 123230 1.26399e+06 3.70516e+08 0.0122725 2.95417e+14 0 0 1.42149e+07 5.56755e+07 1.7719 6.93997
115 5.38721 56.4168 276.356 54.3409 2.07593 5.6411 1.6185e+10 6.19448e+10 7.28045e+09 1.30326e+08 117162 1.28565e+06 3.86255e+08 0.0130829 2.87668e+14 0 0 1.50075e+07 5.66611e+07 1.70609 6.44137
116 5.6411 54.152 256.468 52.0775 2.07449 5.90696 1.76156e+10 6.44184e+10 7.80275e+09 1.42728e+08 111343 1.30729e+06 4.02485e+08 0.0139499 2.79605e+14 0 0 1.57983e+07 5.75762e+07 1.63796 5.96948
117 5.90696 51.836 237.65 49.7624 2.07364 6.18534 1.91668e+10 6.69317e+10 8.35095e+09 1.56254e+08 105764 1.3289e+06 4.19207e+08 0.0148774 2.7123e+14 0 0 1.65784e+07 5.84175e+07 1.5676 5.52378
118 6.18534 49.4765 219.871 47.403 2.07352 6.47685 2.08478e+10 6.94813e+10 8.92468e+09 1.70998e+08 100419 1.35044e+06 4.36422e+08 0.01587 2.62554e+14 0 0 1.7338e+07 5.91823e+07 1.49518 5.1037
119 6.47685 47.0835 203.099 45.0093 2.07429 6.78209 2.26688e+10 7.20637e+10 9.52333e+09 1.87064e+08 95299.5 1.37191e+06 4.54129e+08 0.0169327 2.53595e+14 0 0 1.80671e+07 5.98681e+07 1.42096 4.70857
120 6.78209 44.6706 187.298 42.5946 2.07607 7.10172 2.46403e+10 7.46749e+10 1.01461e+10 2.04561e+08 90397 1.39327e+06 4.72327e+08 0.0180707 2.44388e+14 0 0 1.87567e+07 6.04726e+07 1.3454 4.33763
121 7.10172 42.2531 172.434 40.1742 2.07893 7.43642 2.67738e+10 7.73108e+10 1.0792e+10 2.23608e+08 85704.6 1.41449e+06 4.91013e+08 0.0197624 2.34974e+14 0 0 1.93989e+07 6.09933e+07 1.26903 3.99002
122 7.43642 39.8381 158.472 37.7549 2.08321 7.78689 2.90814e+10 7.9967e+10 1.14597e+10 2.44331e+08 81215 1.43556e+06 5.10182e+08 0.0213541 2.25361e+14 0 0 1.99791e+07 6.14328e+07 1.19198 3.66517
123 7.78689 37.4205 145.377 35.3307 2.08985 8.15387 3.15758e+10 8.26388e+10 1.21475e+10 2.66866e+08 76921.2 1.45645e+06 5.29828e+08 0.0230732 2.15507e+14 0 0 2.04678e+07 6.18072e+07 1.11369 3.36304
124 8.15387 34.9622 133.116 32.8605 2.10171 8.53815 3.42707e+10 8.53213e+10 1.2852e+10 2.91359e+08 72816.4 1.47713e+06 5.49943e+08 0.0249299 2.05207e+14 0 0 2.07875e+07 6.21745e+07 1.03156 3.08536
125 8.53815 32.6261 121.646 30.5132 2.11289 8.94054 3.71805e+10 8.80091e+10 1.35729e+10 3.17966e+08 68894 1.49757e+06 5.70519e+08 0.026935 1.95166e+14 0 0 2.10925e+07 6.24155e+07 0.9546 2.82479
126 8.94054 30.4156 110.935 28.2927 2.12287 9.36189 4.03205e+10 9.06968e+10 1.43098e+10 3.46854e+08 65147.6 1.51774e+06 5.91544e+08 0.0291003 1.85416e+14 0 0 2.13925e+07 6.25142e+07 0.882988 2.58031
127 9.36189 28.3234 100.95 26.1918 2.1316 9.80311 4.37068e+10 9.33785e+10 1.50622e+10 3.78201e+08 61570.9 1.53762e+06 6.13006e+08 0.0314386 1.75942e+14 0 0 2.16847e+07 6.24646e+07 0.816296 2.3514
128 9.80311 26.343 91.6584 24.204 2.13905 10.2651 4.73563e+10 9.60483e+10 1.58295e+10 4.12197e+08 58158 1.55718e+06 6.34889e+08 0.0339635 1.66731e+14 0 0 2.19664e+07 6.22609e+07 0.75414 2.13751
129 10.2651 24.469 83.0285 22.3238 2.14517 10.7489 5.1287e+10 9.87e+10 1.6611e+10 4.49044e+08 54902.8 1.57638e+06 6.57178e+08 0.0366896 1.57771e+14 0 0 2.22345e+07 6.18983e+07 0.696179 1.93808
130 10.7489 22.6965 75.0284 20.5466 2.14993 11.2555 5.55178e+10 1.01327e+11 1.74058e+10 4.8896e+08 51799.7 1.5952e+06 6.79854e+08 0.0399966 1.49056e+14 0 0 2.24862e+07 6.13724e+07 0.64211 1.75254
131 11.2555 21.0214 67.6269 18.8681 2.15331 11.7859 6.00682e+10 1.03924e+11 1.8213e+10 5.32173e+08 48843.1 1.61362e+06 7.02897e+08 0.0439037 1.40578e+14 0 0 2.27188e+07 6.068e+07 0.591668 1.5803
132 11.7859 19.44 60.7936 17.2847 2.15528 12.3414 6.49591e+10 1.06484e+11 1.90315e+10 5.78929e+08 46027.6 1.63159e+06 7.26285e+08 0.0481635 1.32335e+14 0 0 2.29295e+07 5.98183e+07 0.544614 1.42078
133 12.3414 17.9489 54.4985 15.7931 2.1558 12.923 7.02121e+10 1.09e+11 1.98601e+10 6.29486e+08 43347.9 1.64909e+06 7.49993e+08 0.0528043 1.24323e+14 0 0 2.31162e+07 5.87861e+07 0.500737 1.27341
134 12.923 16.5454 48.7123 14.3905 2.15486 13.5321 7.58497e+10 1.11465e+11 2.06976e+10 6.8412e+08 40799 1.66609e+06 7.73995e+08 0.0578567 1.16542e+14 0 0 2.32768e+07 5.75828e+07 0.45985 1.13759
135 13.5321 15.2266 43.4066 13.0742 2.15242 14.1698 8.18955e+10 1.13875e+11 2.15427e+10 7.43123e+08 38375.8 1.68256e+06 7.98264e+08 0.0633525 1.08993e+14 0 0 2.34098e+07 5.62094e+07 0.421784 1.01275
136 14.1698 13.9901 38.5535 11.8416 2.14845 14.8376 8.83739e+10 1.16221e+11 2.23941e+10 8.06804e+08 36073.6 1.69847e+06 8.2277e+08 0.0693258 1.01678e+14 0 0 2.35141e+07 5.46677e+07 0.386386 0.898307
137 14.8376 12.8334 34.126 10.6904 2.14292 15.5369 9.53103e+10 1.18498e+11 2.32504e+10 8.75488e+08 33887.6 1.71379e+06 8.4748e+08 0.075814 9.45993e+13 0 0 2.35892e+07 5.29612e+07 0.353515 0.79369
138 15.5369 11.754 30.0978 9.61819 2.13579 16.2691 1.02731e+11 1.207e+11 2.41104e+10 9.4952e+08 31813.2 1.7285e+06 8.72362e+08 0.0828547 8.77611e+13 0 0 2.36355e+07 5.10943e+07 0.323042 0.698339
139 16.2691 10.7495 26.4435 8.62251 2.12703 17.0358 1.10663e+11 1.22821e+11 2.49728e+10 1.02927e+09 29846.1 1.74257e+06 8.81264e+08 0.0904893 8.11674e+13 0 0 2.36538e+07 4.90731e+07 0.294846 0.611698
140 17.0358 9.81753 23.1384 7.70091 2.11662 17.8387 1.19135e+11 1.24857e+11 2.58363e+10 1.11511e+09 27981.9 1.75597e+06 8.69171e+08 0.0987614 7.48226e+13 0 0 2.36458e+07 4.69048e+07 0.268811 0.533225
141 17.8387 8.95534 20.1587 6.85081 2.10453 18.6794 1.28175e+11 1.26801e+11 2.67001e+10 1.20745e+09 26216.3 1.76867e+06 8.57242e+08 0.107717 6.87311e+13 0 0 2.36137e+07 4.45978e+07 0.244826 0.462388
142 18.6794 8.16021 17.4815 6.06948 2.09073 19.5598 1.37813e+11 1.2865e+11 2.75631e+10 1.30671e+09 24545.4 1.78065e+06 8.44799e+08 0.117498 6.28974e+13 0 0 2.35609e+07 4.2162e+07 0.222785 0.398671
143 19.5598 7.4292 15.0846 5.35403 2.07517 20.4816 1.48079e+11 1.30399e+11 2.84246e+10 1.41334e+09 22965.1 1.79189e+06 8.30068e+08 0.128461 5.73251e+13 0 0 2.34914e+07 3.96093e+07 0.202583 0.341578
144 20.4816 6.75913 12.947 4.70138 2.05775 21.4469 1.59003e+11 1.32045e+11 2.9284e+10 1.52781e+09 21471.6 1.80236e+06 8.15821e+08 0.140309 5.20175e+13 0 0 2.34106e+07 3.69534e+07 0.184122 0.290635
145 21.4469 6.14659 11.0488 4.10836 2.03823 22.4576 1.70618e+11 1.33586e+11 3.01409e+10 1.6506e+09 20061.2 1.81205e+06 8.02045e+08 0.153099 4.6978e+13 0 0 2.33261e+07 3.42104e+07 0.167315 0.245387
146 22.4576 5.58806 9.37097 3.57193 2.01614 23.516 1.82955e+11 1.35018e+11 3.09951e+10 1.78223e+09 18730.2 1.82093e+06 7.88725e+08 0.166891 4.22122e+13 0 0 2.32496e+07 3.13969e+07 0.152093 0.20539
147 23.516 5.08038 7.89536 3.0897 1.99068 24.6243 1.96046e+11 1.36341e+11 3.18467e+10 1.92323e+09 17475.1 1.82899e+06 7.75842e+08 0.181744 3.77335e+13 0 0 2.32012e+07 2.85275e+07 0.138422 0.170199
148 24.6243 4.62202 6.60428 2.66113 1.96089 25.7848 2.09924e+11 1.37555e+11 3.26961e+10 2.07417e+09 16292.4 1.83621e+06 7.63391e+08 0.197721 3.35764e+13 0 0 2.3217e+07 2.56105e+07 0.126328 0.139352
149 25.7848 4.21637 5.47905 2.2896 1.92677 27 2.24622e+11 1.38659e+11 3.35458e+10 2.23563e+09 15178.9 1.84257e+06 7.51355e+08 0.214887 2.98182e+13 0 0 2.33578e+07 2.26412e+07 0.115911 0.112355
150 27 3.87657 4.49757 1.98369 1.89288 28.2725 2.40172e+11 1.39653e+11 3.44023e+10 2.40821e+09 14131.3 1.84807e+06 7.39722e+08 0.233308 2.65924e+13 0 0 2.37013e+07 1.95989e+07 0.107267 0.0887001
151 28.2725 3.62891 3.63378 1.75684 1.87206 29.6049 2.56608e+11 1.40533e+11 3.52815e+10 2.59255e+09 13146.5 1.8527e+06 7.2848e+08 0.253051 2.40839e+13 0 0 2.4328e+07 1.6433e+07 0.100415 0.0678283
152 29.6049 3.51846 2.85466 1.62633 1.89213 31.0001 2.73961e+11 1.41292e+11 3.62162e+10 2.78932e+09 12221.5 1.85644e+06 7.17612e+08 0.27419 2.24967e+13 0 0 2.52563e+07 1.30712e+07 0.0950745 0.049205
153 31.0001 3.60511 2.12054 1.60174 2.00338 32.4611 2.92265e+11 1.41909e+11 3.72663e+10 2.99918e+09 11353.4 1.8593e+06 7.07114e+08 0.296793 2.18683e+13 0 0 2.62352e+07 9.48077e+06 0.0900696 0.0325489
154 32.4611 3.92319 1.39971 1.64342 2.27977 33.991 3.11551e+11 1.42357e+11 3.85193e+10 3.22286e+09 10539.4 1.86126e+06 6.96973e+08 0.320933 2.15582e+13 0 0 2.64117e+07 5.8286e+06 0.0826969 0.0182498
155 33.991 4.34284 0.723685 1.56556 2.77728 35.5929 3.31851e+11 1.4261e+11 4.00401e+10 3.4611e+09 9776.63 1.86233e+06 6.87171e+08 0.346689 1.94085e+13 0 0 2.44773e+07 2.6953e+06 0.0698967 0.00769662
156 35.5929 4.40993 0.253754 1.09619 3.31374 37.2704 3.53195e+11 1.42707e+11 4.17334e+10 3.71465e+09 9062.57 1.86251e+06 6.77705e+08 0.374133 1.30801e+13 0 0 2.07303e+07 838432 0.0539882 0.00218354
157 37.2704 3.90101 0.0667137 0.413522 3.48748 39.0269 3.75615e+11 1.42735e+11 4.33758e+10 3.98431e+09 8394.65 1.8618e+06 6.68559e+08 0.403346 4.98933e+12 0 0 1.74538e+07 158724 0.0414556 0.000376995
158 39.0269 3.1717 0.0178704 0 3.1717 40.8662 3.99139e+11 1.42744e+11 4.484e+10 4.2709e+09 7770.42 1.86021e+06 6.59725e+08 0.434407 0 0 0 1.50616e+07 0 0.032626 0
159 40.8662 2.48506 0 0 2.48506 42.7921 4.23795e+11 1.42744e+11 4.60979e+10 4.57527e+09 7187.53 1.85774e+06 6.51191e+08 0.467397 0 0 0 1.30793e+07 0 0.0258392 0
160 42.7921 1.92896 0 0 1.92896 44.8088 4.49611e+11 1.42744e+11 4.71685e+10 4.89828e+09 6643.69 1.8544e+06 6.42952e+08 0.502397 0 0 0 1.12508e+07 0 0.0202712 0
161 44.8088 1.48268 0 0 1.48268 46.9206 4.76612e+11 1.42744e+11 4.80708e+10 5.24086e+09 6136.74 1.85022e+06 6.34989e+08 0.539495 0 0 0 9.58235e+06 0 0.0157458 0
162 46.9206 1.128 0 0 1.128 49.1319 5.04823e+11 1.42744e+11 4.88235e+10 5.60392e+09 5664.58 1.8452e+06 6.27299e+08 0.578773 0 0 0 8.0768e+06 0 0.0121041 0
163 49.1319 0.848968 0 0 0.848968 51.4474 5.34267e+11 1.42744e+11 4.94447e+10 5.98844e+09 5225.2 1.83936e+06 6.19868e+08 0.620324 0 0 0 6.73394e+06 0 0.00920371 0
164 51.4474 0.631779 0 0 0.631779 53.8721 5.64966e+11 1.42744e+11 4.99515e+10 6.39541e+09 4816.67 1.83272e+06 6.12692e+08 0.664232 0 0 0 5.55054e+06 0 0.00691877 0
165 53.8721 0.464617 0 0 0.464617 56.411 5.96939e+11 1.42744e+11 5.03602e+10 6.82586e+09 4437.16 1.8253e+06 6.05758e+08 0.710593 0 0 0 4.52064e+06 0 0.00513917 0
166 56.411 0.337469 0 0 0.337469 59.0696 6.30205e+11 1.42744e+11 5.06857e+10 7.28084e+09 4084.91 1.81713e+06 5.99057e+08 0.759503 0 0 0 3.63592e+06 0 0.00376971 0
167 59.0696 0.241948 0 0 0.241948 61.8534 6.6478e+11 1.42744e+11 5.09416e+10 7.76146e+09 3758.23 1.80823e+06 5.92582e+08 0.811056 0 0 0 2.88615e+06 0 0.00272905 0
168 61.8534 0.171114 0 0 0.171114 64.7685 7.00679e+11 1.42744e+11 5.114e+10 8.26884e+09 3455.54 1.79863e+06 5.86319e+08 0.86536 0 0 0 2.25964e+06 0 0.00194865 0
169 64.7685 0.119302 0 0 0.119302 67.8209 7.37915e+11 1.42744e+11 5.12917e+10 8.80414e+09 3175.3 1.78836e+06 5.80266e+08 0.922514 0 0 0 1.74379e+06 0 0.00137148 0
170 67.8209 0.0819412 0 0 0.0819412 71.0172 7.76497e+11 1.42744e+11 5.14059e+10 9.36857e+09 2916.06 1.77744e+06 5.74252e+08 0.982901 0 0 0 1.32552e+06 0 0.000950777 0
171 71.0172 0.0554044 0 0 0.0554044 74.3642 8.16436e+11 1.42744e+11 5.14906e+10 9.96338e+09 2676.46 1.76592e+06 5.66374e+08 1.0502 0 0 0 991742 0 0.000648772 0
172 74.3642 0.0368508 0 0 0.0368508 77.8689 8.57738e+11 1.42744e+11 5.15524e+10 1.05898e+10 2455.18 1.75383e+06 5.58605e+08 1.12148 0 0 0 729809 0 0.000435414 0
173 77.8689 0.0240918 0 0 0.0240918 81.5387 9.00407e+11 1.42744e+11 5.15967e+10 1.12493e+10 2250.98 1.74119e+06 5.50941e+08 1.19697 0 0 0 527808 0 0.00028719 0
174 81.5387 0.0154687 0 0 0.0154687 85.3815 9.44447e+11 1.42744e+11 5.16278e+10 1.19431e+10 2062.71 1.72805e+06 5.43383e+08 1.27687 0 0 0 374835 0 0.000186009 0
175 85.3815 0.00974608 0 0 0.00974608 89.4054 9.89859e+11 1.42744e+11 5.16494e+10 1.26728e+10 1889.25 1.71445e+06 5.35928e+08 1.36144 0 0 0 261173 0 0.000118201 0
176 89.4054 0.00602009 0 0 0.00602009 93.6189 1.03664e+12 1.42744e+11 5.16639e+10 1.34397e+10 1729.55 1.70041e+06 5.28578e+08 1.45091 0 0 0 178381 0 7.36277e-05 0
177 93.6189 0.00364221 0 0 0.00364221 98.0311 1.08479e+12 1.42744e+11 5.16736e+10 1.42454e+10 1582.65 1.68599e+06 5.21327e+08 1.54557 0 0 0 119314 0 4.49142e-05 0
178 98.0311 0.00215619 0 0 0.00215619 102.651 1.1343e+12 1.42744e+11 5.16799e+10 1.50916e+10 1447.61 1.67122e+06 5.14174e+08 1.64572 0 0 0 78077.1 0 2.68051e-05 0
179 102.651 0.00124773 0 0 0.00124773 107.489 1.18517e+12 1.42744e+11 5.16839e+10 1.59799e+10 1323.56 1.65613e+06 5.07122e+08 1.75165 0 0 0 49934.5 0 1.56349e-05 0
180 107.489 0.000705007 0 0 0.000705007 112.555 1.23739e+12 1.42744e+11 5.16864e+10 1.69121e+10 1209.7 1.64078e+06 5.00166e+08 1.86371 0 0 0 31178 0 8.90311e-06 0
181 112.555 0.00038852 0 0 0.00038852 117.859 1.29094e+12 1.42744e+11 5.16879e+10 1.789e+10 1105.25 1.6252e+06 4.93306e+08 1.98226 0 0 0 18983.4 0 4.94387e-06 0
182 117.859 0.000208576 0 0 0.000208576 123.414 1.34582e+12 1.42744e+11 5.16887e+10 1.89154e+10 1009.51 1.60942e+06 4.86538e+08 2.10769 0 0 0 11258 0 2.67395e-06 0
183 123.414 0.000108944 0 0 0.000108944 129.23 1.40201e+12 1.42744e+11 5.16892e+10 1.99905e+10 921.792 1.5935e+06 4.79865e+08 2.24042 0 0 0 6494.83 0 1.40689e-06 0
184 129.23 5.52924e-05 0 0 5.52924e-05 135.321 1.4595e+12 1.42744e+11 5.16895e+10 2.11174e+10 841.487 1.57748e+06 4.70207e+08 2.39648 0 0 0 3640.22 0 7.19152e-07 0
185 135.321 2.72305e-05 0 0 2.72305e-05 141.698 1.51828e+12 1.42744e+11 5.16897e+10 2.22982e+10 768.01 1.56138e+06 4.57145e+08 2.58302 0 0 0 1979.46 0 3.56648e-07 0
186 141.698 1.29943e-05 0 0 1.29943e-05 148.376 1.57832e+12 1.42744e+11 5.16897e+10 2.35353e+10 700.818 1.54526e+06 4.44368e+08 2.78405 0 0 0 1042.81 0 1.71355e-07 0
187 148.376 5.99934e-06 0 0 5.99934e-06 155.369 1.6396e+12 1.42744e+11 5.16898e+10 2.48313e+10 639.408 1.52915e+06 4.31886e+08 3.00071 0 0 0 531.43 0 7.96415e-08 0
188 155.369 2.67562e-06 0 0 2.67562e-06 162.691 1.70212e+12 1.42744e+11 5.16898e+10 2.61887e+10 583.311 1.51309e+06 4.19712e+08 3.23418 0 0 0 261.572 0 3.57507e-08 0
189 162.691 1.15081e-06 0 0 1.15081e-06 170.358 1.76584e+12 1.42744e+11 5.16898e+10 2.76104e+10 532.094 1.49712e+06 4.0785e+08 3.48581 0 0 0 124.144 0 1.54746e-08 0
190 170.358 4.76524e-07 0 0 4.76524e-07 178.387 1.83074e+12 1.42744e+11 5.16898e+10 2.90993e+10 485.355 1.48128e+06 3.96307e+08 3.75701 0 0 0 56.7153 0 6.44753e-09 0
191 178.387 1.89621e-07 0 0 1.89621e-07 186.794 1.89681e+12 1.42744e+11 5.16898e+10 3.06587e+10 442.719 1.46561e+06 3.85092e+08 4.0493 0 0 0 24.896 0 2.58121e-09 0
192 186.794 7.23748e-08 0 0 7.23748e-08 195.598 1.96402e+12 1.42744e+11 5.16898e+10 3.22918e+10 403.845 1.45013e+06 3.74206e+08 4.36434 0 0 0 10.4808 0 9.9103e-10 0
193 195.598 2.64437e-08 0 0 2.64437e-08 204.816 2.03234e+12 1.42744e+11 5.16898e+10 3.40025e+10 368.412 1.4349e+06 3.63653e+08 4.70394 0 0 0 4.2231 0 3.64187e-10 0
194 204.816 9.22978e-09 0 0 9.22978e-09 214.469 2.10176e+12 1.42744e+11 5.16898e+10 3.57944e+10 336.128 1.41993e+06 3.5344e+08 5.06996 0 0 0 1.62533 0 1.2783e-10 0
195 214.469 3.07077e-09 0 0 3.07077e-09 224.576 2.17225e+12 1.42744e+11 5.16898e+10 3.76718e+10 306.723 1.40528e+06 3.5013e+08 5.36207 0 0 0 0.596183 0 4.27635e-11 0
196 224.576 9.71629e-10 0 0 9.71629e-10 235.16 2.24378e+12 1.42744e+11 5.16898e+10 3.96392e+10 279.948 1.39096e+06 3.37606e+08 5.8275 0 0 0 0.20795 0 1.36036e-11 0
197 235.16 2.91685e-10 0 0 2.91685e-10 246.243 2.31632e+12 1.42744e+11 5.16898e+10 4.17014e+10 255.573 1.37702e+06 3.25648e+08 6.33259 0 0 0 0.0688088 0 4.10523e-12 0
198 246.243 8.2871e-11 0 0 8.2871e-11 257.848 2.38987e+12 1.42744e+11 5.16898e+10 4.38636e+10 233.388 1.36349e+06 3.14249e+08 6.88052 0 0 0 0.0215452 0 1.17231e-12 0
199 257.848 2.22243e-11 0 0 2.22243e-11 270 2.46437e+12 1.42744e+11 5.16898e+10 4.61314e+10 213.201 1.35039e+06 3.03399e+08 7.47466 0 0 0 0.00636711 0 3.15962e-13 0
