#i RadiusInner SDensityCold SDensityStar SDensityColdMolecular SDensityColdAtomic RadiusOuter MassProfHalo MassProfStar MassProfCold MassProfHot DensityProfHot TemperatureProfHot CoolingRate CoolingTime SDensitySFR MassProfDM MassProfDMContracted MassMetalCold MassMetalStar SDensityMetalCold SDensityMetalStar MetallicityCold MetallicityStar MassBin SDensityColdAcc
0 0.027 0 1490.54 0 0 0.0282725 374666 329344 0 4134.86 4.30496e+07 46147.1 1.9104e+07 1.44585e-06 8.38925e+14 0 0 42.0088 1696.34 0.190123 7.67725 inf 0.00515066 12 1.584e+14
1 0.0282725 0 1490.75 0 0 0.0296049 410786 690514 0 4718.89 4.16504e+07 47487.3 2.57691e+06 1.46023e-06 8.38548e+14 0 0 46.041 1858.57 0.190037 7.67134 inf 0.00514595 12 1.58347e+14
2 0.0296049 0 1487.85 0 0 0.0310001 450386 1.08576e+06 0 5367.62 4.02948e+07 48864.9 2.73356e+06 1.47487e-06 8.38154e+14 0 0 50.4593 2036.24 0.189948 7.66517 inf 0.00515183 12 1.58292e+14
3 0.0310001 0 1484.84 0 0 0.0324611 493802 1.51826e+06 0 6088.19 3.89815e+07 50280.9 2.8996e+06 1.47758e-06 8.37741e+14 0 0 55.3002 2230.81 0.189854 7.65871 inf 0.00515796 12 1.58235e+14
4 0.0324611 0 1481.7 0 0 0.033991 541402 1.99148e+06 0 6888.51 3.77092e+07 51736.3 3.07558e+06 1.49189e-06 8.37309e+14 0 0 60.6042 2443.88 0.189756 7.65197 inf 0.00516432 12 1.58175e+14
5 0.033991 0 1478.44 0 0 0.0355929 593587 2.50922e+06 0 7777.36 3.64766e+07 53232.1 3.26207e+06 1.50646e-06 8.36857e+14 0 0 66.4153 2677.19 0.189654 7.64492 inf 0.00517094 12 1.58112e+14
6 0.0355929 0 1475.05 0 0 0.0372704 650800 3.07561e+06 0 8764.49 3.52825e+07 54769.3 3.4597e+06 1.52129e-06 8.36383e+14 0 0 72.7818 2932.65 0.189547 7.63755 inf 0.00517781 12 1.58046e+14
7 0.0372704 0 1471.54 0 0 0.0390269 713525 3.69516e+06 0 9860.71 3.41257e+07 56349 3.66912e+06 1.54924e-06 8.35888e+14 0 0 79.7564 3212.35 0.189434 7.62985 inf 0.00518495 12 1.57977e+14
8 0.0390269 0 1467.89 0 0 0.0408662 782292 4.3728e+06 0 11078 3.30052e+07 57972.2 3.89101e+06 1.58113e-06 8.3537e+14 0 0 87.3969 3518.56 0.189317 7.62181 inf 0.00519237 12 1.57905e+14
9 0.0408662 0 1464.1 0 0 0.0427921 857683 5.1139e+06 0 12429.7 3.19198e+07 59640 4.1261e+06 1.61379e-06 8.34828e+14 0 0 95.7666 3853.77 0.189194 7.61341 inf 0.00520007 12 1.57829e+14
10 0.0427921 0 1460.16 0 0 0.0448088 940335 5.92432e+06 0 13930.5 3.08684e+07 61353.7 4.37516e+06 1.64723e-06 8.3426e+14 0 0 104.935 4220.7 0.189065 7.60463 inf 0.00520807 12 1.5775e+14
11 0.0448088 0 1456.08 0 0 0.0469206 1.03095e+06 6.81044e+06 0 15596.8 2.985e+07 63114.2 4.63899e+06 1.68124e-06 8.33666e+14 0 0 114.977 4622.33 0.188931 7.59547 inf 0.00521637 12 1.57667e+14
12 0.0469206 0 1451.85 0 0 0.0491319 1.13029e+06 7.77922e+06 0 17446.8 2.88635e+07 64922.8 4.91846e+06 1.72487e-06 8.33045e+14 0 0 125.975 5061.9 0.18879 7.5859 inf 0.00522498 12 1.5758e+14
13 0.0491319 0 1447.47 0 0 0.0514474 1.23919e+06 8.83827e+06 0 19500.6 2.79081e+07 66780.7 5.21447e+06 1.76976e-06 8.32395e+14 0 0 138.021 5542.95 0.188643 7.5759 inf 0.00523391 12 1.5749e+14
14 0.0514474 0 1442.92 0 0 0.0538721 1.35858e+06 9.99585e+06 0 21780.4 2.69827e+07 68689.1 5.52796e+06 1.81593e-06 8.31714e+14 0 0 151.214 6069.35 0.188488 7.56546 inf 0.00524316 12 1.57395e+14
15 0.0538721 0 1438.21 0 0 0.056411 1.48946e+06 1.1261e+07 0 24311 2.60864e+07 70649.3 5.85996e+06 1.86345e-06 8.31002e+14 0 0 165.661 6645.32 0.188327 7.55456 inf 0.00525275 12 1.57296e+14
16 0.056411 0 1433.33 0 0 0.0590696 1.63294e+06 1.26434e+07 0 27119.9 2.52184e+07 72662.4 6.21151e+06 1.94183e-06 8.30258e+14 0 0 181.481 7275.48 0.188158 7.54319 inf 0.00526269 12 1.57192e+14
17 0.0590696 0 1428.28 0 0 0.0618534 1.79023e+06 1.41539e+07 0 30237.4 2.43778e+07 74729.8 6.58375e+06 2.02774e-06 8.29479e+14 0 0 198.803 7964.84 0.187982 7.53131 inf 0.00527298 12 1.57083e+14
18 0.0618534 0 1423.06 0 0 0.0647685 1.96266e+06 1.58041e+07 0 33697.3 2.35636e+07 76852.7 6.97786e+06 2.11756e-06 8.28664e+14 0 0 217.769 8718.9 0.187797 7.51891 inf 0.00528364 12 1.56969e+14
19 0.0647685 0 1417.65 0 0 0.0678209 2.15169e+06 1.76066e+07 0 37536.8 2.27752e+07 79032.6 7.39507e+06 2.21146e-06 8.27811e+14 0 0 238.533 9543.63 0.187604 7.50597 inf 0.00529467 12 1.5685e+14
20 0.0678209 0 1412.05 0 0 0.0710172 2.3589e+06 1.95752e+07 0 41797.4 2.20118e+07 81270.8 7.83672e+06 2.34222e-06 8.26919e+14 0 0 261.264 10445.6 0.187402 7.49247 inf 0.00530608 12 1.56726e+14
21 0.0710172 0 1406.27 0 0 0.0743642 2.58604e+06 2.17249e+07 0 46524.9 2.12725e+07 83568.5 8.30419e+06 2.4899e-06 8.25986e+14 0 0 286.148 11431.8 0.18719 7.47838 inf 0.00531788 12 1.56595e+14
22 0.0743642 0 1400.29 0 0 0.0778689 2.83504e+06 2.40719e+07 0 51770.2 2.05566e+07 85927.4 8.79894e+06 2.64696e-06 8.25011e+14 0 0 313.384 12510.1 0.186969 7.46369 inf 0.00533008 12 1.56459e+14
23 0.0778689 0 1394.12 0 0 0.0815387 3.10799e+06 2.66341e+07 0 57589.4 1.98634e+07 88348.6 9.32251e+06 2.814e-06 8.2399e+14 0 0 343.194 13688.9 0.186738 7.44836 inf 0.0053427 12 1.56316e+14
24 0.0815387 0 1387.74 0 0 0.0853815 3.40718e+06 2.94306e+07 0 64045.1 1.91922e+07 90833.8 9.87653e+06 3.02593e-06 8.22923e+14 0 0 375.817 14977.3 0.186496 7.43237 inf 0.00535573 12 1.56167e+14
25 0.0853815 0 1381.16 0 0 0.0894054 3.73514e+06 3.24824e+07 0 71206.2 1.85423e+07 93384.4 1.04627e+07 3.23637e-06 8.21807e+14 0 0 411.516 16385.5 0.186243 7.4157 inf 0.00536919 12 1.56011e+14
26 0.0894054 0 1374.36 0 0 0.0936189 4.09464e+06 3.58121e+07 0 79149.3 1.79132e+07 96001.8 1.10829e+07 3.4615e-06 8.2064e+14 0 0 450.578 17924.2 0.185979 7.39833 inf 0.00538309 12 1.55848e+14
27 0.0936189 0 1367.36 0 0 0.0980311 4.48868e+06 3.94445e+07 0 87959 1.7304e+07 98687.6 1.17389e+07 3.70235e-06 8.19419e+14 0 0 493.314 19605.4 0.185702 7.38021 inf 0.00539743 12 1.55677e+14
28 0.0980311 0 1360.13 0 0 0.102651 4.9206e+06 4.34062e+07 0 97729.2 1.67143e+07 101443 1.24328e+07 4.00038e-06 8.18143e+14 0 0 540.066 21441.9 0.185413 7.36133 inf 0.00541224 12 1.55498e+14
29 0.102651 0 1352.67 0 0 0.107489 5.39402e+06 4.77263e+07 0 108564 1.61434e+07 104270 1.31666e+07 4.23299e-06 8.16809e+14 0 0 591.205 23447.7 0.185111 7.34166 inf 0.00542752 12 1.55311e+14
30 0.107489 0 1344.99 0 0 0.112555 5.91291e+06 5.24364e+07 0 120578 1.55908e+07 107171 1.39427e+07 4.47931e-06 8.15415e+14 0 0 647.136 25638.1 0.184795 7.32116 inf 0.00544327 12 1.55116e+14
31 0.112555 0 1337.08 0 0 0.117859 6.48165e+06 5.75705e+07 0 133898 1.50558e+07 110145 1.47633e+07 4.74012e-06 8.13957e+14 0 0 708.302 28029.7 0.184464 7.29981 inf 0.00545952 12 1.54911e+14
32 0.117859 0 1328.93 0 0 0.123414 7.10501e+06 6.31656e+07 0 148666 1.45379e+07 113196 1.56308e+07 5.07624e-06 8.12433e+14 0 0 775.184 30640.3 0.184119 7.27758 inf 0.00547627 12 1.54698e+14
33 0.123414 0 1320.54 0 0 0.12923 7.78821e+06 6.92618e+07 0 165037 1.40367e+07 116325 1.6548e+07 5.31395e-06 8.10841e+14 0 0 848.307 33489.6 0.183758 7.25442 inf 0.00549354 12 1.54474e+14
34 0.12923 0 1311.9 0 0 0.135321 8.53699e+06 7.59024e+07 0 183184 1.35516e+07 119534 1.75174e+07 5.56314e-06 8.09176e+14 0 0 928.24 36598.6 0.183381 7.23032 inf 0.00551133 12 1.5424e+14
35 0.135321 0 1303.02 0 0 0.141698 9.35762e+06 8.31344e+07 0 203298 1.3082e+07 122823 1.85419e+07 5.82441e-06 8.07437e+14 0 0 1015.61 39990.3 0.182987 7.20524 inf 0.00552966 12 1.53996e+14
36 0.141698 0 1293.88 0 0 0.148376 1.0257e+07 9.10084e+07 0 225589 1.26276e+07 126196 1.96245e+07 6.14868e-06 8.0562e+14 0 0 1111.09 43689.6 0.182575 7.17913 inf 0.00554854 12 1.53741e+14
37 0.148376 0 1284.48 0 0 0.155369 1.12426e+07 9.95795e+07 0 250291 1.21878e+07 129653 2.07685e+07 6.43982e-06 8.03722e+14 0 0 1215.41 47723.5 0.182145 7.15197 inf 0.00556798 12 1.53474e+14
38 0.155369 0 1274.83 0 0 0.162691 1.23228e+07 1.08907e+08 0 277663 1.17622e+07 133196 2.1977e+07 6.74525e-06 8.01739e+14 0 0 1329.38 52121.1 0.181695 7.12373 inf 0.00558798 12 1.53195e+14
39 0.162691 0 1264.91 0 0 0.170358 1.35064e+07 1.19055e+08 0 307990 1.13504e+07 136827 2.32536e+07 7.06565e-06 7.99667e+14 0 0 1453.87 56914.1 0.181226 7.09436 inf 0.00560857 12 1.52903e+14
40 0.170358 0 1254.73 0 0 0.178387 1.48035e+07 1.30092e+08 0 341587 1.09519e+07 140548 2.46019e+07 7.4018e-06 7.97504e+14 0 0 1589.83 62136.7 0.180735 7.06385 inf 0.00562975 12 1.52598e+14
41 0.178387 0 1244.29 0 0 0.186794 1.62249e+07 1.42093e+08 0 378804 1.05663e+07 144360 2.60257e+07 7.75196e-06 7.95244e+14 0 0 1738.27 67825.6 0.180223 7.03213 inf 0.00565154 12 1.5228e+14
42 0.186794 0 1233.57 0 0 0.195598 1.77824e+07 1.55139e+08 0 420026 1.01932e+07 148265 2.7529e+07 8.12193e-06 7.92885e+14 0 0 1900.32 74020.8 0.179689 6.99918 inf 0.00567394 12 1.51947e+14
43 0.195598 0 1222.57 0 0 0.204816 1.9489e+07 1.69316e+08 0 465679 9.83227e+06 152265 2.91161e+07 8.51023e-06 7.90423e+14 0 0 2077.19 80765.2 0.179131 6.96495 inf 0.00569696 12 1.51599e+14
44 0.204816 0 1211.3 0 0 0.214469 2.1359e+07 1.84717e+08 0 516234 9.48308e+06 156362 3.07914e+07 8.91777e-06 7.87852e+14 0 0 2270.19 88105.3 0.178548 6.9294 inf 0.00572061 12 1.51236e+14
45 0.214469 0 1199.76 0 0 0.224576 2.34078e+07 2.01443e+08 0 572211 9.14528e+06 160557 3.25594e+07 9.51727e-06 7.85169e+14 0 0 2480.73 96091.1 0.17794 6.8925 inf 0.0057449 12 1.50856e+14
46 0.224576 0 1187.93 0 0 0.23516 2.56525e+07 2.19603e+08 0 634185 8.81852e+06 164852 3.44251e+07 1.00252e-05 7.82369e+14 0 0 2710.37 104776 0.177305 6.8542 inf 0.00576985 12 1.5046e+14
47 0.23516 0 1175.83 0 0 0.246243 2.81118e+07 2.39311e+08 0 702791 8.50244e+06 169249 3.63935e+07 1.0561e-05 7.79447e+14 0 0 2960.77 114219 0.176643 6.81446 inf 0.00579547 12 1.50046e+14
48 0.246243 0 1163.44 0 0 0.257848 3.08061e+07 2.60693e+08 0 778728 8.19673e+06 173750 3.84698e+07 1.11262e-05 7.764e+14 0 0 3233.72 124481 0.175953 6.77324 inf 0.00582176 12 1.49614e+14
49 0.257848 0 1150.77 0 0 0.27 3.37577e+07 2.83883e+08 0 862771 7.90105e+06 178356 4.06597e+07 1.18263e-05 7.73221e+14 0 0 3531.19 135630 0.175232 6.73053 inf 0.00584874 12 1.49162e+14
50 0.27 0 1137.81 0 0 0.282725 3.6991e+07 3.09023e+08 0 955773 7.6151e+06 183069 4.2969e+07 1.25292e-05 7.69907e+14 0 0 3855.28 147738 0.174481 6.68628 inf 0.00587643 12 1.48691e+14
51 0.282725 0 1124.58 0 0 0.296049 4.05329e+07 3.36269e+08 0 1.05868e+06 7.33857e+06 187891 4.54037e+07 1.32747e-05 7.66451e+14 0 0 4208.25 160880 0.173698 6.64044 inf 0.00590483 12 1.482e+14
52 0.296049 0 1111.06 0 0 0.310001 4.44124e+07 3.65784e+08 0 1.17252e+06 7.07116e+06 192823 4.79701e+07 1.40654e-05 7.62849e+14 0 0 4592.57 175140 0.172882 6.59295 inf 0.00593395 12 1.47687e+14
53 0.310001 0 1097.25 0 0 0.324611 4.86618e+07 3.97744e+08 0 1.29845e+06 6.8126e+06 197867 5.06749e+07 1.4904e-05 7.59094e+14 0 0 5010.87 190606 0.172031 6.54379 inf 0.0059638 12 1.47151e+14
54 0.324611 0 1083.16 0 0 0.33991 5.33159e+07 4.32338e+08 0 1.43773e+06 6.56261e+06 203025 5.3525e+07 1.61408e-05 7.55183e+14 0 0 5465.99 207370 0.171144 6.49291 inf 0.00599439 12 1.46593e+14
55 0.33991 0 1068.79 0 0 0.355929 5.8413e+07 4.69767e+08 0 1.59176e+06 6.32092e+06 208298 5.65275e+07 1.74597e-05 7.51108e+14 0 0 5961.01 225533 0.170221 6.44027 inf 0.00602574 12 1.4601e+14
56 0.355929 0 1054.15 0 0 0.372704 6.3995e+07 5.10244e+08 0 1.76207e+06 6.08727e+06 213688 5.96901e+07 1.88863e-05 7.46864e+14 0 0 6499.18 245204 0.169259 6.38589 inf 0.00605788 12 1.45403e+14
57 0.372704 0 1039.22 0 0 0.390269 7.01078e+07 5.53997e+08 0 1.95035e+06 5.86141e+06 219196 6.30205e+07 2.04292e-05 7.42446e+14 0 0 7084.06 266495 0.168258 6.32969 inf 0.0060908 12 1.44769e+14
58 0.390269 0 1024.01 0 0 0.408662 7.68013e+07 6.0127e+08 0 2.15848e+06 5.64309e+06 224824 6.65269e+07 2.22982e-05 7.37847e+14 0 0 7719.4 289525 0.167216 6.27161 inf 0.00612453 12 1.44109e+14
59 0.408662 0 1008.51 0 0 0.427921 8.41303e+07 6.52319e+08 0 2.38851e+06 5.43209e+06 230573 7.02177e+07 2.54972e-05 7.33061e+14 0 0 8409.25 314420 0.166131 6.21161 inf 0.0061592 12 1.43421e+14
60 0.427921 0 992.728 0 0 0.448088 9.21546e+07 7.07417e+08 0 2.6427e+06 5.22817e+06 236445 7.41019e+07 2.91483e-05 7.28082e+14 0 0 9157.94 341317 0.165003 6.14967 inf 0.00619471 12 1.42704e+14
61 0.448088 0 976.682 0 0 0.469206 1.0094e+08 7.66855e+08 0 2.92356e+06 5.0311e+06 242441 7.81885e+07 3.33141e-05 7.22905e+14 0 0 9970.07 370358 0.163829 6.08576 inf 0.00623105 12 1.41956e+14
62 0.469206 0 960.377 0 0 0.491319 1.10557e+08 8.30938e+08 0 3.23381e+06 4.84068e+06 248562 8.24872e+07 3.80658e-05 7.17522e+14 0 0 10850.6 401691 0.162609 6.01985 inf 0.00626822 12 1.41178e+14
63 0.491319 0 943.819 0 0 0.514474 1.21084e+08 8.99993e+08 0 3.5765e+06 4.6567e+06 254810 8.70077e+07 4.462e-05 7.11928e+14 0 0 11804.7 435476 0.161342 5.95193 inf 0.00630622 12 1.40368e+14
64 0.514474 0 927.012 0 0 0.538721 1.32606e+08 9.74362e+08 0 3.95493e+06 4.47895e+06 261185 9.17605e+07 5.3276e-05 7.06116e+14 0 0 12837.9 471877 0.160025 5.88196 inf 0.00634508 12 1.39525e+14
65 0.538721 0 909.963 0 0 0.56411 1.45217e+08 1.05441e+09 0 4.37278e+06 4.30724e+06 267689 9.67561e+07 6.35816e-05 7.0008e+14 0 0 13956.1 511066 0.158657 5.80993 inf 0.00638479 12 1.38647e+14
66 0.56411 0 892.68 0 0 0.590696 1.59018e+08 1.14051e+09 0 4.83405e+06 4.14137e+06 274322 1.02006e+08 7.58433e-05 6.93814e+14 0 0 15165.6 553224 0.157237 5.73581 inf 0.00642538 12 1.37734e+14
67 0.590696 0 875.173 0 0 0.618534 1.7412e+08 1.23306e+09 0 5.34318e+06 3.98117e+06 281085 1.0752e+08 9.0425e-05 6.87312e+14 0 0 16472.9 598541 0.155763 5.65962 inf 0.00646686 12 1.36784e+14
68 0.618534 0 857.453 0 0 0.647685 1.90644e+08 1.33249e+09 0 5.90502e+06 3.82646e+06 287980 1.13312e+08 0.000105083 6.80568e+14 0 0 17885 647215 0.154235 5.58139 inf 0.00650926 12 1.35796e+14
69 0.647685 0 839.524 0 0 0.678209 2.08722e+08 1.43923e+09 0 6.52491e+06 3.67705e+06 295006 1.19393e+08 0.000122766 6.73575e+14 0 0 19409 699441 0.15265 5.50104 inf 0.00655257 12 1.3477e+14
70 0.678209 0 821.396 0 0 0.710172 2.28499e+08 1.55375e+09 0 7.20872e+06 3.5328e+06 302165 1.25776e+08 0.000143364 6.66329e+14 0 0 21052.6 755425 0.151008 5.41857 inf 0.00659678 12 1.33703e+14
71 0.710172 0 803.08 0 0 0.743642 2.50132e+08 1.67651e+09 0 7.96288e+06 3.39352e+06 309456 1.32474e+08 0.000167346 6.58823e+14 0 0 22823.7 815378 0.149307 5.33399 inf 0.00664192 12 1.32596e+14
72 0.743642 0 784.586 0 0 0.778689 2.73792e+08 1.80802e+09 0 8.79447e+06 3.25908e+06 316879 1.395e+08 0.000196224 6.51053e+14 0 0 24730.5 879514 0.147546 5.2473 inf 0.00668799 12 1.31446e+14
73 0.778689 0 765.937 0 0 0.815387 2.99666e+08 1.94878e+09 0 9.71125e+06 3.1293e+06 324436 1.46868e+08 0.000221411 6.43012e+14 0 0 26781.6 948072 0.145724 5.15863 inf 0.00673506 12 1.30252e+14
74 0.815387 0 747.136 0 0 0.853815 3.27958e+08 2.09934e+09 0 1.07217e+07 3.00405e+06 332126 1.54592e+08 0.000249763 6.34698e+14 0 0 28985.7 1.02125e+06 0.143839 5.06789 inf 0.0067831 12 1.29014e+14
75 0.853815 0 728.196 0 0 0.894054 3.58891e+08 2.26024e+09 0 1.18352e+07 2.88318e+06 339948 1.62687e+08 0.000281667 6.26104e+14 0 0 31351.9 1.09928e+06 0.141892 4.9751 inf 0.00683209 12 1.2773e+14
76 0.894054 0 709.132 0 0 0.936189 3.92706e+08 2.43205e+09 0 1.3062e+07 2.76656e+06 347902 1.71167e+08 0.000317556 6.17228e+14 0 0 33889.3 1.18237e+06 0.13988 4.88029 inf 0.00688206 12 1.26399e+14
77 0.936189 0 689.96 0 0 0.980311 4.29666e+08 2.61533e+09 0 1.44132e+07 2.65404e+06 355989 1.80047e+08 0.000353126 6.08067e+14 0 0 36607.4 1.27073e+06 0.137804 4.7835 inf 0.00693301 12 1.2502e+14
78 0.980311 0 670.702 0 0 1.02651 4.70059e+08 2.81069e+09 0 1.59011e+07 2.5455e+06 364206 1.89345e+08 0.000383622 5.98616e+14 0 0 39515.3 1.36459e+06 0.135662 4.68485 inf 0.006985 12 1.23593e+14
79 1.02651 0 651.374 0 0 1.07489 5.14197e+08 3.01873e+09 0 1.75393e+07 2.44081e+06 372552 1.99074e+08 0.000416732 5.88874e+14 0 0 42622.6 1.46416e+06 0.133455 4.58439 inf 0.00703803 12 1.22116e+14
80 1.07489 0 631.988 0 0 1.12555 5.62418e+08 3.24005e+09 0 1.93423e+07 2.33985e+06 381028 2.09251e+08 0.000452677 5.7884e+14 0 0 45938.4 1.5696e+06 0.131181 4.4821 inf 0.00709206 12 1.20588e+14
81 1.12555 0 612.564 0 0 1.17859 6.15094e+08 3.47526e+09 0 2.13263e+07 2.2425e+06 389631 2.19894e+08 0.000491697 5.68513e+14 0 0 49471.8 1.68108e+06 0.12884 4.37806 inf 0.0071471 12 1.19008e+14
82 1.17859 0 593.132 0 0 1.23414 6.72624e+08 3.72498e+09 0 2.3509e+07 2.14865e+06 398359 2.31018e+08 0.000538058 5.57893e+14 0 0 53231.4 1.79881e+06 0.126433 4.27247 inf 0.00720325 12 1.17376e+14
83 1.23414 0 573.701 0 0 1.2923 7.35446e+08 3.98983e+09 0 2.59094e+07 2.05818e+06 407212 2.42641e+08 0.000576721 5.46981e+14 0 0 57225.5 1.92289e+06 0.12396 4.16532 inf 0.00726044 12 1.15692e+14
84 1.2923 0 554.292 0 0 1.35321 8.04034e+08 4.2704e+09 0 2.85488e+07 1.97099e+06 416186 2.54779e+08 0.000618193 5.35778e+14 0 0 61461.4 2.05342e+06 0.121422 4.05668 inf 0.00731866 12 1.13953e+14
85 1.35321 0 534.938 0 0 1.41698 8.78901e+08 4.5673e+09 0 3.145e+07 1.88696e+06 425279 2.6745e+08 0.000662686 5.24294e+14 0 0 65946.6 2.19053e+06 0.118819 3.94677 inf 0.007378 12 1.12161e+14
86 1.41698 0 515.652 0 0 1.48376 9.60608e+08 4.88111e+09 0 3.46381e+07 1.80601e+06 434488 2.80672e+08 0.000710424 5.12529e+14 0 0 70686.4 2.33422e+06 0.116153 3.83562 inf 0.0074384 12 1.10315e+14
87 1.48376 0 496.453 0 0 1.55369 1.04976e+09 5.21238e+09 0 3.81405e+07 1.72803e+06 443811 2.94462e+08 0.00076164 5.00487e+14 0 0 75685 2.48448e+06 0.113424 3.72331 inf 0.00749982 12 1.08414e+14
88 1.55369 0 477.363 0 0 1.62691 1.14701e+09 5.56164e+09 0 4.1987e+07 1.65292e+06 453244 3.08838e+08 0.000810214 4.91418e+14 0 0 81483.3 2.64138e+06 0.111368 3.61014 inf 0.00756267 12 1.06459e+14
89 1.62691 0 458.418 0 0 1.70358 1.25308e+09 5.92941e+09 0 4.62102e+07 1.58059e+06 462783 3.23817e+08 0.00086873 4.82143e+14 0 0 87658.4 2.8047e+06 0.109266 3.49607 inf 0.00762638 12 1.04449e+14
90 1.70358 0.293836 439.63 0.0927011 0.201135 1.78387 1.36874e+09 6.31612e+09 258471 5.08454e+07 1.51096e+06 472425 3.39416e+08 0.000931537 4.72618e+14 0 0 97693.3 2.97429e+06 0.11106 3.38125 0.377967 0.00769112 12 1.02385e+14
91 1.78387 0.86427 421.023 0.368145 0.496125 1.86794 1.49481e+09 6.7222e+09 1.09207e+06 5.59312e+07 1.44394e+06 482166 3.55654e+08 0.000998943 4.62846e+14 0 0 112383 3.14992e+06 0.116518 3.26582 0.134817 0.00775686 12 1.00268e+14
92 1.86794 1.44038 402.622 0.695101 0.745281 1.95598 1.63221e+09 7.148e+09 2.61536e+06 6.15097e+07 1.37943e+06 492000 3.72546e+08 0.0010713 4.52828e+14 0 0 129019 3.33128e+06 0.121996 3.14995 0.084697 0.0078236 12 9.80975e+13
93 1.95598 2.02105 384.45 1.05569 0.965361 2.04816 1.78191e+09 7.59381e+09 4.95896e+06 6.76265e+07 1.31737e+06 501922 3.9011e+08 0.00114165 4.42571e+14 0 0 147826 3.518e+06 0.127481 3.03382 0.0630764 0.00789131 12 9.58753e+13
94 2.04816 2.60504 366.532 1.4417 1.16334 2.14469 1.94497e+09 8.05984e+09 8.27119e+06 7.43313e+07 1.25767e+06 511928 4.08363e+08 0.00124892 4.32079e+14 0 0 169049 3.70963e+06 0.132956 2.91759 0.0510379 0.00795999 12 9.36023e+13
95 2.14469 3.191 348.89 1.84773 1.34327 2.24576 2.12253e+09 8.54625e+09 1.27199e+07 8.16779e+07 1.20025e+06 522011 4.2732e+08 0.00136605 4.21358e+14 0 0 192956 3.90561e+06 0.138405 2.80145 0.0433735 0.00802959 12 9.12799e+13
96 2.24576 3.77748 331.549 2.26955 1.50793 2.3516 2.31582e+09 9.05307e+09 1.84943e+07 8.9725e+07 1.14505e+06 532166 4.46996e+08 0.00149391 4.10417e+14 0 0 219835 4.1053e+06 0.14381 2.68558 0.0380705 0.00810011 12 8.89099e+13
97 2.3516 4.3629 314.531 2.70358 1.65933 2.46243 2.52616e+09 9.58026e+09 2.58071e+07 9.85361e+07 1.09198e+06 542386 4.67407e+08 0.00163345 3.99264e+14 0 0 249999 4.30797e+06 0.149153 2.5702 0.0341866 0.00817152 12 8.6494e+13
98 2.46243 4.94558 297.859 3.14653 1.79906 2.57848 2.755e+09 1.01277e+10 3.48963e+07 1.0818e+08 1.04098e+06 552663 4.88566e+08 0.00178571 3.87909e+14 0 0 283783 4.51277e+06 0.154412 2.45548 0.0312221 0.00824377 12 8.40346e+13
99 2.57848 5.52371 281.554 3.59533 1.92839 2.7 3.00386e+09 1.0695e+10 4.60274e+07 1.18732e+08 991986 562991 5.10488e+08 0.00193925 3.76364e+14 0 0 321548 4.71876e+06 0.159565 2.34165 0.0288873 0.00831687 12 8.15343e+13
100 2.7 6.09369 265.635 4.04562 2.04807 2.82725 3.27442e+09 1.1282e+10 5.94917e+07 1.30272e+08 944924 573362 5.33183e+08 0.00216618 3.64682e+14 0 0 363633 4.92489e+06 0.164572 2.2289 0.027007 0.00839083 12 7.89958e+13
101 2.82725 5.60336 250.157 3.60872 1.99464 2.96049 3.56844e+09 1.18881e+10 7.30672e+07 1.42888e+08 899733 583768 5.56664e+08 0.00241845 3.51012e+14 0 0 375183 5.13077e+06 0.154859 2.11776 0.0276368 0.00846572 12 7.64223e+13
102 2.96049 4.35652 235.107 2.58077 1.77575 3.10001 3.88785e+09 1.25126e+10 8.46402e+07 1.56675e+08 856351 594200 5.8094e+08 0.00269868 3.39092e+14 0 0 359698 5.33507e+06 0.135404 2.00832 0.0310807 0.00854216 12 7.38174e+13
103 3.10001 3.16292 220.508 1.66013 1.50279 3.24611 4.23471e+09 1.31549e+10 9.38531e+07 1.71735e+08 814719 604649 6.06021e+08 0.00300979 3.27045e+14 0 0 339726 5.53596e+06 0.116633 1.90058 0.0368751 0.00861912 12 7.11848e+13
104 3.24611 2.02757 206.368 0.875004 1.15257 3.3991 4.61121e+09 1.3814e+10 1.00329e+08 1.88179e+08 774779 615105 6.31913e+08 0.00335492 3.14889e+14 0 0 314968 5.732e+06 0.0986188 1.79473 0.0486389 0.00869675 12 6.85287e+13
105 3.3991 0.955333 192.703 0.272796 0.682536 3.55929 5.01972e+09 1.44888e+10 1.03674e+08 2.06125e+08 736473 625560 6.58622e+08 0.00373757 3.02646e+14 0 0 285165 5.92167e+06 0.081431 1.69098 0.0852384 0.00877503 12 6.58536e+13
106 3.55929 0 179.527 0 0 3.72704 5.46277e+09 1.51782e+10 1.03674e+08 2.25702e+08 699747 636002 6.86153e+08 0.00407718 2.90337e+14 0 0 252650 6.10337e+06 0.065798 1.58951 inf 0.00885389 12 6.31642e+13
107 3.72704 0 166.85 0 0 3.90269 5.94307e+09 1.58806e+10 1.03674e+08 2.47049e+08 664549 646422 7.14507e+08 0.00449298 2.79582e+14 0 0 266763 6.27584e+06 0.0633606 1.49061 inf 0.00893383 12 6.04658e+13
108 3.90269 0 154.713 0 0 4.08662 6.46349e+09 1.65949e+10 1.03674e+08 2.70316e+08 630826 656807 7.43686e+08 0.00494917 2.70283e+14 0 0 282772 6.43868e+06 0.0612533 1.39473 inf 0.00901492 12 5.77637e+13
109 4.08662 0 143.132 0 0 4.27921 7.02712e+09 1.73194e+10 1.03674e+08 2.95661e+08 598529 667147 7.73686e+08 0.00544944 2.60836e+14 0 0 299216 6.59078e+06 0.0591123 1.30206 inf 0.00909688 12 5.50635e+13
110 4.27921 0 132.099 0 0 4.48088 7.63724e+09 1.80526e+10 1.03674e+08 3.23258e+08 567609 677429 8.04505e+08 0.00599774 2.5125e+14 0 0 316027 6.73057e+06 0.05694 1.21268 inf 0.00918005 12 5.23713e+13
111 4.48088 0 121.609 0 0 4.69206 8.29734e+09 1.87926e+10 1.03674e+08 3.53292e+08 538018 687642 8.36135e+08 0.00659836 2.41538e+14 0 0 333122 6.85604e+06 0.0547389 1.12659 inf 0.00926408 12 4.96931e+13
112 4.69206 0 111.649 0 0 4.91319 9.01114e+09 1.95376e+10 1.03674e+08 3.85962e+08 509712 697773 8.68569e+08 0.00725592 2.31712e+14 0 0 350402 6.96476e+06 0.0525122 1.04376 inf 0.00934857 12 4.70355e+13
113 4.91319 0 102.219 0 0 5.14474 9.78258e+09 2.02855e+10 1.03674e+08 4.21479e+08 482645 707809 9.01794e+08 0.00797546 2.21787e+14 0 0 367751 7.05522e+06 0.0502629 0.964282 inf 0.00943345 12 4.44047e+13
114 5.14474 0 93.3273 0 0 5.38721 1.06158e+10 2.10342e+10 1.03674e+08 4.60073e+08 456774 717737 9.35796e+08 0.00853157 2.11778e+14 0 0 385033 7.12702e+06 0.0479944 0.888386 inf 0.00951903 12 4.18076e+13
115 5.38721 0 84.9614 0 0 5.6411 1.15153e+10 2.17816e+10 1.03674e+08 5.01987e+08 432058 727544 9.70558e+08 0.00926782 2.017e+14 0 0 402090 7.17842e+06 0.0457106 0.816061 inf 0.00960508 12 3.92507e+13
116 5.6411 0 77.1131 0 0 5.90696 1.24857e+10 2.25254e+10 1.03674e+08 5.47481e+08 408456 737215 1.00606e+09 0.0100657 1.91572e+14 0 0 418745 7.20821e+06 0.0434153 0.747345 inf 0.00969154 12 3.67408e+13
117 5.90696 0 69.7703 0 0 6.18534 1.3532e+10 2.32632e+10 1.03674e+08 5.96835e+08 385927 746738 1.04228e+09 0.0109303 1.81411e+14 0 0 434792 7.215e+06 0.0411126 0.682228 inf 0.0097782 12 3.42844e+13
118 6.18534 0 62.9183 0 0 6.47685 1.46594e+10 2.39928e+10 1.03674e+08 6.50345e+08 364435 756097 1.07919e+09 0.011867 1.71237e+14 0 0 450003 7.19733e+06 0.0388069 0.620676 inf 0.00986479 12 3.18881e+13
119 6.47685 0 56.5399 0 0 6.78209 1.58732e+10 2.47117e+10 1.03674e+08 7.08328e+08 343940 765279 1.11677e+09 0.0128814 1.6107e+14 0 0 464122 7.15361e+06 0.0365027 0.562625 inf 0.00995094 12 2.95581e+13
120 6.78209 0 50.6199 0 0 7.10172 1.71794e+10 2.54174e+10 1.03674e+08 7.7112e+08 324408 774269 1.15497e+09 0.0139798 1.5093e+14 0 0 476863 7.08277e+06 0.0342048 0.508038 inf 0.0100363 12 2.73006e+13
121 7.10172 0 45.1371 0 0 7.43642 1.85839e+10 2.61074e+10 1.03674e+08 8.3908e+08 305802 783053 1.19377e+09 0.0151688 1.40839e+14 0 0 487912 6.98289e+06 0.0319179 0.456803 inf 0.0101203 12 2.51213e+13
122 7.43642 0 40.0753 0 0 7.78689 2.00931e+10 2.67791e+10 1.03674e+08 9.12589e+08 288088 791616 1.23312e+09 0.0164556 1.30819e+14 0 0 496922 6.85317e+06 0.0296471 0.40887 inf 0.0102025 12 2.30255e+13
123 7.78689 0 35.4157 0 0 8.15387 2.17135e+10 2.743e+10 1.03674e+08 9.92051e+08 271233 799944 1.27298e+09 0.0173831 1.20892e+14 0 0 503517 6.69254e+06 0.0273973 0.364153 inf 0.0102822 12 2.10181e+13
124 8.15387 0 31.1381 0 0 8.53815 2.3452e+10 2.80575e+10 1.03674e+08 1.07789e+09 255205 808023 1.31331e+09 0.0187744 1.1108e+14 0 0 507286 6.49982e+06 0.0251737 0.322548 inf 0.0103587 12 1.91034e+13
125 8.53815 0 27.2244 0 0 8.94054 2.53159e+10 2.8659e+10 1.03674e+08 1.17057e+09 239971 815838 1.35406e+09 0.020276 1.01406e+14 0 0 507787 6.27466e+06 0.0229813 0.283977 inf 0.010431 12 1.72851e+13
126 8.94054 0 23.6568 0 0 9.36189 2.73125e+10 2.92322e+10 1.03674e+08 1.27056e+09 225502 823375 1.39518e+09 0.0218969 9.18931e+13 0 0 504545 6.01707e+06 0.0208254 0.248358 inf 0.0104984 12 1.55663e+13
127 9.36189 0 20.4241 0 0 9.80311 2.94496e+10 2.97747e+10 1.03674e+08 1.37838e+09 211767 830621 1.4366e+09 0.0236463 8.25632e+13 0 0 497054 5.72984e+06 0.018711 0.215693 inf 0.0105607 12 1.39495e+13
128 9.80311 0 17.5073 0 0 10.2651 3.17352e+10 3.02847e+10 1.03674e+08 1.49455e+09 198737 837562 1.47829e+09 0.0255343 7.34388e+13 0 0 484778 5.41411e+06 0.0166432 0.185875 inf 0.010617 12 1.24361e+13
129 10.2651 0 14.8936 0 0 10.7489 3.41775e+10 3.07603e+10 1.03674e+08 1.61964e+09 186384 844184 1.52016e+09 0.0275719 6.45422e+13 0 0 467155 5.07403e+06 0.014627 0.158872 inf 0.0106671 12 1.10271e+13
130 10.7489 0 12.5701 0 0 11.2555 3.6785e+10 3.12005e+10 1.03674e+08 1.75424e+09 174681 850476 1.56216e+09 0.0297706 5.58952e+13 0 0 443600 4.71509e+06 0.0126673 0.134643 inf 0.0107114 12 9.72242e+12
131 11.2555 0 10.5327 0 0 11.7859 3.95664e+10 3.1605e+10 1.03674e+08 1.89899e+09 163601 856424 1.60423e+09 0.0321434 4.75201e+13 0 0 413518 4.34858e+06 0.0107693 0.113251 inf 0.0107522 12 8.52141e+12
132 11.7859 0 8.77388 0 0 12.3414 4.25308e+10 3.19744e+10 1.03674e+08 2.05453e+09 153118 862017 1.64629e+09 0.0347036 3.94392e+13 0 0 376310 3.98676e+06 0.00893798 0.094692 inf 0.0107925 12 7.4225e+12
133 12.3414 0 7.26666 0 0 12.923 4.56871e+10 3.23098e+10 1.03674e+08 2.22155e+09 143207 867244 1.68828e+09 0.037466 3.16769e+13 0 0 331405 3.63332e+06 0.00717882 0.0787041 inf 0.0108309 12 6.42337e+12
134 12.923 0.0400505 5.99594 0 0.0400505 13.5321 4.90449e+10 3.26133e+10 1.05702e+08 2.40078e+09 133844 872094 1.73013e+09 0.0404464 2.56941e+13 0 0 322009 3.30201e+06 0.00636154 0.0652336 0.158838 0.0108796 12 5.52098e+12
135 13.5321 0.405682 4.91367 0 0.405682 14.1698 5.26134e+10 3.28861e+10 1.28218e+08 2.59298e+09 125004 876557 1.77175e+09 0.0436617 2.19492e+13 0 0 578742 2.98239e+06 0.0104275 0.0537351 0.0257035 0.0109358 12 4.71163e+12
136 14.1698 0.740644 3.99843 0 0.740644 14.8376 5.64024e+10 3.31294e+10 1.73291e+08 2.79892e+09 116665 880625 1.81309e+09 0.0471303 1.86141e+13 0 0 862305 2.67064e+06 0.0141695 0.0438843 0.0191313 0.0109754 12 3.991e+12
137 14.8376 1.04391 3.22563 0 1.04391 15.5369 6.04216e+10 3.33446e+10 2.42948e+08 3.01945e+09 108804 884288 1.85406e+09 0.0508724 1.56663e+13 0 0 1.17224e+06 2.3696e+06 0.0175676 0.0355114 0.0168287 0.0110091 12 3.35425e+12
138 15.5369 1.3154 2.57822 0 1.3154 16.2691 6.46807e+10 3.35333e+10 3.3919e+08 3.25542e+09 101399 887541 1.89459e+09 0.0549086 1.30808e+13 0 0 1.5082e+06 2.08179e+06 0.0206135 0.0284532 0.015671 0.011036 12 2.79609e+12
139 16.2691 1.55586 2.04031 0 1.55586 17.0358 6.91896e+10 3.36969e+10 4.64008e+08 3.50772e+09 94430.6 890375 1.9346e+09 0.0592625 1.08315e+13 0 0 1.86998e+06 1.80942e+06 0.0233094 0.0225545 0.0149816 0.0110544 12 2.3109e+12
140 17.0358 1.76675 1.59722 0 1.76675 17.8387 7.39581e+10 3.38374e+10 6.19419e+08 3.7773e+09 87876.8 892786 1.97403e+09 0.062939 8.89111e+12 0 0 2.25763e+06 1.55426e+06 0.0256653 0.0176692 0.0145269 0.0110624 12 1.89282e+12
141 17.8387 1.95003 1.23552 0 1.95003 18.6794 7.89961e+10 3.39566e+10 8.07501e+08 4.06513e+09 81718.3 894768 2.01279e+09 0.0678915 7.23226e+12 0 0 2.67149e+06 1.31765e+06 0.0276979 0.0136613 0.0142038 0.0110571 12 1.53587e+12
142 18.6794 2.10815 0.943032 0 2.10815 19.5598 8.43134e+10 3.40563e+10 1.03045e+09 4.37222e+09 75936 896320 2.05082e+09 0.0732374 5.82758e+12 0 0 3.11221e+06 1.10049e+06 0.0294281 0.0104059 0.0139592 0.0110345 12 1.23402e+12
143 19.5598 2.24396 0.708826 0 2.24396 20.4816 8.99195e+10 3.41385e+10 1.29066e+09 4.69962e+09 70511.4 897437 2.08804e+09 0.0790086 4.65019e+12 0 0 3.58084e+06 903233 0.0308801 0.0077892 0.0137614 0.0109889 12 9.81322e+11
144 20.4816 2.36098 0.523191 0 2.36098 21.4469 9.58242e+10 3.42051e+10 1.59085e+09 5.04841e+09 65426.6 898119 2.12439e+09 0.0852391 3.67435e+12 0 0 4.07873e+06 725893 0.0320788 0.00570908 0.0135871 0.010912 12 7.71988e+11
145 21.4469 2.46465 0.377562 0 2.46465 22.4576 1.02037e+11 3.42577e+10 1.93446e+09 5.41973e+09 60664.3 898366 2.1598e+09 0.0919655 2.87669e+12 0 0 4.60706e+06 568081 0.0330459 0.00407478 0.013408 0.0107923 12 6.0048e+11
146 22.4576 2.56484 0.264362 0 2.56484 23.516 1.08566e+11 3.42981e+10 2.32653e+09 5.81475e+09 56207.8 898177 2.1942e+09 0.0992285 2.23679e+12 0 0 5.16548e+06 429070 0.0337913 0.00280686 0.0131748 0.0106175 12 4.61578e+11
147 23.516 2.67604 0.176947 0 2.67604 24.6243 1.15422e+11 3.43278e+10 2.77507e+09 6.23466e+09 52041.1 897557 2.22754e+09 0.10707 1.7342e+12 0 0 5.75094e+06 307859 0.0343109 0.00183673 0.0128215 0.0103801 12 3.50434e+11
148 24.6243 2.80872 0.109679 0 2.80872 25.7848 1.22612e+11 3.43479e+10 3.29127e+09 6.68073e+09 48148.6 896506 2.25976e+09 0.115538 1.34338e+12 0 0 6.36059e+06 203202 0.0346092 0.00110566 0.0123221 0.0100809 12 2.62621e+11
149 25.7848 2.95699 0.0580507 0 2.95699 27 1.30145e+11 3.43596e+10 3.88714e+09 7.15423e+09 44515.4 895030 2.29081e+09 0.124681 1.03454e+12 0 0 6.99903e+06 113582 0.0347321 0.000563639 0.0117458 0.00970943 12 1.94155e+11
150 27 3.10198 0.0184022 0 3.10198 28.2725 1.3803e+11 3.43637e+10 4.57254e+09 7.65651e+09 41127.2 893135 2.32064e+09 0.134555 7.53559e+11 0 0 7.68707e+06 37112.8 0.03479 0.000167964 0.0112154 0.00912741 12 1.41509e+11
151 28.2725 2.67631 0.00269905 0 2.67631 29.6049 1.46273e+11 3.43643e+10 5.22094e+09 8.18894e+09 37970.2 890826 2.34921e+09 0.147503 0 0 0 7.14002e+06 0 0.0294709 0 0.0110118 0 12 1.01612e+11
152 29.6049 1.81739 0 0 1.81739 31.0001 1.54882e+11 3.43643e+10 5.70373e+09 8.75293e+09 35031.2 888112 2.37648e+09 0.1591 0 0 0 5.34273e+06 0 0.0201121 0 0.0110665 nan 12 7.1834e+10
153 31.0001 1.21407 0 0 1.21407 32.4611 1.63863e+11 3.43643e+10 6.05736e+09 9.34994e+09 32297.5 885000 2.40242e+09 0.171599 0 0 0 3.93218e+06 0 0.0134998 0 0.0111194 nan 12 4.99592e+10
154 32.4611 0.797251 0 0 0.797251 33.991 1.73223e+11 3.43643e+10 6.31198e+09 9.98148e+09 29756.9 881502 2.42699e+09 0.185073 0 0 0 2.84432e+06 0 0.00890578 0 0.0111706 nan 12 3.41561e+10
155 33.991 0.514222 0 0 0.514222 35.5929 1.82968e+11 3.43643e+10 6.49206e+09 1.06491e+10 27398 877627 2.45018e+09 0.199597 0 0 0 2.02047e+06 0 0.00576961 0 0.0112201 nan 12 2.29371e+10
156 35.5929 0.325496 0 0 0.325496 37.2704 1.93103e+11 3.43643e+10 6.61704e+09 1.13544e+10 25209.5 873387 2.47197e+09 0.21525 0 0 0 1.40829e+06 0 0.00366764 0 0.0112678 nan 12 1.51167e+10
157 37.2704 0.202022 0 0 0.202022 39.0269 2.03632e+11 3.43643e+10 6.7021e+09 1.20991e+10 23180.9 868795 2.49235e+09 0.232121 0 0 0 962317 0 0.00228566 0 0.0113139 nan 12 9.76883e+09
158 39.0269 0.122832 0 0 0.122832 40.8662 2.14561e+11 3.43643e+10 6.75881e+09 1.28847e+10 21302.1 863865 2.51132e+09 0.250303 0 0 0 644066 0 0.00139516 0 0.0113583 nan 12 6.18432e+09
159 40.8662 0.0730902 0 0 0.0730902 42.7921 2.25891e+11 3.43643e+10 6.7958e+09 1.37132e+10 19563.5 858610 2.52887e+09 0.2699 0 0 0 421805 0 0.000833307 0 0.0114011 nan 12 3.83163e+09
160 42.7921 0.0425213 0 0 0.0425213 44.8088 2.37627e+11 3.43643e+10 6.8194e+09 1.45862e+10 17956.1 853046 2.54502e+09 0.291018 0 0 0 270038 0 0.000486539 0 0.0114423 nan 12 2.32101e+09
161 44.8088 0.0241597 0 0 0.0241597 46.9206 2.49771e+11 3.43643e+10 6.8341e+09 1.55057e+10 16471.2 847189 2.55979e+09 0.313777 0 0 0 168815 0 0.000277399 0 0.0114819 nan 12 1.37313e+09
162 46.9206 0.0133916 0 0 0.0133916 49.1319 2.62325e+11 3.43643e+10 6.84304e+09 1.64735e+10 15100.5 841055 2.57318e+09 0.338303 0 0 0 102942 0 0.000154271 0 0.01152 nan 12 7.925e+08
163 49.1319 0.00723313 0 0 0.00723313 51.4474 2.75289e+11 3.43643e+10 6.84833e+09 1.74917e+10 13836.3 834661 2.58523e+09 0.364731 0 0 0 61159.1 0 8.359e-05 0 0.0115565 nan 12 4.45696e+08
164 51.4474 0.00380226 0 0 0.00380226 53.8721 2.88665e+11 3.43643e+10 6.85138e+09 1.85623e+10 12671.2 828025 2.59596e+09 0.393213 0 0 0 35358.6 0 4.40746e-05 0 0.0115917 nan 12 2.43948e+08
165 53.8721 0.00194279 0 0 0.00194279 56.411 3.02452e+11 3.43643e+10 6.85309e+09 1.96875e+10 11598.4 821164 2.60542e+09 0.423902 0 0 0 19867.4 0 2.25858e-05 0 0.0116254 nan 12 1.29784e+08
166 56.411 0.000963605 0 0 0.000963605 59.0696 3.1665e+11 3.43643e+10 6.85402e+09 2.08694e+10 10611.3 814098 2.58639e+09 0.456972 0 0 0 10834.8 0 1.12335e-05 0 0.0116578 nan 12 6.70236e+07
167 59.0696 0.000463291 0 0 0.000463291 61.8534 3.31258e+11 3.43643e+10 6.85451e+09 2.21103e+10 9703.71 806844 2.51913e+09 0.492609 0 0 0 5727.07 0 5.41534e-06 0 0.0116889 nan 12 3.35513e+07
168 61.8534 0.000215603 0 0 0.000215603 64.7685 3.46275e+11 3.43643e+10 6.85476e+09 2.34127e+10 8869.88 799422 2.45263e+09 0.531007 0 0 0 2929.79 0 2.52657e-06 0 0.0117186 nan 12 1.62565e+07
169 64.7685 9.69691e-05 0 0 9.69691e-05 67.8209 3.61697e+11 3.43643e+10 6.85488e+09 2.4779e+10 8104.36 791851 2.33429e+09 0.585302 0 0 0 1448.35 0 1.13911e-06 0 0.0117472 nan 12 7.61228e+06
170 67.8209 4.20818e-05 0 0 4.20818e-05 71.0172 3.77523e+11 3.43643e+10 6.85494e+09 2.62117e+10 7402.06 784151 2.27988e+09 0.628429 0 0 0 690.787 0 4.95493e-07 0 0.0117745 nan 12 3.43932e+06
171 71.0172 1.75917e-05 0 0 1.75917e-05 74.3642 3.93748e+11 3.43643e+10 6.85497e+09 2.77136e+10 6758.2 776340 2.2262e+09 0.674655 0 0 0 317.339 0 2.07595e-07 0 0.0118007 nan 12 1.49682e+06
172 74.3642 7.07141e-06 0 0 7.07141e-06 77.8689 4.10371e+11 3.43643e+10 6.85498e+09 2.92875e+10 6168.32 768438 2.17332e+09 0.724201 0 0 0 140.167 0 8.36255e-08 0 0.0118259 nan 12 626382
173 77.8689 2.72829e-06 0 0 2.72829e-06 81.5387 4.27385e+11 3.43643e+10 6.85499e+09 3.09364e+10 5628.23 760465 2.12127e+09 0.777306 0 0 0 59.4173 0 3.23301e-08 0 0.0118499 nan 12 251581
174 81.5387 1.00837e-06 0 0 1.00837e-06 85.3815 4.44788e+11 3.43643e+10 6.85499e+09 3.26634e+10 5134.06 752440 2.07009e+09 0.834233 0 0 0 24.1262 0 1.19724e-08 0 0.011873 nan 12 96793.6
175 85.3815 3.56303e-07 0 0 3.56303e-07 89.4054 4.62573e+11 3.43643e+10 6.85499e+09 3.44716e+10 4682.17 744382 2.01983e+09 0.895259 0 0 0 9.36475 0 4.23828e-09 0 0.0118952 nan 12 35601.2
176 89.4054 1.20107e-07 0 0 1.20107e-07 93.6189 4.80736e+11 3.43643e+10 6.85499e+09 3.63647e+10 4269.18 736310 1.97052e+09 0.960679 0 0 0 3.46751 0 1.43124e-09 0 0.0119164 nan 12 12491.4
177 93.6189 3.85389e-08 0 0 3.85389e-08 98.0311 4.99271e+11 3.43643e+10 6.85499e+09 3.83461e+10 3891.96 728244 1.9222e+09 1.03082 0 0 0 1.22206 0 4.60028e-10 0 0.0119367 nan 12 4171.77
178 98.0311 1.17438e-08 0 0 1.17438e-08 102.651 5.18171e+11 3.43643e+10 6.85499e+09 4.04198e+10 3547.59 720201 1.87489e+09 1.10604 0 0 0 0.408988 0 1.40412e-10 0 0.0119563 nan 12 1323.07
179 102.651 3.3903e-09 0 0 3.3903e-09 107.489 5.37432e+11 3.43643e+10 6.85499e+09 4.25899e+10 3233.38 712200 1.82863e+09 1.18671 0 0 0 0.129664 0 4.05989e-11 0 0.011975 nan 12 397.504
180 107.489 9.24875e-10 0 0 9.24875e-10 112.555 5.57045e+11 3.43643e+10 6.85499e+09 4.48606e+10 2946.81 704259 1.763e+09 1.288 0 0 0 0.0388435 0 1.10921e-11 0 0.011993 nan 12 112.846
181 112.555 2.37785e-10 0 0 2.37785e-10 117.859 5.77005e+11 3.43643e+10 6.85499e+09 4.72367e+10 2685.58 696397 1.73491e+09 1.36955 0 0 0 0.010966 0 2.85588e-12 0 0.0120103 nan 12 30.1898
182 117.859 5.74553e-11 0 0 5.74553e-11 123.414 5.97305e+11 3.43643e+10 6.85499e+09 4.97229e+10 2447.55 688629 1.70727e+09 1.45628 0 0 0 0.00290934 0 6.91015e-13 0 0.012027 nan 12 7.59008
183 123.414 1.30092e-11 0 0 1.30092e-11 129.23 6.17936e+11 3.43643e+10 6.85499e+09 5.23247e+10 2230.74 680973 1.68008e+09 1.54858 0 0 0 0.000723257 0 1.5667e-13 0 0.012043 nan 12 1.78802
184 129.23 2.7518e-12 0 0 2.7518e-12 135.321 6.38893e+11 3.43643e+10 6.85499e+09 5.50475e+10 2033.33 673446 1.65335e+09 1.64687 0 0 0 0.000167963 0 3.31824e-14 0 0.0120584 nan 12 0.393468
185 135.321 5.42045e-13 0 0 5.42045e-13 141.698 6.60167e+11 3.43643e+10 6.85499e+09 5.78975e+10 1853.64 666063 1.62707e+09 1.7516 0 0 0 3.63218e-05 0 6.54427e-15 0 0.0120733 nan 12 0.0806233
186 141.698 9.90945e-14 0 0 9.90945e-14 148.376 6.81752e+11 3.43643e+10 6.85499e+09 6.08811e+10 1690.15 658841 1.60126e+09 1.86328 0 0 0 7.28949e-06 0 1.19782e-15 0 0.0120876 nan 12 0.0153309
187 148.376 1.67546e-14 0 0 1.67546e-14 155.369 7.03639e+11 3.43643e+10 6.85499e+09 6.40053e+10 1541.41 651794 1.57589e+09 1.98248 0 0 0 1.35293e-06 0 2.02754e-16 0 0.0121014 nan 12 0.00269586
188 155.369 2.61028e-15 0 0 2.61028e-15 162.691 7.25821e+11 3.43643e+10 6.85499e+09 6.72775e+10 1406.15 644939 1.55099e+09 2.10979 0 0 0 2.31371e-07 0 3.16229e-17 0 0.0121148 nan 12 0.000436769
189 162.691 3.73283e-16 0 0 3.73283e-16 170.358 7.4829e+11 3.43643e+10 6.85499e+09 7.07059e+10 1283.15 638288 1.52654e+09 2.24587 0 0 0 3.63178e-08 0 4.52703e-18 0 0.0121276 nan 12 6.49463e-05
190 170.358 4.88015e-17 0 0 4.88015e-17 178.387 7.71039e+11 3.43643e+10 6.85499e+09 7.42992e+10 1171.33 631856 1.50255e+09 2.39148 0 0 0 5.21147e-09 0 5.92452e-19 0 0.01214 nan 12 8.82772e-06
191 178.387 5.80814e-18 0 0 5.80814e-18 186.794 7.9406e+11 3.43643e+10 6.85499e+09 7.80669e+10 1069.69 625656 1.46338e+09 2.57464 0 0 0 6.80759e-10 0 7.05808e-20 0 0.012152 nan 12 1.09218e-06
192 186.794 6.26511e-19 0 0 6.26511e-19 195.598 8.17345e+11 3.43643e+10 6.85499e+09 8.20191e+10 977.3 619702 1.44883e+09 2.72789 0 0 0 8.05933e-11 0 7.62066e-21 0 0.0121636 nan 12 1.22454e-07
193 195.598 6.09671e-20 0 0 6.09671e-20 204.816 8.40886e+11 3.43643e+10 6.85499e+09 8.61671e+10 893.333 614007 1.43423e+09 2.89207 0 0 0 8.60728e-12 0 7.42265e-22 0 0.0121748 nan 12 1.2384e-08
194 204.816 5.32636e-21 0 0 5.32636e-21 214.469 8.64677e+11 3.43643e+10 6.85499e+09 9.05226e+10 817.019 608582 1.41959e+09 3.06821 0 0 0 8.25252e-13 0 6.49053e-23 0 0.0121857 nan 12 1.12422e-09
195 214.469 4.15649e-22 0 0 4.15649e-22 224.576 8.88709e+11 3.43643e+10 6.85499e+09 9.5099e+10 747.661 603440 1.40486e+09 3.25751 0 0 0 7.06733e-14 0 5.06931e-24 0 0.0121961 nan 12 9.1145e-11
196 224.576 2.88186e-23 0 0 2.88186e-23 235.16 9.12975e+11 3.43643e+10 6.85499e+09 9.99103e+10 684.621 598592 1.39007e+09 3.46121 0 0 0 5.37727e-15 0 3.51767e-25 0 0.0122062 nan 12 6.56435e-12
197 235.16 1.76543e-24 0 0 1.76543e-24 246.243 9.37468e+11 3.43643e+10 6.85499e+09 1.04972e+11 627.318 594050 1.37518e+09 3.68081 0 0 0 3.61482e-16 0 2.15665e-26 0 0.012216 nan 12 4.17642e-13
198 246.243 9.50005e-26 0 0 9.50005e-26 257.848 9.6218e+11 3.43643e+10 6.85499e+09 1.10301e+11 575.224 589824 1.36019e+09 3.9179 0 0 0 2.1345e-17 0 1.16142e-27 0 0.0122254 nan 12 2.33364e-14
199 257.848 4.46319e-27 0 0 4.46319e-27 270 9.87105e+11 3.43643e+10 6.85499e+09 1.10301e+11 0 0 0 0 0 0 0 1.10037e-18 0 5.46051e-29 0 0.0122345 nan 12 1.13821e-15
