0 0.027 0 321.21 60.9254 1.85514 0.0282725 291926 70973.4 0 2015.7 2.09815e+07 29983.9 6.34575e+06 1.03661e-05 2.97959e+14 0 0 14.9202 913.152 0.0675254 4.13273
1 0.0282725 0 311.888 54.0343 8.71573 0.0296049 320056 146536 0 2300.2 2.02888e+07 30843.8 855319 1.11994e-05 2.643e+14 0 0 14.5116 150.843 0.0598974 0.622613
2 0.0296049 0 310.657 53.8102 8.90789 0.0310001 350895 229061 0 2616.04 1.96179e+07 31727.2 906826 1.11195e-05 2.63248e+14 0 0 15.8483 160.992 0.059659 0.606034
3 0.0310001 0 309.508 53.5812 9.10346 0.0324611 384703 319214 0 2966.66 1.89681e+07 32634.7 961380 1.18875e-05 2.62174e+14 0 0 17.3064 171.843 0.0594156 0.589962
4 0.0324611 0 308.323 53.3473 9.30245 0.033991 421766 417686 0 3355.87 1.83387e+07 33566.8 1.01916e+06 1.27087e-05 2.61077e+14 0 0 18.8967 183.444 0.059167 0.574377
5 0.033991 0 307.099 53.1082 9.5049 0.0355929 462398 525229 0 3787.89 1.77292e+07 34524.1 1.08034e+06 1.35868e-05 2.59957e+14 0 0 20.631 195.85 0.0589132 0.559263
6 0.0355929 0 305.838 52.864 9.71082 0.0372704 506940 642664 0 4267.4 1.71388e+07 35507.3 1.14512e+06 1.33596e-05 2.58814e+14 0 0 22.5219 209.117 0.0586542 0.544607
7 0.0372704 0 304.537 52.6145 9.92023 0.0390269 555769 770882 0 4799.58 1.65671e+07 36517 1.21372e+06 1.40516e-05 2.57647e+14 0 0 24.5834 223.307 0.0583897 0.530391
8 0.0390269 0 303.197 52.3596 10.1332 0.0408662 609298 910850 0 5390.19 1.60134e+07 37553.8 1.28634e+06 1.47802e-05 2.56456e+14 0 0 26.8306 238.487 0.0581197 0.516604
9 0.0408662 0 301.815 52.0993 10.3496 0.0427921 667978 1.06362e+06 0 6045.59 1.54772e+07 38618.3 1.36322e+06 1.5547e-05 2.5524e+14 0 0 29.2797 254.724 0.0578441 0.503227
10 0.0427921 0 300.391 51.8334 10.5696 0.0448088 732303 1.23035e+06 0 6772.86 1.4958e+07 39711.3 1.4446e+06 1.63543e-05 2.53999e+14 0 0 31.9484 272.096 0.0575629 0.490248
11 0.0448088 0 298.924 51.5617 10.7932 0.0469206 802817 1.41226e+06 0 7579.8 1.44553e+07 40833.3 1.53073e+06 1.57321e-05 2.52732e+14 0 0 34.856 290.684 0.0572758 0.477655
12 0.0469206 0 297.413 51.2843 11.0203 0.0491319 880114 1.61072e+06 0 8475.08 1.39684e+07 41985.1 1.62188e+06 1.61901e-05 2.51439e+14 0 0 38.0234 310.571 0.0569828 0.46543
13 0.0491319 0 295.858 51.001 11.251 0.0514474 964845 1.82718e+06 0 9468.32 1.3497e+07 43167.4 1.71834e+06 1.66627e-05 2.5012e+14 0 0 41.473 331.855 0.0566838 0.453567
14 0.0514474 0 294.256 50.7117 11.4853 0.0538721 1.05772e+06 2.06325e+06 0 10570.1 1.30406e+07 44380.9 1.82041e+06 1.71506e-05 2.48774e+14 0 0 45.2295 354.63 0.0563787 0.442047
15 0.0538721 0 292.609 50.4162 11.7232 0.056411 1.15953e+06 2.32064e+06 0 11792.3 1.25987e+07 45626.2 1.9284e+06 1.67881e-05 2.474e+14 0 0 49.3192 379.007 0.0560673 0.430865
16 0.056411 0 290.913 50.1144 11.9647 0.0590696 1.27113e+06 2.60123e+06 0 13148 1.21708e+07 46904.1 2.04264e+06 1.70885e-05 2.45998e+14 0 0 53.771 405.097 0.0557496 0.420003
17 0.0590696 0 289.169 49.8063 12.2099 0.0618534 1.39345e+06 2.90704e+06 0 14651.4 1.17566e+07 48215.4 2.16349e+06 1.73962e-05 2.44567e+14 0 0 58.6159 433.022 0.0554254 0.409452
18 0.0618534 0 287.374 49.4916 12.4586 0.0647685 1.52753e+06 3.24028e+06 0 16318.8 1.13556e+07 49560.7 2.2913e+06 1.77113e-05 2.43107e+14 0 0 63.8874 462.903 0.0550945 0.399194
19 0.0647685 0 285.528 49.1703 12.711 0.0678209 1.67449e+06 3.60332e+06 0 18167.7 1.09674e+07 50940.9 2.42647e+06 1.76078e-05 2.41618e+14 0 0 69.6219 494.887 0.0547569 0.389224
20 0.0678209 0 283.633 48.8422 12.967 0.0710172 1.83556e+06 3.99875e+06 0 20217.8 1.05916e+07 52356.7 2.56941e+06 1.76299e-05 2.40098e+14 0 0 75.8586 529.131 0.0544125 0.379539
21 0.0710172 0 281.687 48.5071 13.2266 0.0743642 2.01211e+06 4.42935e+06 0 22490.8 1.02278e+07 53808.8 2.72054e+06 1.76547e-05 2.38547e+14 0 0 82.64 565.788 0.054061 0.370124
22 0.0743642 0 279.69 48.165 13.4899 0.0778689 2.20561e+06 4.89814e+06 0 25010.7 9.87573e+06 55298.1 2.88032e+06 1.76822e-05 2.36964e+14 0 0 90.0118 605.03 0.0537023 0.360969
23 0.0778689 0 277.64 47.8156 13.7568 0.0815387 2.41768e+06 5.4084e+06 0 27804.1 9.53492e+06 56825.3 3.04922e+06 1.82189e-05 2.35349e+14 0 0 98.0233 647.04 0.0533363 0.352066
24 0.0815387 0 275.537 47.4588 14.0274 0.0853815 2.65011e+06 5.96365e+06 0 30900.4 9.20505e+06 58391.3 3.22774e+06 1.82445e-05 2.33701e+14 0 0 106.728 692.007 0.0529628 0.343403
25 0.0853815 0 273.38 47.0944 14.3016 0.0894054 2.90485e+06 6.5677e+06 0 34332.1 8.8858e+06 59996.8 3.4164e+06 1.82732e-05 2.32019e+14 0 0 116.182 740.138 0.0525816 0.33497
26 0.0894054 0 271.17 46.7223 14.5794 0.0936189 3.18402e+06 7.22467e+06 0 38135.3 8.57683e+06 61642.7 3.61575e+06 1.83051e-05 2.30302e+14 0 0 126.449 791.663 0.0521926 0.326764
27 0.0936189 0 268.905 46.3422 14.8608 0.0980311 3.48996e+06 7.93901e+06 0 42349.6 8.27782e+06 63329.8 3.82638e+06 1.91774e-05 2.2855e+14 0 0 137.594 846.818 0.0517956 0.318774
28 0.0980311 0 266.586 45.9541 15.146 0.102651 3.82524e+06 8.71551e+06 0 47019.2 7.98846e+06 65058.8 4.04888e+06 1.97286e-05 2.26762e+14 0 0 149.688 905.841 0.0513903 0.310989
29 0.102651 0 264.21 45.5576 15.4347 0.107489 4.19265e+06 9.55934e+06 0 52192.7 7.70847e+06 66830.7 4.28391e+06 2.0298e-05 2.24937e+14 0 0 162.809 969.001 0.0509766 0.303401
30 0.107489 0 261.78 45.1525 15.7271 0.112555 4.59527e+06 1.04761e+07 0 57923.9 7.43754e+06 68646.3 4.53212e+06 2.08862e-05 2.23073e+14 0 0 177.037 1036.59 0.0505542 0.296007
31 0.112555 0 259.293 44.7388 16.0232 0.117859 5.03646e+06 1.14717e+07 0 64272.3 7.1754e+06 70506.3 4.79422e+06 2.14941e-05 2.2117e+14 0 0 192.461 1108.91 0.0501229 0.288795
32 0.117859 0 256.75 44.316 16.323 0.123414 5.51989e+06 1.25527e+07 0 71303.5 6.92177e+06 72411.7 5.07095e+06 2.29675e-05 2.19226e+14 0 0 209.175 1186.27 0.0496825 0.281759
33 0.123414 0 254.15 43.8841 16.6264 0.12923 6.0496e+06 1.3726e+07 0 79090.3 6.6764e+06 74363.3 5.36308e+06 2.42905e-05 2.17242e+14 0 0 227.279 1269.01 0.0492327 0.274889
34 0.12923 0 251.494 43.4426 16.9335 0.135321 6.63e+06 1.4999e+07 0 87712.8 6.43902e+06 76361.9 5.67141e+06 2.56912e-05 2.15214e+14 0 0 246.881 1357.49 0.0487732 0.268183
35 0.135321 0 248.784 42.9914 17.2444 0.141698 7.26591e+06 1.63798e+07 0 97259.8 6.20938e+06 78408.4 5.99681e+06 2.71741e-05 2.13142e+14 0 0 268.094 1452.14 0.0483037 0.261638
36 0.141698 0 246.019 42.5302 17.5591 0.148376 7.96263e+06 1.78769e+07 0 107829 5.98725e+06 80503.7 6.34015e+06 2.81762e-05 2.11025e+14 0 0 291.04 1553.33 0.0478239 0.255244
37 0.148376 0 243.198 42.0587 17.8776 0.155369 8.72593e+06 1.94998e+07 0 119529 5.77239e+06 82648.4 6.70236e+06 3.03006e-05 2.08861e+14 0 0 315.846 1661.48 0.0473335 0.248993
38 0.155369 0 240.321 41.5765 18.1999 0.162691 9.56215e+06 2.12581e+07 0 132478 5.56458e+06 84843.6 7.08442e+06 3.25854e-05 2.06649e+14 0 0 342.65 1777.04 0.0468321 0.242879
39 0.162691 0 237.389 41.0832 18.5261 0.170358 1.04782e+07 2.31625e+07 0 146809 5.3636e+06 87090 7.48735e+06 3.50431e-05 2.04386e+14 0 0 371.594 1900.48 0.0463193 0.236896
40 0.170358 0 234.403 40.5787 18.8564 0.178387 1.14817e+07 2.52244e+07 0 162667 5.16923e+06 89388.4 7.91221e+06 3.61507e-05 2.02071e+14 0 0 402.829 2032.35 0.0457946 0.231042
41 0.178387 0 231.361 40.0623 19.1907 0.186794 1.2581e+07 2.74559e+07 0 180212 4.98127e+06 91739.7 8.36011e+06 3.88864e-05 1.99702e+14 0 0 436.515 2173.11 0.0452577 0.225308
42 0.186794 0 228.266 39.5339 19.5292 0.195598 1.3785e+07 2.987e+07 0 199621 4.79952e+06 94144.7 8.83222e+06 4.18293e-05 1.97276e+14 0 0 472.816 2323.34 0.044708 0.219688
43 0.195598 0 225.116 38.9927 19.8721 0.204816 1.51037e+07 3.24804e+07 0 221090 4.62379e+06 96604.1 9.32974e+06 4.49957e-05 1.94792e+14 0 0 511.904 2483.62 0.0441451 0.21418
44 0.204816 0 221.915 38.4385 20.2194 0.214469 1.65481e+07 3.5302e+07 0 244834 4.45388e+06 99118.8 9.85394e+06 4.8402e-05 1.92247e+14 0 0 553.957 2654.56 0.0435682 0.208778
45 0.214469 0 218.664 37.8706 20.5713 0.224576 1.81299e+07 3.83505e+07 0 271090 4.28962e+06 101690 1.04062e+07 5.04795e-05 1.89637e+14 0 0 599.157 2836.85 0.0429768 0.203484
46 0.224576 0 215.368 37.2886 20.9282 0.23516 1.98622e+07 4.16427e+07 0 300121 4.13082e+06 104317 1.09877e+07 5.40377e-05 1.86961e+14 0 0 647.69 3031.28 0.0423702 0.198298
47 0.23516 0 212.022 36.6917 21.2902 0.246243 2.17591e+07 4.51965e+07 0 332214 3.97733e+06 107002 1.16001e+07 5.78485e-05 1.84213e+14 0 0 699.743 3238.37 0.0417477 0.193206
48 0.246243 0 208.626 36.0793 21.6577 0.257848 2.38362e+07 4.90306e+07 0 367686 3.82897e+06 109745 1.22448e+07 6.193e-05 1.81392e+14 0 0 755.502 3458.8 0.0411083 0.1882
49 0.257848 0 205.182 35.4506 22.0309 0.27 2.61105e+07 5.31654e+07 0 406890 3.68558e+06 112547 1.29234e+07 6.35203e-05 1.78492e+14 0 0 815.149 3693.38 0.0404511 0.183281
50 0.27 0 201.693 34.8049 22.4105 0.282725 2.86004e+07 5.76219e+07 0 450208 3.547e+06 115409 1.36375e+07 6.73414e-05 1.7551e+14 0 0 878.858 3942.93 0.0397752 0.178448
51 0.282725 0 198.158 34.1412 22.7968 0.296049 3.13264e+07 6.24227e+07 0 498067 3.41309e+06 118330 1.43886e+07 7.13978e-05 1.72439e+14 0 0 946.789 4208.11 0.0390793 0.173692
52 0.296049 0 194.578 33.4584 23.1905 0.310001 3.43104e+07 6.75917e+07 0 550934 3.2837e+06 121313 1.51787e+07 7.57043e-05 1.69275e+14 0 0 1019.08 4489.8 0.0383621 0.169013
53 0.310001 0 190.958 32.7554 23.5924 0.324611 3.75767e+07 7.31539e+07 0 609322 3.15869e+06 124357 1.60095e+07 8.02764e-05 1.6601e+14 0 0 1095.85 4788.89 0.0376222 0.16441
54 0.324611 0 187.308 32.0308 24.0033 0.33991 4.11518e+07 7.91361e+07 0 673797 3.03792e+06 127462 1.68829e+07 8.25964e-05 1.62637e+14 0 0 1177.16 5106.73 0.0368578 0.159895
55 0.33991 0 183.63 31.2832 24.4244 0.355929 4.50645e+07 8.55667e+07 0 744981 2.92125e+06 130630 1.78009e+07 8.71697e-05 1.59147e+14 0 0 1263.04 5444.3 0.036067 0.155466
56 0.355929 0 179.91 30.5108 24.8571 0.372704 4.93463e+07 9.24749e+07 0 823559 2.80856e+06 133861 1.87653e+07 9.20061e-05 1.55531e+14 0 0 1353.43 5801.75 0.0352475 0.151096
57 0.372704 0 176.158 29.7113 25.3028 0.390269 5.40316e+07 9.98915e+07 0 910282 2.69973e+06 137155 1.97784e+07 9.71214e-05 1.51777e+14 0 0 1448.18 6180.41 0.0343967 0.146795
58 0.390269 0 172.377 28.8825 25.7638 0.408662 5.91579e+07 1.07849e+08 0 1.00598e+06 2.59462e+06 140512 2.08423e+07 0.000102533 1.4787e+14 0 0 1547.02 6581.28 0.0335112 0.142562
59 0.408662 0 168.564 28.0211 26.2426 0.427921 6.47663e+07 1.16382e+08 0 1.11155e+06 2.49313e+06 143933 2.19592e+07 0.000106683 1.43793e+14 0 0 1649.51 7005.01 0.0325873 0.138389
60 0.427921 0 164.724 27.1236 26.7423 0.448088 7.09013e+07 1.25524e+08 0 1.228e+06 2.39514e+06 147418 2.31314e+07 0.00011263 1.39526e+14 0 0 1754.98 7452.74 0.0316202 0.134279
61 0.448088 0 160.875 26.1852 27.2674 0.469206 7.76118e+07 1.35314e+08 0 1.35643e+06 2.30053e+06 150967 2.43613e+07 0.000118922 1.35041e+14 0 0 1862.45 7926.73 0.0306039 0.130253
62 0.469206 0 157.036 25.1999 27.8233 0.491319 8.49509e+07 1.45793e+08 0 1.49802e+06 2.20921e+06 154581 2.56512e+07 0.000125581 1.30306e+14 0 0 1970.53 8429.81 0.0295308 0.126331
63 0.491319 0 153.177 24.1596 28.4176 0.514474 9.29765e+07 1.57e+08 0 1.65411e+06 2.12106e+06 158258 2.70038e+07 0.000132631 1.25275e+14 0 0 2077.22 8960.29 0.0283907 0.122466
64 0.514474 0 149.323 23.0532 29.0609 0.538721 1.01752e+08 1.6898e+08 0 1.82614e+06 2.036e+06 162000 2.84216e+07 0.000138883 1.19888e+14 0 0 2179.68 9521.61 0.0271698 0.118687
65 0.538721 0 145.453 21.8652 29.7686 0.56411 1.11346e+08 1.81774e+08 0 2.01568e+06 1.95391e+06 165806 2.99072e+07 0.000147432 1.14058e+14 0 0 2273.75 10112.6 0.0258485 0.114963
66 0.56411 0 141.619 20.6141 30.5213 0.590696 1.21833e+08 1.95434e+08 0 2.22449e+06 1.87471e+06 169676 3.14633e+07 0.000156523 1.07876e+14 0 0 2357.99 10740 0.0244476 0.111352
67 0.590696 0 137.866 19.3428 31.2759 0.618534 1.33295e+08 2.10014e+08 0 2.45447e+06 1.7983e+06 173609 3.30928e+07 0.000166193 1.01563e+14 0 0 2434.18 11410.8 0.0230169 0.107897
68 0.618534 0 134.136 18.3279 31.777 0.647685 1.45821e+08 2.25568e+08 0 2.70769e+06 1.72459e+06 177605 3.47983e+07 0.000176479 9.65588e+13 0 0 2537.52 12120.6 0.0218828 0.104524
69 0.647685 0 130.427 18.1604 32.1587 0.678209 1.59508e+08 2.42152e+08 0 2.98644e+06 1.65351e+06 181664 3.65829e+07 0.000182292 9.55419e+13 0 0 2753.03 12871 0.0216523 0.101229
70 0.678209 0.740521 126.725 0 0.740521 0.710172 1.7446e+08 2.59819e+08 103239 3.29323e+06 1.58496e+06 185784 3.84494e+07 0.00019362 9.44541e+13 0 0 3071.42 13658.2 0.0220309 0.0979688
71 0.710172 1.51269 123.019 0 1.51269 0.743642 1.90793e+08 2.78624e+08 334476 3.63078e+06 1.51887e+06 189966 4.04009e+07 0.000205676 9.33091e+13 0 0 3424.7 14483 0.0224035 0.0947437
72 0.743642 2.29111 119.311 0 2.29111 0.778689 2.08629e+08 2.98622e+08 718496 4.00207e+06 1.45515e+06 194209 4.24404e+07 0.000218508 9.21074e+13 0 0 3813.08 15345.6 0.0227494 0.0915542
73 0.778689 3.07462 115.605 0 3.07462 0.815387 2.28105e+08 3.19868e+08 1.28356e+06 4.41039e+06 1.39373e+06 198511 4.45709e+07 0.000232171 9.08501e+13 0 0 4239.7 16246.4 0.023069 0.0883997
74 0.815387 3.86202 111.876 0 3.86202 0.853815 2.49368e+08 3.42413e+08 2.06182e+06 4.85929e+06 1.33454e+06 202871 4.67955e+07 0.000246576 8.95384e+13 0 0 4707.93 17180.6 0.0233627 0.0852574
75 0.853815 4.65213 108.131 0 4.65213 0.894054 2.72575e+08 3.66305e+08 3.08973e+06 5.35266e+06 1.27751e+06 207288 4.91175e+07 0.000266617 8.8174e+13 0 0 5221.45 18147.1 0.0236311 0.08213
76 0.894054 5.44377 104.404 0 5.44377 0.936189 2.97901e+08 3.916e+08 4.40862e+06 5.89477e+06 1.22256e+06 211761 5.15399e+07 0.000288279 8.67588e+13 0 0 5784.26 19150.5 0.0238749 0.079045
77 0.936189 6.23583 100.696 0 6.23583 0.980311 3.25532e+08 4.18349e+08 6.06515e+06 6.49025e+06 1.16964e+06 216288 5.40659e+07 0.000311697 8.52947e+13 0 0 6400.72 20190.1 0.0240947 0.0760031
78 0.980311 7.02726 97.0118 0 7.02726 1.02651 3.55672e+08 4.46606e+08 8.11203e+06 7.14416e+06 1.11867e+06 220867 5.66986e+07 0.00033701 8.37839e+13 0 0 7075.54 21265.2 0.0242914 0.0730067
79 1.02651 7.81708 93.3546 0 7.81708 1.07489 3.88541e+08 4.76422e+08 1.06086e+07 7.86201e+06 1.06959e+06 225497 5.94413e+07 0.000374848 8.22285e+13 0 0 7813.89 22374.6 0.0244659 0.0700566
80 1.07489 8.6044 89.7277 0 8.6044 1.12555 4.24378e+08 5.07844e+08 1.36218e+07 8.6498e+06 1.02234e+06 230177 6.2297e+07 0.000422265 8.06307e+13 0 0 8621.36 23517 0.0246189 0.0671545
81 1.12555 9.38842 86.1361 0 9.38842 1.17859 4.63441e+08 5.40918e+08 1.72268e+07 9.51407e+06 976865 234902 6.52689e+07 0.000475466 7.89924e+13 0 0 9504.05 24691 0.0247515 0.0643032
82 1.17859 10.1684 82.5821 0 10.1684 1.23414 5.06009e+08 5.75687e+08 2.15079e+07 1.04619e+07 933104 239672 6.836e+07 0.000535121 7.73158e+13 0 0 10468.6 25894.2 0.0248646 0.0615029
83 1.23414 10.9437 79.0695 0 10.9437 1.2923 5.52383e+08 6.12189e+08 2.656e+07 1.15011e+07 891003 244484 7.15733e+07 0.000601979 7.56028e+13 0 0 11522.2 27124 0.0249591 0.0587553
84 1.2923 11.7136 75.6024 0 11.7136 1.35321 6.02891e+08 6.50458e+08 3.24892e+07 1.264e+07 850507 249335 7.49117e+07 0.000676861 7.38553e+13 0 0 12672.7 28377.7 0.0250359 0.0560623
85 1.35321 12.4776 72.1837 0 12.4776 1.41698 6.57885e+08 6.90521e+08 3.94145e+07 1.38878e+07 811565 254222 7.83781e+07 0.000775447 7.20753e+13 0 0 13928.7 29651.7 0.0250961 0.0534249
86 1.41698 13.2352 68.8175 0 13.2352 1.48376 7.17744e+08 7.32401e+08 4.7469e+07 1.52544e+07 774125 259142 8.19753e+07 0.00089817 7.02647e+13 0 0 15299.5 30942.5 0.0251403 0.0508451
87 1.48376 13.9858 65.5071 0 13.9858 1.55369 7.82879e+08 7.76112e+08 5.68014e+07 1.67505e+07 738139 264092 8.57057e+07 0.00103936 6.84254e+13 0 0 16795.2 32245.6 0.0251697 0.0483242
88 1.55369 14.7289 62.2561 0 14.7289 1.62691 8.53731e+08 8.21662e+08 6.75779e+07 1.83877e+07 703559 269069 8.9572e+07 0.00120163 6.65594e+13 0 0 18426.7 33556.4 0.025185 0.0458636
89 1.62691 15.4641 59.0681 0 15.4641 1.70358 9.30776e+08 8.69049e+08 7.99839e+07 2.01788e+07 670339 274069 9.35764e+07 0.00138789 6.46689e+13 0 0 20206.3 34869.7 0.0251872 0.0434652
90 1.70358 16.1907 55.9464 0 16.1907 1.78387 1.01453e+09 9.18262e+08 9.4226e+07 2.21373e+07 638434 279088 9.7721e+07 0.00160146 6.27559e+13 0 0 22146.8 36179.7 0.0251771 0.0411299
91 1.78387 16.9084 52.8946 0 16.9084 1.86794 1.10553e+09 9.6928e+08 1.10534e+08 2.42781e+07 607802 284122 1.02008e+08 0.00188881 6.08226e+13 0 0 24262.8 37480.5 0.0251556 0.0388596
92 1.86794 17.6168 49.9159 0 17.6168 1.95598 1.20438e+09 1.02207e+09 1.29165e+08 2.66172e+07 578399 289167 1.06439e+08 0.0021522 5.88714e+13 0 0 26569.7 38765.4 0.0251235 0.0366554
93 1.95598 18.3152 47.0133 0.0168311 18.2984 2.04816 1.3117e+09 1.07659e+09 1.50403e+08 2.91718e+07 550185 294218 1.11015e+08 0.00245019 5.69043e+13 0 0 29084.5 40027.5 0.0250816 0.0345185
94 2.04816 19.0034 44.1901 0.0666538 18.9367 2.14469 1.42819e+09 1.13277e+09 1.74566e+08 3.19606e+07 523121 299271 1.15737e+08 0.00278692 5.49237e+13 0 0 31826 41259.3 0.0250308 0.0324501
95 2.14469 19.6807 41.4493 0.112215 19.5685 2.24576 1.55456e+09 1.19056e+09 2.02003e+08 3.50037e+07 497168 304321 1.20608e+08 0.00316704 5.29317e+13 0 0 34814.3 42453.6 0.0249719 0.0304515
96 2.24576 20.3467 38.7937 0.153254 20.1935 2.3516 1.69159e+09 1.24986e+09 2.33106e+08 3.83228e+07 472288 309363 1.25626e+08 0.00359564 5.09305e+13 0 0 38071.7 43602.5 0.0249055 0.0285237
97 2.3516 21.0008 36.2257 0.189544 20.8113 2.46243 1.84012e+09 1.31058e+09 2.68306e+08 4.19413e+07 448447 314392 1.30792e+08 0.00407833 4.89222e+13 0 0 41622.3 44698 0.0248324 0.0266674
98 2.46243 21.6421 33.7479 0.220882 21.4212 2.57848 2.00103e+09 1.3726e+09 3.08081e+08 4.58843e+07 425608 319402 1.36107e+08 0.00461163 4.69088e+13 0 0 45492.4 45731.7 0.0247532 0.0248835
99 2.57848 22.2696 31.3621 0.247086 22.0225 2.7 2.17527e+09 1.4358e+09 3.52957e+08 5.01788e+07 403737 324387 1.4157e+08 0.00509265 4.48926e+13 0 0 49710.9 46695.5 0.0246686 0.0231723
100 2.7 22.882 29.0703 0.26799 22.614 2.82725 2.36386e+09 1.50003e+09 4.03517e+08 5.48539e+07 382803 329342 1.47179e+08 0.00562109 4.28761e+13 0 0 54309.2 47580.9 0.0245792 0.0215341
101 2.82725 23.4779 26.874 0.283452 23.1944 2.96049 2.56785e+09 1.56514e+09 4.60397e+08 5.99407e+07 362771 334261 1.52934e+08 0.00620123 4.0862e+13 0 0 59322 48379.2 0.0244855 0.0199688
102 2.96049 24.0552 24.7745 0.293362 23.7619 3.10001 2.7884e+09 1.63096e+09 5.243e+08 6.54728e+07 343612 339138 1.58833e+08 0.00683776 3.88533e+13 0 0 64786.9 49082.3 0.0243883 0.0184764
103 3.10001 24.612 22.7727 0.297657 24.3143 3.24611 3.02672e+09 1.69729e+09 5.95989e+08 7.14858e+07 325294 343966 1.64873e+08 0.00753567 3.68536e+13 0 0 70745.8 49683.3 0.0242881 0.0170571
104 3.24611 25.1456 20.8691 0.296331 24.8492 3.3991 3.28408e+09 1.76394e+09 6.76298e+08 7.80181e+07 307790 348738 1.71051e+08 0.00830041 3.48669e+13 0 0 77244.4 50175.4 0.0241858 0.0157103
105 3.3991 25.6533 19.0641 0.289455 25.3638 3.55929 3.56184e+09 1.8307e+09 7.66134e+08 8.51108e+07 291069 353450 1.77365e+08 0.0091378 3.28975e+13 0 0 84333.6 50552.2 0.0240821 0.0144356
106 3.55929 26.1322 17.3575 0.277187 25.855 3.72704 3.86145e+09 1.89735e+09 8.66476e+08 9.28076e+07 275104 358093 1.8381e+08 0.0102424 3.09503e+13 0 0 92069.5 50808.3 0.0239778 0.0132321
107 3.72704 26.579 15.7491 0.259777 26.3192 3.90269 4.1844e+09 1.96366e+09 9.7838e+08 1.01155e+08 259869 362661 1.90382e+08 0.0111212 2.90303e+13 0 0 100515 50938.8 0.0238739 0.0120988
108 3.90269 26.9903 14.2379 0.237579 26.7527 4.08662 4.5323e+09 2.02938e+09 1.10298e+09 1.10204e+08 245337 367147 1.97077e+08 0.0120732 2.7143e+13 0 0 109739 50940.2 0.0237713 0.0110345
109 4.08662 27.3626 12.8228 0.211045 27.1516 4.27921 4.90682e+09 2.09429e+09 1.24148e+09 1.20006e+08 231483 371544 2.03887e+08 0.0131041 2.52937e+13 0 0 119818 50809.6 0.023671 0.0100378
110 4.27921 27.6923 11.5024 0.180729 27.5116 4.48088 5.30973e+09 2.15813e+09 1.39518e+09 1.30619e+08 218281 375845 2.10809e+08 0.0142202 2.34881e+13 0 0 130841 50545.8 0.0235742 0.00910707
111 4.48088 27.9756 10.2748 0.147279 27.8283 4.69206 5.74286e+09 2.22066e+09 1.56543e+09 1.42103e+08 205709 380043 2.17833e+08 0.0154283 2.17318e+13 0 0 142902 50148.4 0.0234819 0.00824044
112 4.69206 28.2087 9.13784 0.111422 28.0973 4.91319 6.20815e+09 2.28163e+09 1.75366e+09 1.5452e+08 193742 384131 2.24955e+08 0.0167357 2.003e+13 0 0 156111 49618.5 0.0233952 0.00743595
113 4.91319 28.3878 8.08898 0.073951 28.3139 5.14474 6.70761e+09 2.34082e+09 1.96136e+09 1.6794e+08 182357 388102 2.32164e+08 0.0181499 1.83881e+13 0 0 170589 48958.5 0.0233155 0.00669148
114 5.14474 28.5092 7.12545 0.0356963 28.4735 5.38721 7.24336e+09 2.39798e+09 2.19007e+09 1.82433e+08 171534 391949 2.39453e+08 0.0196797 1.68107e+13 0 0 186471 48172.1 0.0232437 0.00600467
115 5.38721 28.569 6.24415 0 28.569 5.6411 7.81756e+09 2.45291e+09 2.44138e+09 1.98076e+08 161249 395666 2.46813e+08 0.0213337 1.5302e+13 0 0 203912 47264.6 0.0231812 0.00537315
116 5.6411 28.5633 5.44177 0 28.5633 5.90696 8.4325e+09 2.50539e+09 2.71688e+09 2.14948e+08 151483 399245 2.54235e+08 0.0227512 1.38656e+13 0 0 223082 46242.3 0.023129 0.00479439
117 5.90696 28.4881 4.71475 0 28.4881 6.18534 9.09053e+09 2.55526e+09 3.01816e+09 2.33135e+08 142214 402679 2.61707e+08 0.0244843 1.25042e+13 0 0 244175 45112.9 0.0230884 0.00426574
118 6.18534 28.339 4.05936 0 28.339 6.47685 9.79408e+09 2.60233e+09 3.34677e+09 2.52726e+08 133424 405963 2.69219e+08 0.026353 1.12199e+13 0 0 267410 43885 0.0230606 0.00378451
119 6.47685 28.1111 3.4717 0 28.1111 6.78209 1.05456e+10 2.64647e+09 3.7042e+09 2.73814e+08 125093 409090 2.7676e+08 0.028368 1.00139e+13 0 0 293035 42568.5 0.0230469 0.00334797
120 6.78209 27.7992 2.94775 0 27.7992 7.10172 1.13478e+10 2.68757e+09 4.09176e+09 2.965e+08 117202 412053 2.84319e+08 0.0305414 8.88699e+12 0 0 321332 41173.5 0.0230488 0.00295332
121 7.10172 27.3972 2.48342 0 27.3972 7.43642 1.22033e+10 2.72553e+09 4.51056e+09 3.20887e+08 109733 414847 2.91883e+08 0.0328857 7.83905e+12 0 0 352623 39710.7 0.0230677 0.00259777
122 7.43642 26.8985 2.07459 0 26.8985 7.78689 1.31147e+10 2.7603e+09 4.96142e+09 3.47084e+08 102668 417467 2.99439e+08 0.0354151 6.8695e+12 0 0 387281 38191.2 0.0231057 0.00227854
123 7.78689 26.2958 1.7171 0 26.2958 8.15387 1.40848e+10 2.79186e+09 5.44469e+09 3.75206e+08 95991.3 419906 3.06975e+08 0.0381442 5.97717e+12 0 0 425735 36626.3 0.023165 0.0019929
124 8.15387 25.5804 1.40686 0 25.5804 8.53815 1.51165e+10 2.82021e+09 5.96017e+09 4.05373e+08 89684.9 422160 3.14479e+08 0.0410896 5.16032e+12 0 0 468491 35028.2 0.0232485 0.00173825
125 8.53815 24.7423 1.13984 0 24.7423 8.94054 1.62127e+10 2.84539e+09 6.50687e+09 4.37711e+08 83733 424224 3.21935e+08 0.0442686 4.41656e+12 0 0 516152 33407.9 0.0233599 0.00151197
126 8.94054 23.7686 0.912146 0 23.7686 9.36189 1.73762e+10 2.86749e+09 7.08272e+09 4.72351e+08 78119.8 426093 3.29331e+08 0.0477005 3.74276e+12 0 0 569447 31773.2 0.0235043 0.00131146
127 9.36189 22.6425 0.720041 0 22.6425 9.80311 1.86099e+10 2.88662e+09 7.68421e+09 5.0943e+08 72830.3 427765 3.36654e+08 0.051406 3.13504e+12 0 0 629290 30132.6 0.0236888 0.0011343
128 9.80311 21.3446 0.559992 0 21.3446 10.2651 1.99169e+10 2.90293e+09 8.30593e+09 5.49091e+08 67849.6 429235 3.43889e+08 0.0554072 2.58901e+12 0 0 696854 28491.6 0.0239241 0.000978161
129 10.2651 19.8592 0.428635 0 19.8592 10.7489 2.13e+10 2.91662e+09 8.9402e+09 5.91482e+08 63163.3 430501 3.51024e+08 0.0597286 2.09983e+12 0 0 773675 26853.7 0.0242244 0.000840809
130 10.7489 18.1879 0.322691 0 18.1879 11.2555 2.27623e+10 2.92792e+09 9.57712e+09 6.36759e+08 58757.6 431559 3.58044e+08 0.0643966 1.66097e+12 0 0 861760 25214 0.0246082 0.000720006
131 11.2555 16.3591 0.238827 0 16.3591 11.7859 2.43068e+10 2.93709e+09 1.02053e+10 6.85083e+08 54619.1 432408 3.64936e+08 0.0694394 1.27473e+12 0 0 963593 23561.1 0.025095 0.000613606
132 11.7859 14.2987 0.172551 0 14.2987 12.3414 2.59362e+10 2.94436e+09 1.08073e+10 7.3662e+08 50734.7 433046 3.71687e+08 0.0748882 1.40035e+12 0 0 1.07488e+06 21951.6 0.02553 0.000521387
133 12.3414 12.1265 0.123103 0 12.1265 12.923 2.76536e+10 2.95004e+09 1.13671e+10 7.91544e+08 47091.9 433473 3.78284e+08 0.0807766 1.80098e+12 0 0 1.1944e+06 20393.8 0.0258729 0.000441766
134 12.923 10.5739 0.0937331 0 10.5739 13.5321 2.94618e+10 2.95478e+09 1.19023e+10 8.50035e+08 43678.5 433687 3.84716e+08 0.087141 0 0 0 1.38094e+06 18287.3 0.0272815 0.00036128
135 13.5321 8.88702 0.0589709 0 8.88702 14.1698 3.13636e+10 2.95806e+09 1.23956e+10 9.12277e+08 40482.8 433688 3.90969e+08 0.0940203 0 0 0 1.5812e+06 16188.1 0.0284892 0.000291668
136 14.1698 7.3315 0.0386202 0 7.3315 14.8376 3.33618e+10 2.96041e+09 1.28417e+10 9.78464e+08 37493.4 433478 3.97033e+08 0.101458 0 0 0 1.81172e+06 13921.3 0.0297705 0.000228757
137 14.8376 5.92596 0.0242611 0 5.92596 15.5369 3.5459e+10 2.96203e+09 1.32372e+10 1.04879e+09 34699.4 433057 4.02897e+08 0.109499 7.6957e+10 0 0 2.06753e+06 11524.6 0.0309846 0.00017271
138 15.5369 4.55236 0.0138204 0 4.55236 16.2691 3.76578e+10 2.96304e+09 1.35702e+10 1.12347e+09 32090.3 432427 4.0855e+08 0.118195 5.95551e+11 0 0 2.27497e+06 9628.69 0.0310934 0.000131601
139 16.2691 3.72038 0.010651 0 3.72038 17.0358 3.99607e+10 2.96389e+09 1.38687e+10 1.20271e+09 29655.9 431590 4.13984e+08 0.127601 0 0 0 2.66183e+06 6248.98 0.0331798 7.78937e-05
140 17.0358 2.98792 0.00204776 0 2.98792 17.8387 4.237e+10 2.96407e+09 1.41315e+10 1.28672e+09 27386.7 430550 4.1919e+08 0.137774 2.06558e+11 0 0 3.06245e+06 2848.64 0.0348147 3.2384e-05
141 17.8387 2.3374 0.000739837 0 2.3374 18.6794 4.4888e+10 2.96414e+09 1.4357e+10 1.37574e+09 25273.1 429308 4.2416e+08 0.14878 0 0 0 3.40853e+06 0 0.0353395 0
142 18.6794 1.62747 0 0 1.62747 19.5598 4.75169e+10 2.96414e+09 1.45291e+10 1.46999e+09 23306.2 427870 4.28887e+08 0.160687 0 0 0 3.41649e+06 0 0.0323053 0
143 19.5598 1.11599 0 0 1.11599 20.4816 5.02585e+10 2.96414e+09 1.46585e+10 1.56971e+09 21477.5 426239 4.33366e+08 0.173572 0 0 0 3.42013e+06 0 0.0294942 0
144 20.4816 0.753126 0 0 0.753126 21.4469 5.31149e+10 2.96414e+09 1.47543e+10 1.67516e+09 19778.7 424420 4.37592e+08 0.187515 0 0 0 3.41889e+06 0 0.0268893 0
145 21.4469 0.499822 0 0 0.499822 22.4576 5.60875e+10 2.96414e+09 1.4824e+10 1.78657e+09 18202 422418 4.4156e+08 0.202606 0 0 0 3.41269e+06 0 0.0244788 0
146 22.4576 0.325962 0 0 0.325962 23.516 5.9178e+10 2.96414e+09 1.48738e+10 1.90421e+09 16739.8 420240 4.45269e+08 0.218941 0 0 0 3.40128e+06 0 0.0222503 0
147 23.516 0.208722 0 0 0.208722 24.6243 6.23878e+10 2.96414e+09 1.49088e+10 2.02835e+09 15385.1 417892 4.48716e+08 0.236622 0 0 0 3.38376e+06 0 0.020188 0
148 24.6243 0.131114 0 0 0.131114 25.7848 6.5718e+10 2.96414e+09 1.49329e+10 2.15927e+09 14131 415380 4.51901e+08 0.255765 0 0 0 3.35965e+06 0 0.0182805 0
149 25.7848 0.0807281 0 0 0.0807281 27 6.91696e+10 2.96414e+09 1.49491e+10 2.29724e+09 12971 412710 4.54824e+08 0.276491 0 0 0 3.32816e+06 0 0.0165157 0
150 27 0.048673 0 0 0.048673 28.2725 7.27436e+10 2.96414e+09 1.49599e+10 2.44256e+09 11898.9 409892 4.57488e+08 0.298933 0 0 0 3.28774e+06 0 0.0148796 0
151 28.2725 0.0287088 0 0 0.0287088 29.6049 7.64405e+10 2.96414e+09 1.49668e+10 2.59552e+09 10909 406931 4.59893e+08 0.323235 0 0 0 3.23522e+06 0 0.0133536 0
152 29.6049 0.0165485 0 0 0.0165485 31.0001 8.02608e+10 2.96414e+09 1.49712e+10 2.75645e+09 9995.69 403837 4.60378e+08 0.349554 0 0 0 3.16178e+06 0 0.0119021 0
153 31.0001 0.00931226 0 0 0.00931226 32.4611 8.42049e+10 2.96414e+09 1.49739e+10 2.92566e+09 9153.73 400617 4.47566e+08 0.378056 0 0 0 3.07066e+06 0 0.0105421 0
154 32.4611 0.00510993 0 0 0.00510993 33.991 8.82729e+10 2.96414e+09 1.49756e+10 3.10347e+09 8378.17 397280 4.29551e+08 0.413952 0 0 0 2.97883e+06 0 0.00932695 0
155 33.991 0.00273103 0 0 0.00273103 35.5929 9.24647e+10 2.96414e+09 1.49765e+10 3.29023e+09 7664.35 393835 4.19983e+08 0.444692 0 0 0 2.88772e+06 0 0.00824611 0
156 35.5929 0.00141989 0 0 0.00141989 37.2704 9.67802e+10 2.96414e+09 1.49771e+10 3.4863e+09 7007.87 390290 4.10491e+08 0.477636 0 0 0 2.79913e+06 0 0.0072898 0
157 37.2704 0.000717197 0 0 0.000717197 39.0269 1.01219e+11 2.96414e+09 1.49774e+10 3.69203e+09 6404.57 386655 4.01089e+08 0.512938 0 0 0 2.71343e+06 0 0.00644484 0
158 39.0269 0.000351471 0 0 0.000351471 40.8662 1.0578e+11 2.96414e+09 1.49775e+10 3.90781e+09 5850.58 382939 3.91784e+08 0.550766 0 0 0 2.63103e+06 0 0.00569926 0
159 40.8662 0.000166876 0 0 0.000166876 42.7921 1.10464e+11 2.96414e+09 1.49776e+10 4.13404e+09 5342.22 379151 3.82586e+08 0.5913 0 0 0 2.5516e+06 0 0.00504087 0
160 42.7921 7.66485e-05 0 0 7.66485e-05 44.8088 1.15268e+11 2.96414e+09 1.49777e+10 4.37111e+09 4876.09 375300 3.73504e+08 0.634735 0 0 0 2.47579e+06 0 0.00446074 0
161 44.8088 3.40053e-05 0 0 3.40053e-05 46.9206 1.20193e+11 2.96414e+09 1.49777e+10 4.61947e+09 4448.97 371396 3.64548e+08 0.681271 0 0 0 2.40294e+06 0 0.00394854 0
162 46.9206 1.45484e-05 0 0 1.45484e-05 49.1319 1.25236e+11 2.96414e+09 1.49777e+10 4.87955e+09 4057.85 367447 3.55723e+08 0.731139 0 0 0 2.33707e+06 0 0.00350239 0
163 49.1319 5.99197e-06 0 0 5.99197e-06 51.4474 1.30397e+11 2.96414e+09 1.49777e+10 5.15183e+09 3699.95 363464 3.4704e+08 0.784572 0 0 0 2.27781e+06 0 0.00311323 0
164 51.4474 2.37155e-06 0 0 2.37155e-06 53.8721 1.35675e+11 2.96414e+09 1.49777e+10 5.43679e+09 3372.65 359455 3.38503e+08 0.841831 0 0 0 2.21898e+06 0 0.00276597 0
165 53.8721 9.00314e-07 0 0 9.00314e-07 56.411 1.41067e+11 2.96414e+09 1.49777e+10 5.73495e+09 3073.52 355430 3.3012e+08 0.903191 0 0 0 2.16063e+06 0 0.00245626 0
166 56.411 3.27192e-07 0 0 3.27192e-07 59.0696 1.46572e+11 2.96414e+09 1.49777e+10 6.04686e+09 2800.29 351398 3.34172e+08 0.93336 0 0 0 2.10826e+06 0 0.00218583 0
167 59.0696 1.13597e-07 0 0 1.13597e-07 61.8534 1.52189e+11 2.96414e+09 1.49777e+10 6.37307e+09 2550.87 347368 3.29588e+08 0.989767 0 0 0 2.05925e+06 0 0.00194716 0
168 61.8534 3.75972e-08 0 0 3.75972e-08 64.7685 1.57915e+11 2.96414e+09 1.49777e+10 6.7142e+09 2323.31 343348 3.25065e+08 1.04943 0 0 0 2.01241e+06 0 0.00173544 0
169 64.7685 1.18356e-08 0 0 1.18356e-08 67.8209 1.63749e+11 2.96414e+09 1.49777e+10 7.07089e+09 2115.79 339348 3.20605e+08 1.11254 0 0 0 1.96775e+06 0 0.00154762 0
170 67.8209 3.5355e-09 0 0 3.5355e-09 71.0172 1.69688e+11 2.96414e+09 1.49777e+10 7.44381e+09 1926.64 335375 3.16206e+08 1.17936 0 0 0 1.92422e+06 0 0.00138022 0
171 71.0172 9.99686e-10 0 0 9.99686e-10 74.3642 1.75731e+11 2.96414e+09 1.49777e+10 7.83368e+09 1754.32 331439 3.11868e+08 1.25013 0 0 0 1.8821e+06 0 0.00123122 0
172 74.3642 2.66875e-10 0 0 2.66875e-10 77.8689 1.81876e+11 2.96414e+09 1.49777e+10 8.24128e+09 1597.41 327547 3.07589e+08 1.32513 0 0 0 1.84235e+06 0 0.00109917 0
173 77.8689 6.70826e-11 0 0 6.70826e-11 81.5387 1.88119e+11 2.96414e+09 1.49777e+10 8.66742e+09 1454.57 323708 3.03369e+08 1.40469 0 0 0 1.80284e+06 0 0.000980957 0
174 81.5387 1.58321e-11 0 0 1.58321e-11 85.3815 1.9446e+11 2.96414e+09 1.49777e+10 9.11297e+09 1324.6 319929 2.99206e+08 1.48912 0 0 0 1.75562e+06 0 0.000871211 0
175 85.3815 3.4979e-12 0 0 3.4979e-12 89.4054 2.00896e+11 2.96414e+09 1.49777e+10 9.57888e+09 1206.38 316218 2.99239e+08 1.55698 0 0 0 1.70512e+06 0 0.000771701 0
176 89.4054 7.21216e-13 0 0 7.21216e-13 93.6189 2.07424e+11 2.96414e+09 1.49777e+10 1.00661e+10 1098.88 312583 3.00646e+08 1.62073 0 0 0 1.6537e+06 0 0.000682577 0
177 93.6189 1.38325e-13 0 0 1.38325e-13 98.0311 2.14043e+11 2.96414e+09 1.49777e+10 1.05759e+10 1001.16 309029 3.01994e+08 1.6878 0 0 0 1.60017e+06 0 0.000602364 0
178 98.0311 2.45945e-14 0 0 2.45945e-14 102.651 2.2075e+11 2.96414e+09 1.49777e+10 1.11092e+10 912.349 305566 3.03271e+08 1.75851 0 0 0 1.54698e+06 0 0.000531104 0
179 102.651 4.03946e-15 0 0 4.03946e-15 107.489 2.27542e+11 2.96414e+09 1.49777e+10 1.16673e+10 831.652 302198 3.04461e+08 1.83327 0 0 0 1.48572e+06 0 0.000465191 0
180 107.489 6.10572e-16 0 0 6.10572e-16 112.555 2.34418e+11 2.96414e+09 1.49777e+10 1.22517e+10 758.343 298933 3.05547e+08 1.91251 0 0 0 1.42352e+06 0 0.000406496 0
181 112.555 8.46021e-17 0 0 8.46021e-17 117.859 2.41375e+11 2.96414e+09 1.49777e+10 1.28637e+10 691.755 295778 3.06516e+08 1.99671 0 0 0 1.34867e+06 0 0.000351236 0
182 117.859 1.07023e-17 0 0 1.07023e-17 123.414 2.4841e+11 2.96414e+09 1.49777e+10 1.3505e+10 631.279 292737 3.07349e+08 2.08643 0 0 0 1.27094e+06 0 0.00030187 0
183 123.414 1.23073e-18 0 0 1.23073e-18 129.23 2.55522e+11 2.96414e+09 1.49777e+10 1.41772e+10 576.358 289818 3.08032e+08 2.18229 0 0 0 1.18387e+06 0 0.000256447 0
184 129.23 1.28081e-19 0 0 1.28081e-19 135.321 2.62708e+11 2.96414e+09 1.49777e+10 1.48822e+10 526.484 287026 3.08549e+08 2.28495 0 0 0 1.08531e+06 0 0.00021441 0
185 135.321 1.20062e-20 0 0 1.20062e-20 141.698 2.69967e+11 2.96414e+09 1.49777e+10 1.5622e+10 481.193 284366 3.08883e+08 2.39519 0 0 0 957801 0 0.000172571 0
186 141.698 1.00875e-21 0 0 1.00875e-21 148.376 2.77295e+11 2.96414e+09 1.49777e+10 1.63989e+10 440.064 281843 3.09019e+08 2.51389 0 0 0 820626 0 0.000134846 0
187 148.376 7.55758e-23 0 0 7.55758e-23 155.369 2.8469e+11 2.96414e+09 1.49777e+10 1.72151e+10 402.71 279464 3.19248e+08 2.5567 0 0 0 665572 0 9.97444e-05 0
188 155.369 5.02175e-24 0 0 5.02175e-24 162.691 2.92151e+11 2.96414e+09 1.49777e+10 1.80733e+10 368.782 277232 3.20471e+08 2.67791 0 0 0 487387 0 6.66143e-05 0
189 162.691 2.9427e-25 0 0 2.9427e-25 170.358 2.99675e+11 2.96414e+09 1.49777e+10 1.89763e+10 337.961 275153 3.21351e+08 2.80997 0 0 0 284621 0 3.5478e-05 0
190 170.358 1.51176e-26 0 0 1.51176e-26 178.387 3.0726e+11 2.96414e+09 1.49777e+10 1.99271e+10 309.957 273232 3.21867e+08 2.9542 0 0 0 23725.7 0 2.6972e-06 0
191 178.387 6.76666e-28 0 0 6.76666e-28 186.794 3.14904e+11 2.96414e+09 1.49777e+10 1.99271e+10 0 0 0 0 0 0 0 0 0 0 0
192 186.794 2.6218e-29 0 0 2.6218e-29 195.598 3.15139e+11 2.96414e+09 1.49777e+10 1.99271e+10 0 0 0 0 0 0 0 0 0 0 0
193 195.598 8.73388e-31 0 0 8.73388e-31 204.816 3.15139e+11 2.96414e+09 1.49777e+10 1.99271e+10 0 0 0 0 0 0 0 0 0 0 0
194 204.816 2.48373e-32 0 0 2.48373e-32 214.469 3.15139e+11 2.96414e+09 1.49777e+10 1.99271e+10 0 0 0 0 0 0 0 0 0 0 0
195 214.469 5.98483e-34 0 0 5.98483e-34 224.576 3.15139e+11 2.96414e+09 1.49777e+10 1.99271e+10 0 0 0 0 0 0 0 0 0 0 0
196 224.576 1.21244e-35 0 0 1.21244e-35 235.16 3.15139e+11 2.96414e+09 1.49777e+10 1.99271e+10 0 0 0 0 0 0 0 0 0 0 0
197 235.16 2.04823e-37 0 0 2.04823e-37 246.243 3.15139e+11 2.96414e+09 1.49777e+10 1.99271e+10 0 0 0 0 0 0 0 0 0 0 0
198 246.243 2.86081e-39 0 0 2.86081e-39 257.848 3.15139e+11 2.96414e+09 1.49777e+10 1.99271e+10 0 0 0 0 0 0 0 0 0 0 0
199 257.848 3.27413e-41 0 0 3.27413e-41 270 3.15139e+11 2.96414e+09 1.49777e+10 1.99271e+10 0 0 0 0 0 0 0 0 0 0 0
